# Title:27-mer spectra for: 63
# XLabel:27-mer frequency
# YLabel:# distinct 27-mers
# Kmer value:27
# Input 1:<pipe>
###
0 0
1 5401269638
2 383626421
3 107009230
4 48716289
5 27798299
6 17839717
7 12311801
8 8934051
9 6736113
10 5243660
11 4207746
12 3455541
13 2894201
14 2471561
15 2137081
16 1876242
17 1665687
18 1494972
19 1356848
20 1244429
21 1154237
22 1084310
23 1029473
24 991460
25 965302
26 956731
27 960821
28 979936
29 1007854
30 1040136
31 1079625
32 1128634
33 1176090
34 1227933
35 1270492
36 1309596
37 1340046
38 1364892
39 1377080
40 1380198
41 1372771
42 1360758
43 1337036
44 1310327
45 1282660
46 1255867
47 1233921
48 1226212
49 1220165
50 1233332
51 1258789
52 1308338
53 1374908
54 1466743
55 1583500
56 1726334
57 1894396
58 2088726
59 2314888
60 2561353
61 2845129
62 3143361
63 3469839
64 3825951
65 4190561
66 4574249
67 4961843
68 5364140
69 5764470
70 6149646
71 6538140
72 6893115
73 7230831
74 7539395
75 7805322
76 8031228
77 8212554
78 8347279
79 8431635
80 8455672
81 8429655
82 8355849
83 8238087
84 8065406
85 7848519
86 7602613
87 7311994
88 6985191
89 6642061
90 6288264
91 5915951
92 5526255
93 5142630
94 4751403
95 4380490
96 4014819
97 3657468
98 3320896
99 3001254
100 2701317
101 2422761
102 2165889
103 1930343
104 1711378
105 1521305
106 1350462
107 1195791
108 1060032
109 941739
110 838634
111 749853
112 674038
113 610904
114 558854
115 515371
116 479442
117 450856
118 427925
119 410879
120 400447
121 393004
122 389001
123 388539
124 391447
125 398071
126 405822
127 415449
128 427598
129 439631
130 455415
131 470339
132 487611
133 507277
134 527243
135 549478
136 570579
137 593327
138 616244
139 637934
140 663861
141 686046
142 709926
143 733912
144 757828
145 784989
146 807609
147 829541
148 850813
149 874053
150 892619
151 910128
152 929902
153 946221
154 958957
155 974984
156 984696
157 990575
158 998326
159 1002990
160 1004474
161 1004016
162 1001082
163 995629
164 987504
165 975837
166 965869
167 953596
168 939005
169 920476
170 901009
171 882934
172 859319
173 834631
174 811689
175 784718
176 760169
177 732573
178 708344
179 679356
180 651090
181 625001
182 596147
183 569907
184 544379
185 518497
186 493586
187 468401
188 443556
189 421101
190 399261
191 378566
192 358216
193 340097
194 321558
195 304368
196 287773
197 273284
198 259017
199 245432
200 234302
201 223832
202 214211
203 204268
204 196959
205 188784
206 182530
207 177099
208 170557
209 166685
210 161255
211 156725
212 153628
213 151029
214 149178
215 146386
216 145119
217 143056
218 141828
219 141588
220 141013
221 140576
222 139667
223 139867
224 139911
225 138620
226 138470
227 139361
228 137990
229 139625
230 138694
231 139112
232 139074
233 138705
234 139666
235 139885
236 139560
237 139449
238 139238
239 138825
240 139271
241 138996
242 138070
243 137607
244 137313
245 136217
246 136014
247 135259
248 134307
249 133538
250 132644
251 131348
252 130921
253 129493
254 128947
255 126690
256 125942
257 125137
258 123412
259 122508
260 121263
261 118576
262 117498
263 116446
264 114525
265 113062
266 111300
267 110198
268 108365
269 107106
270 104574
271 103379
272 102242
273 100830
274 99684
275 97800
276 96254
277 94970
278 93381
279 91846
280 91322
281 89652
282 88183
283 87225
284 86233
285 85179
286 83502
287 82534
288 81806
289 81444
290 80093
291 79170
292 78131
293 77564
294 77723
295 76393
296 75641
297 75613
298 75218
299 74261
300 73927
301 73886
302 72996
303 72512
304 72320
305 71754
306 70984
307 69994
308 70768
309 69623
310 69327
311 69488
312 69320
313 69464
314 68603
315 68789
316 68455
317 68487
318 67840
319 66902
320 67075
321 66617
322 66371
323 66311
324 66147
325 65686
326 65427
327 65125
328 64459
329 64042
330 63600
331 63964
332 63158
333 63479
334 62493
335 62553
336 61899
337 61130
338 61035
339 60295
340 60033
341 59793
342 59318
343 59180
344 58238
345 58210
346 57521
347 56662
348 57016
349 56043
350 55744
351 55024
352 54433
353 54483
354 53885
355 53457
356 52493
357 52394
358 52093
359 51610
360 51041
361 50418
362 49954
363 49642
364 48915
365 49066
366 48078
367 47525
368 47158
369 47095
370 46023
371 46113
372 45348
373 45300
374 44522
375 44769
376 44420
377 43728
378 43797
379 43636
380 43110
381 42930
382 42583
383 42426
384 41783
385 41834
386 41371
387 41738
388 40909
389 40804
390 40205
391 39927
392 39787
393 39404
394 39314
395 39060
396 38633
397 38547
398 38614
399 38534
400 38070
401 37726
402 37433
403 37596
404 37395
405 37766
406 37258
407 36874
408 36986
409 36741
410 36466
411 35981
412 35968
413 35928
414 35749
415 35598
416 35805
417 35336
418 34761
419 34837
420 34923
421 34516
422 34314
423 34616
424 34139
425 33910
426 33923
427 33561
428 33392
429 33163
430 33233
431 32866
432 32812
433 32901
434 32609
435 32160
436 31903
437 31632
438 31793
439 31602
440 31613
441 31024
442 31286
443 31234
444 30469
445 30837
446 30233
447 30211
448 29994
449 30069
450 29638
451 29160
452 29740
453 29197
454 29328
455 28853
456 28602
457 28610
458 28400
459 28243
460 28308
461 28089
462 28084
463 27668
464 27674
465 27705
466 27701
467 27489
468 27336
469 27365
470 26785
471 26801
472 26349
473 26754
474 26565
475 26131
476 26319
477 26039
478 26250
479 25744
480 25518
481 25835
482 25962
483 25838
484 25293
485 24934
486 25030
487 24877
488 25233
489 24965
490 25015
491 25063
492 24484
493 24358
494 24295
495 24381
496 24168
497 24094
498 24119
499 23815
500 23745
501 23576
502 23571
503 23360
504 23410
505 23141
506 22850
507 23157
508 22719
509 22708
510 22951
511 23042
512 22596
513 22440
514 22381
515 22437
516 22058
517 22138
518 21834
519 21638
520 21670
521 21530
522 21601
523 21268
524 21262
525 21154
526 21341
527 21062
528 21009
529 20985
530 20711
531 20851
532 20858
533 20918
534 20448
535 20583
536 19991
537 20324
538 20115
539 20181
540 20040
541 20086
542 19874
543 19649
544 19737
545 19511
546 19737
547 19453
548 19470
549 19061
550 19193
551 19252
552 19183
553 19073
554 18921
555 19005
556 18889
557 18586
558 18640
559 18529
560 18632
561 18362
562 18190
563 18093
564 18248
565 18016
566 17934
567 17585
568 17669
569 17875
570 17381
571 17600
572 17324
573 17233
574 17360
575 17152
576 17074
577 16968
578 17070
579 16955
580 16924
581 16870
582 16929
583 16798
584 16728
585 16727
586 16490
587 16587
588 16751
589 16643
590 16558
591 16673
592 16663
593 16322
594 16233
595 16152
596 16098
597 15958
598 15919
599 15941
600 16017
601 15953
602 15787
603 15617
604 15664
605 15695
606 15685
607 15306
608 15575
609 15453
610 15346
611 15258
612 15324
613 15312
614 15357
615 14959
616 15162
617 14928
618 15024
619 15052
620 14997
621 14693
622 14837
623 14620
624 14797
625 14525
626 14554
627 14792
628 14612
629 14626
630 14494
631 14688
632 14596
633 14277
634 14460
635 14318
636 14305
637 14264
638 14059
639 14237
640 14209
641 14188
642 13952
643 14010
644 14132
645 13997
646 13952
647 13980
648 13852
649 13746
650 13732
651 13594
652 13625
653 13185
654 13488
655 13398
656 13520
657 13375
658 13404
659 13289
660 13321
661 13125
662 12970
663 13115
664 13036
665 12969
666 12901
667 12902
668 13032
669 12700
670 12756
671 12548
672 12493
673 12224
674 12716
675 12520
676 12720
677 12482
678 12351
679 12357
680 12426
681 12297
682 12063
683 11918
684 11924
685 11946
686 11979
687 11980
688 12048
689 11996
690 11893
691 11775
692 11769
693 11802
694 11855
695 11737
696 11679
697 11750
698 11700
699 11650
700 11519
701 11637
702 11503
703 11527
704 11559
705 11173
706 11445
707 11317
708 11348
709 11235
710 11299
711 11249
712 11184
713 11127
714 10896
715 10998
716 10839
717 10902
718 10859
719 10745
720 10780
721 10801
722 10709
723 10912
724 10597
725 10604
726 10597
727 10518
728 10469
729 10349
730 10217
731 10364
732 10428
733 10413
734 10087
735 10341
736 10267
737 10151
738 10128
739 10109
740 10123
741 9997
742 9992
743 9946
744 10052
745 9958
746 10038
747 10062
748 10060
749 10036
750 9816
751 9937
752 9715
753 9657
754 9679
755 9599
756 9668
757 9678
758 9347
759 9423
760 9443
761 9566
762 9413
763 9377
764 9408
765 9460
766 9425
767 9406
768 9392
769 9313
770 9333
771 9132
772 9289
773 9230
774 9157
775 8964
776 9030
777 9122
778 9090
779 8986
780 9087
781 8867
782 8980
783 8862
784 8836
785 8894
786 8810
787 8673
788 8775
789 8653
790 8622
791 8700
792 8507
793 8602
794 8597
795 8694
796 8506
797 8383
798 8416
799 8528
800 8495
801 8341
802 8474
803 8420
804 8293
805 8349
806 8285
807 8258
808 8356
809 8084
810 8478
811 8060
812 8009
813 8142
814 8116
815 8052
816 8102
817 8083
818 7870
819 7987
820 7945
821 7936
822 7840
823 7880
824 7780
825 7865
826 7867
827 7864
828 7898
829 7563
830 7731
831 7907
832 7800
833 7778
834 7691
835 7724
836 7693
837 7689
838 7543
839 7580
840 7550
841 7457
842 7509
843 7534
844 7439
845 7462
846 7457
847 7437
848 7345
849 7323
850 7382
851 7395
852 7446
853 7137
854 7172
855 7230
856 7375
857 7200
858 7268
859 7383
860 7407
861 7201
862 7232
863 7306
864 7296
865 7038
866 7200
867 7083
868 7185
869 7086
870 7014
871 7114
872 7007
873 6941
874 7019
875 6930
876 6847
877 6776
878 6909
879 6972
880 6915
881 6727
882 6654
883 6755
884 6726
885 6832
886 6886
887 6637
888 6715
889 6641
890 6665
891 6733
892 6748
893 6588
894 6624
895 6546
896 6666
897 6516
898 6461
899 6383
900 6490
901 6442
902 6415
903 6316
904 6550
905 6359
906 6258
907 6439
908 6497
909 6243
910 6488
911 6285
912 6270
913 6478
914 6249
915 6408
916 6318
917 6222
918 6141
919 6326
920 6190
921 6190
922 6208
923 6057
924 6056
925 6117
926 6054
927 6107
928 5965
929 6025
930 6019
931 5870
932 5967
933 5924
934 5917
935 5896
936 5942
937 5832
938 5945
939 5845
940 5980
941 5963
942 5867
943 5847
944 5836
945 5806
946 5814
947 5854
948 5747
949 5654
950 5835
951 5857
952 5770
953 5665
954 5685
955 5753
956 5802
957 5642
958 5668
959 5653
960 5641
961 5678
962 5624
963 5564
964 5577
965 5377
966 5567
967 5539
968 5598
969 5506
970 5735
971 5623
972 5424
973 5591
974 5347
975 5620
976 5513
977 5525
978 5416
979 5463
980 5463
981 5346
982 5321
983 5400
984 5425
985 5339
986 5547
987 5420
988 5431
989 5255
990 5315
991 5313
992 5194
993 5210
994 5451
995 5172
996 5280
997 5236
998 5220
999 5250
1000 5284
1001 5096
1002 5220
1003 5282
1004 5257
1005 5153
1006 5219
1007 5157
1008 5196
1009 5200
1010 5197
1011 5108
1012 5003
1013 5089
1014 5076
1015 5084
1016 4980
1017 5044
1018 4992
1019 4912
1020 4986
1021 4940
1022 5010
1023 5046
1024 4913
1025 4845
1026 4930
1027 4970
1028 5068
1029 4820
1030 4988
1031 4869
1032 4717
1033 4762
1034 4740
1035 4928
1036 4835
1037 4716
1038 4915
1039 4754
1040 4653
1041 4912
1042 4723
1043 4685
1044 4718
1045 4741
1046 4641
1047 4703
1048 4687
1049 4671
1050 4628
1051 4596
1052 4439
1053 4606
1054 4682
1055 4505
1056 4686
1057 4559
1058 4747
1059 4655
1060 4497
1061 4609
1062 4493
1063 4493
1064 4615
1065 4628
1066 4545
1067 4462
1068 4472
1069 4402
1070 4482
1071 4667
1072 4622
1073 4460
1074 4479
1075 4474
1076 4498
1077 4492
1078 4513
1079 4491
1080 4422
1081 4427
1082 4335
1083 4408
1084 4270
1085 4375
1086 4499
1087 4409
1088 4253
1089 4334
1090 4251
1091 4320
1092 4333
1093 4357
1094 4391
1095 4265
1096 4298
1097 4363
1098 4212
1099 4390
1100 4291
1101 4315
1102 4311
1103 4288
1104 4356
1105 4231
1106 4229
1107 4236
1108 4144
1109 4289
1110 4238
1111 4285
1112 4087
1113 4181
1114 4105
1115 4078
1116 4117
1117 4099
1118 4078
1119 4057
1120 4071
1121 4083
1122 3981
1123 4104
1124 3983
1125 4075
1126 4055
1127 4054
1128 4055
1129 4152
1130 4015
1131 3956
1132 4031
1133 3990
1134 3931
1135 4041
1136 3970
1137 4077
1138 3936
1139 4043
1140 3974
1141 3836
1142 3923
1143 4017
1144 3891
1145 3939
1146 3868
1147 3905
1148 3873
1149 3912
1150 3859
1151 3715
1152 3891
1153 3803
1154 3820
1155 3837
1156 3781
1157 3758
1158 3774
1159 3718
1160 3743
1161 3773
1162 3724
1163 3661
1164 3675
1165 3649
1166 3693
1167 3684
1168 3699
1169 3669
1170 3656
1171 3733
1172 3641
1173 3627
1174 3704
1175 3695
1176 3728
1177 3774
1178 3683
1179 3432
1180 3570
1181 3616
1182 3687
1183 3590
1184 3629
1185 3562
1186 3568
1187 3536
1188 3596
1189 3647
1190 3637
1191 3601
1192 3648
1193 3639
1194 3616
1195 3791
1196 3606
1197 3535
1198 3601
1199 3641
1200 3693
1201 3445
1202 3526
1203 3597
1204 3520
1205 3472
1206 3465
1207 3486
1208 3613
1209 3439
1210 3480
1211 3478
1212 3599
1213 3503
1214 3469
1215 3528
1216 3447
1217 3427
1218 3540
1219 3336
1220 3315
1221 3374
1222 3373
1223 3408
1224 3447
1225 3312
1226 3341
1227 3326
1228 3291
1229 3451
1230 3351
1231 3217
1232 3299
1233 3469
1234 3462
1235 3280
1236 3369
1237 3295
1238 3301
1239 3412
1240 3327
1241 3392
1242 3216
1243 3288
1244 3296
1245 3302
1246 3301
1247 3313
1248 3296
1249 3215
1250 3312
1251 3252
1252 3337
1253 3221
1254 3189
1255 3207
1256 3214
1257 3226
1258 3146
1259 3241
1260 3109
1261 3215
1262 3209
1263 3134
1264 3095
1265 3135
1266 3144
1267 3195
1268 3203
1269 3122
1270 3145
1271 3272
1272 3111
1273 3170
1274 3328
1275 3119
1276 3101
1277 3181
1278 3032
1279 3169
1280 3139
1281 3036
1282 3008
1283 3165
1284 3017
1285 3094
1286 3022
1287 3030
1288 3161
1289 3071
1290 3054
1291 3154
1292 3032
1293 2967
1294 2955
1295 3004
1296 3068
1297 2989
1298 2924
1299 3056
1300 2905
1301 2955
1302 2979
1303 2989
1304 2944
1305 2957
1306 2967
1307 3001
1308 3037
1309 2917
1310 3019
1311 2957
1312 2972
1313 2999
1314 2814
1315 2928
1316 2900
1317 2963
1318 2881
1319 2958
1320 2859
1321 2935
1322 3007
1323 2885
1324 2975
1325 2888
1326 2901
1327 2985
1328 3043
1329 2907
1330 2993
1331 2935
1332 2957
1333 2897
1334 2942
1335 2903
1336 2843
1337 2956
1338 2983
1339 2901
1340 2908
1341 2789
1342 2835
1343 3000
1344 2851
1345 2880
1346 2927
1347 2833
1348 2845
1349 2829
1350 2896
1351 2799
1352 2832
1353 2863
1354 2876
1355 2865
1356 2914
1357 2770
1358 2793
1359 2860
1360 2812
1361 2758
1362 2799
1363 2739
1364 2728
1365 2764
1366 2788
1367 2777
1368 2700
1369 2726
1370 2759
1371 2770
1372 2766
1373 2758
1374 2719
1375 2664
1376 2653
1377 2704
1378 2695
1379 2660
1380 2716
1381 2716
1382 2697
1383 2593
1384 2697
1385 2643
1386 2686
1387 2725
1388 2547
1389 2661
1390 2757
1391 2574
1392 2692
1393 2699
1394 2679
1395 2651
1396 2703
1397 2710
1398 2666
1399 2692
1400 2634
1401 2787
1402 2653
1403 2757
1404 2679
1405 2697
1406 2677
1407 2672
1408 2664
1409 2600
1410 2716
1411 2653
1412 2743
1413 2587
1414 2697
1415 2566
1416 2597
1417 2690
1418 2601
1419 2560
1420 2527
1421 2645
1422 2668
1423 2629
1424 2626
1425 2589
1426 2696
1427 2651
1428 2638
1429 2623
1430 2550
1431 2549
1432 2415
1433 2624
1434 2614
1435 2524
1436 2462
1437 2447
1438 2455
1439 2450
1440 2568
1441 2480
1442 2493
1443 2592
1444 2530
1445 2578
1446 2473
1447 2378
1448 2511
1449 2444
1450 2476
1451 2512
1452 2472
1453 2507
1454 2453
1455 2486
1456 2394
1457 2369
1458 2342
1459 2461
1460 2394
1461 2384
1462 2476
1463 2351
1464 2357
1465 2401
1466 2404
1467 2388
1468 2449
1469 2355
1470 2419
1471 2317
1472 2453
1473 2398
1474 2356
1475 2384
1476 2390
1477 2464
1478 2300
1479 2370
1480 2409
1481 2281
1482 2418
1483 2336
1484 2341
1485 2410
1486 2240
1487 2361
1488 2282
1489 2397
1490 2252
1491 2346
1492 2311
1493 2202
1494 2259
1495 2295
1496 2395
1497 2336
1498 2401
1499 2370
1500 2330
1501 2289
1502 2269
1503 2212
1504 2193
1505 2354
1506 2236
1507 2318
1508 2253
1509 2243
1510 2305
1511 2235
1512 2300
1513 2398
1514 2290
1515 2290
1516 2374
1517 2232
1518 2259
1519 2241
1520 2288
1521 2259
1522 2265
1523 2321
1524 2282
1525 2332
1526 2333
1527 2301
1528 2303
1529 2234
1530 2196
1531 2324
1532 2187
1533 2304
1534 2213
1535 2191
1536 2214
1537 2241
1538 2158
1539 2235
1540 2194
1541 2249
1542 2164
1543 2148
1544 2184
1545 2245
1546 2202
1547 2192
1548 2177
1549 2070
1550 2188
1551 2105
1552 2155
1553 2200
1554 2215
1555 2107
1556 2193
1557 2166
1558 2214
1559 2147
1560 2137
1561 2187
1562 2094
1563 2053
1564 2113
1565 2138
1566 2213
1567 2184
1568 2152
1569 2166
1570 2066
1571 2062
1572 2175
1573 2092
1574 2134
1575 2207
1576 2108
1577 2135
1578 2047
1579 2090
1580 2102
1581 2044
1582 2057
1583 2116
1584 2052
1585 2059
1586 2062
1587 2090
1588 2051
1589 2087
1590 2033
1591 2063
1592 2122
1593 2064
1594 2072
1595 2030
1596 2099
1597 2039
1598 2087
1599 2054
1600 2002
1601 2079
1602 2040
1603 2083
1604 2093
1605 1999
1606 2111
1607 2037
1608 2013
1609 2165
1610 1972
1611 2072
1612 2002
1613 2033
1614 1962
1615 2008
1616 1999
1617 2070
1618 2014
1619 1985
1620 2029
1621 1994
1622 1935
1623 2073
1624 2020
1625 1966
1626 1966
1627 2022
1628 1943
1629 2006
1630 1916
1631 1958
1632 1979
1633 1885
1634 1941
1635 1932
1636 2024
1637 1871
1638 1941
1639 1997
1640 1909
1641 1913
1642 1930
1643 1917
1644 1850
1645 1865
1646 1851
1647 1957
1648 1895
1649 1919
1650 1918
1651 1848
1652 1877
1653 1930
1654 1863
1655 1928
1656 1888
1657 1852
1658 1894
1659 1894
1660 1877
1661 1895
1662 1897
1663 1742
1664 1908
1665 1849
1666 1858
1667 1825
1668 1894
1669 1806
1670 1923
1671 1780
1672 1883
1673 1818
1674 1849
1675 1819
1676 1805
1677 1860
1678 1795
1679 1831
1680 1881
1681 1864
1682 1831
1683 1853
1684 1859
1685 1821
1686 1784
1687 1836
1688 1782
1689 1841
1690 1806
1691 1862
1692 1806
1693 1793
1694 1855
1695 1849
1696 1850
1697 1813
1698 1869
1699 1727
1700 1792
1701 1800
1702 1818
1703 1820
1704 1718
1705 1797
1706 1760
1707 1830
1708 1705
1709 1792
1710 1760
1711 1732
1712 1833
1713 1765
1714 1758
1715 1768
1716 1767
1717 1738
1718 1752
1719 1727
1720 1756
1721 1802
1722 1730
1723 1744
1724 1751
1725 1690
1726 1768
1727 1671
1728 1709
1729 1659
1730 1609
1731 1702
1732 1679
1733 1699
1734 1697
1735 1693
1736 1761
1737 1694
1738 1704
1739 1638
1740 1733
1741 1654
1742 1645
1743 1676
1744 1761
1745 1759
1746 1724
1747 1708
1748 1640
1749 1694
1750 1687
1751 1725
1752 1688
1753 1710
1754 1637
1755 1729
1756 1715
1757 1600
1758 1682
1759 1647
1760 1702
1761 1638
1762 1647
1763 1705
1764 1717
1765 1623
1766 1658
1767 1620
1768 1612
1769 1640
1770 1589
1771 1668
1772 1760
1773 1635
1774 1566
1775 1620
1776 1647
1777 1634
1778 1653
1779 1631
1780 1638
1781 1606
1782 1634
1783 1664
1784 1612
1785 1602
1786 1600
1787 1695
1788 1666
1789 1660
1790 1648
1791 1653
1792 1659
1793 1584
1794 1626
1795 1654
1796 1551
1797 1570
1798 1574
1799 1596
1800 1573
1801 1573
1802 1660
1803 1526
1804 1612
1805 1539
1806 1579
1807 1511
1808 1573
1809 1571
1810 1565
1811 1579
1812 1537
1813 1468
1814 1506
1815 1528
1816 1539
1817 1505
1818 1464
1819 1530
1820 1570
1821 1545
1822 1546
1823 1560
1824 1531
1825 1541
1826 1535
1827 1477
1828 1491
1829 1570
1830 1539
1831 1544
1832 1550
1833 1476
1834 1486
1835 1538
1836 1549
1837 1528
1838 1551
1839 1490
1840 1498
1841 1476
1842 1439
1843 1520
1844 1518
1845 1503
1846 1452
1847 1467
1848 1474
1849 1529
1850 1495
1851 1480
1852 1471
1853 1464
1854 1438
1855 1507
1856 1517
1857 1392
1858 1483
1859 1467
1860 1437
1861 1467
1862 1443
1863 1424
1864 1492
1865 1460
1866 1468
1867 1435
1868 1422
1869 1484
1870 1480
1871 1436
1872 1449
1873 1423
1874 1424
1875 1491
1876 1479
1877 1465
1878 1410
1879 1457
1880 1423
1881 1444
1882 1483
1883 1421
1884 1479
1885 1436
1886 1490
1887 1373
1888 1428
1889 1381
1890 1446
1891 1445
1892 1518
1893 1444
1894 1421
1895 1413
1896 1426
1897 1419
1898 1422
1899 1424
1900 1412
1901 1422
1902 1396
1903 1431
1904 1448
1905 1412
1906 1362
1907 1408
1908 1407
1909 1441
1910 1417
1911 1454
1912 1433
1913 1446
1914 1419
1915 1423
1916 1430
1917 1386
1918 1402
1919 1357
1920 1382
1921 1387
1922 1306
1923 1431
1924 1385
1925 1280
1926 1377
1927 1382
1928 1367
1929 1347
1930 1394
1931 1344
1932 1360
1933 1335
1934 1337
1935 1347
1936 1421
1937 1303
1938 1414
1939 1334
1940 1347
1941 1278
1942 1320
1943 1350
1944 1316
1945 1395
1946 1377
1947 1292
1948 1340
1949 1355
1950 1328
1951 1379
1952 1338
1953 1337
1954 1309
1955 1394
1956 1342
1957 1288
1958 1369
1959 1383
1960 1294
1961 1247
1962 1291
1963 1347
1964 1291
1965 1299
1966 1310
1967 1330
1968 1345
1969 1325
1970 1307
1971 1324
1972 1271
1973 1278
1974 1326
1975 1304
1976 1322
1977 1330
1978 1304
1979 1236
1980 1288
1981 1244
1982 1293
1983 1285
1984 1313
1985 1260
1986 1308
1987 1315
1988 1310
1989 1257
1990 1231
1991 1221
1992 1266
1993 1321
1994 1303
1995 1288
1996 1236
1997 1325
1998 1224
1999 1320
2000 1259
2001 1280
2002 1275
2003 1308
2004 1247
2005 1312
2006 1289
2007 1271
2008 1287
2009 1187
2010 1230
2011 1213
2012 1242
2013 1207
2014 1258
2015 1299
2016 1248
2017 1255
2018 1266
2019 1248
2020 1236
2021 1205
2022 1220
2023 1194
2024 1269
2025 1242
2026 1267
2027 1214
2028 1264
2029 1222
2030 1241
2031 1279
2032 1261
2033 1290
2034 1268
2035 1259
2036 1222
2037 1189
2038 1242
2039 1268
2040 1287
2041 1182
2042 1162
2043 1217
2044 1286
2045 1216
2046 1237
2047 1159
2048 1226
2049 1242
2050 1255
2051 1227
2052 1229
2053 1197
2054 1208
2055 1242
2056 1169
2057 1259
2058 1229
2059 1225
2060 1188
2061 1200
2062 1245
2063 1163
2064 1202
2065 1166
2066 1190
2067 1239
2068 1212
2069 1182
2070 1211
2071 1210
2072 1227
2073 1231
2074 1174
2075 1233
2076 1160
2077 1147
2078 1136
2079 1156
2080 1189
2081 1173
2082 1228
2083 1177
2084 1107
2085 1228
2086 1141
2087 1202
2088 1103
2089 1241
2090 1211
2091 1172
2092 1201
2093 1153
2094 1200
2095 1157
2096 1143
2097 1213
2098 1161
2099 1207
2100 1158
2101 1138
2102 1232
2103 1130
2104 1135
2105 1133
2106 1216
2107 1123
2108 1163
2109 1223
2110 1212
2111 1124
2112 1173
2113 1224
2114 1204
2115 1207
2116 1175
2117 1245
2118 1125
2119 1220
2120 1145
2121 1175
2122 1135
2123 1147
2124 1151
2125 1132
2126 1162
2127 1204
2128 1181
2129 1201
2130 1209
2131 1119
2132 1167
2133 1166
2134 1183
2135 1218
2136 1180
2137 1225
2138 1205
2139 1220
2140 1240
2141 1184
2142 1258
2143 1241
2144 1230
2145 1211
2146 1109
2147 1177
2148 1216
2149 1158
2150 1186
2151 1238
2152 1206
2153 1174
2154 1236
2155 1177
2156 1226
2157 1213
2158 1223
2159 1180
2160 1195
2161 1126
2162 1157
2163 1150
2164 1193
2165 1196
2166 1154
2167 1208
2168 1123
2169 1135
2170 1119
2171 1125
2172 1177
2173 1075
2174 1142
2175 1173
2176 1184
2177 1172
2178 1161
2179 1093
2180 1122
2181 1177
2182 1138
2183 1136
2184 1188
2185 1163
2186 1140
2187 1108
2188 1128
2189 1124
2190 1193
2191 1082
2192 1161
2193 1153
2194 1170
2195 1139
2196 1193
2197 1133
2198 1169
2199 1135
2200 1155
2201 1127
2202 1132
2203 1185
2204 1199
2205 1144
2206 1180
2207 1168
2208 1098
2209 1119
2210 1166
2211 1157
2212 1143
2213 1136
2214 1159
2215 1146
2216 1166
2217 1147
2218 1139
2219 1128
2220 1118
2221 1095
2222 1172
2223 1137
2224 1147
2225 1108
2226 1142
2227 1161
2228 1181
2229 1175
2230 1143
2231 1134
2232 1158
2233 1097
2234 1077
2235 1103
2236 1115
2237 1152
2238 1156
2239 1131
2240 1176
2241 1147
2242 1114
2243 1091
2244 1097
2245 1141
2246 1187
2247 1136
2248 1178
2249 1129
2250 1143
2251 1071
2252 1134
2253 1159
2254 1153
2255 1068
2256 1118
2257 1069
2258 1135
2259 1133
2260 1082
2261 1008
2262 1163
2263 1109
2264 1118
2265 1125
2266 1132
2267 1075
2268 1047
2269 1083
2270 1067
2271 1165
2272 1177
2273 1155
2274 1107
2275 1124
2276 1127
2277 1162
2278 1199
2279 1177
2280 1083
2281 1091
2282 1083
2283 1154
2284 1224
2285 1089
2286 1110
2287 1157
2288 1114
2289 1126
2290 1174
2291 1142
2292 1160
2293 1164
2294 1193
2295 1154
2296 1136
2297 1054
2298 1104
2299 1103
2300 1083
2301 1144
2302 1103
2303 1035
2304 1069
2305 1134
2306 1134
2307 1151
2308 1153
2309 1101
2310 1164
2311 1166
2312 1143
2313 1176
2314 1183
2315 1101
2316 1123
2317 1137
2318 1149
2319 1133
2320 1141
2321 1181
2322 1217
2323 1152
2324 1078
2325 1166
2326 1107
2327 1100
2328 1087
2329 1163
2330 1141
2331 1095
2332 1101
2333 1091
2334 1206
2335 1146
2336 1126
2337 1233
2338 1124
2339 1080
2340 1146
2341 1110
2342 1078
2343 1181
2344 1177
2345 1170
2346 1167
2347 1094
2348 1123
2349 1140
2350 1124
2351 1172
2352 1135
2353 1155
2354 1159
2355 1154
2356 1095
2357 1184
2358 1121
2359 1194
2360 1114
2361 1188
2362 1161
2363 1106
2364 1139
2365 1174
2366 1144
2367 1112
2368 1203
2369 1197
2370 1159
2371 1195
2372 1155
2373 1163
2374 1119
2375 1177
2376 1074
2377 1197
2378 1159
2379 1201
2380 1177
2381 1133
2382 1206
2383 1222
2384 1212
2385 1153
2386 1165
2387 1179
2388 1207
2389 1162
2390 1234
2391 1206
2392 1163
2393 1119
2394 1201
2395 1165
2396 1176
2397 1126
2398 1207
2399 1184
2400 1142
2401 1138
2402 1171
2403 1191
2404 1203
2405 1154
2406 1195
2407 1170
2408 1175
2409 1197
2410 1116
2411 1180
2412 1171
2413 1153
2414 1177
2415 1221
2416 1146
2417 1217
2418 1186
2419 1171
2420 1194
2421 1186
2422 1174
2423 1207
2424 1155
2425 1193
2426 1178
2427 1172
2428 1144
2429 1173
2430 1165
2431 1204
2432 1261
2433 1122
2434 1196
2435 1194
2436 1161
2437 1214
2438 1208
2439 1235
2440 1163
2441 1149
2442 1129
2443 1169
2444 1221
2445 1205
2446 1193
2447 1196
2448 1151
2449 1204
2450 1199
2451 1148
2452 1149
2453 1127
2454 1247
2455 1128
2456 1105
2457 1189
2458 1114
2459 1249
2460 1183
2461 1201
2462 1180
2463 1189
2464 1217
2465 1188
2466 1216
2467 1128
2468 1175
2469 1201
2470 1176
2471 1135
2472 1167
2473 1119
2474 1159
2475 1142
2476 1148
2477 1189
2478 1109
2479 1120
2480 1124
2481 1155
2482 1229
2483 1154
2484 1180
2485 1158
2486 1191
2487 1191
2488 1152
2489 1113
2490 1165
2491 1138
2492 1165
2493 1146
2494 1164
2495 1184
2496 1104
2497 1174
2498 1142
2499 1155
2500 1130
2501 1141
2502 1199
2503 1105
2504 1169
2505 1107
2506 1131
2507 1197
2508 1124
2509 1189
2510 1152
2511 1245
2512 1181
2513 1143
2514 1182
2515 1162
2516 1146
2517 1202
2518 1142
2519 1093
2520 1189
2521 1112
2522 1209
2523 1148
2524 1140
2525 1130
2526 1192
2527 1158
2528 1118
2529 1142
2530 1191
2531 1132
2532 1126
2533 1118
2534 1158
2535 1273
2536 1223
2537 1166
2538 1204
2539 1194
2540 1195
2541 1136
2542 1182
2543 1186
2544 1201
2545 1165
2546 1189
2547 1176
2548 1211
2549 1166
2550 1187
2551 1125
2552 1190
2553 1128
2554 1092
2555 1156
2556 1143
2557 1082
2558 1153
2559 1206
2560 1161
2561 1196
2562 1184
2563 1155
2564 1130
2565 1223
2566 1242
2567 1193
2568 1174
2569 1175
2570 1182
2571 1128
2572 1164
2573 1140
2574 1167
2575 1172
2576 1192
2577 1173
2578 1211
2579 1179
2580 1232
2581 1212
2582 1245
2583 1197
2584 1206
2585 1177
2586 1150
2587 1227
2588 1184
2589 1203
2590 1179
2591 1231
2592 1159
2593 1207
2594 1194
2595 1252
2596 1210
2597 1138
2598 1210
2599 1200
2600 1212
2601 1234
2602 1241
2603 1159
2604 1242
2605 1184
2606 1177
2607 1261
2608 1240
2609 1265
2610 1198
2611 1213
2612 1205
2613 1209
2614 1151
2615 1226
2616 1213
2617 1218
2618 1186
2619 1189
2620 1175
2621 1223
2622 1250
2623 1248
2624 1253
2625 1168
2626 1144
2627 1157
2628 1225
2629 1218
2630 1219
2631 1208
2632 1199
2633 1232
2634 1227
2635 1210
2636 1207
2637 1233
2638 1141
2639 1223
2640 1241
2641 1246
2642 1203
2643 1173
2644 1189
2645 1216
2646 1199
2647 1251
2648 1196
2649 1245
2650 1238
2651 1189
2652 1210
2653 1175
2654 1242
2655 1190
2656 1240
2657 1189
2658 1132
2659 1169
2660 1211
2661 1199
2662 1204
2663 1218
2664 1222
2665 1186
2666 1155
2667 1211
2668 1138
2669 1210
2670 1252
2671 1170
2672 1203
2673 1219
2674 1212
2675 1176
2676 1205
2677 1203
2678 1190
2679 1165
2680 1204
2681 1185
2682 1193
2683 1126
2684 1214
2685 1165
2686 1176
2687 1172
2688 1122
2689 1156
2690 1176
2691 1136
2692 1107
2693 1156
2694 1163
2695 1143
2696 1178
2697 1097
2698 1178
2699 1161
2700 1142
2701 1202
2702 1142
2703 1164
2704 1161
2705 1144
2706 1198
2707 1145
2708 1133
2709 1144
2710 1203
2711 1151
2712 1107
2713 1187
2714 1128
2715 1164
2716 1203
2717 1156
2718 1121
2719 1175
2720 1138
2721 1143
2722 1176
2723 1190
2724 1107
2725 1077
2726 1108
2727 1174
2728 1217
2729 1155
2730 1139
2731 1155
2732 1106
2733 1104
2734 1196
2735 1110
2736 1159
2737 1105
2738 1137
2739 1175
2740 1170
2741 1137
2742 1150
2743 1123
2744 1125
2745 1114
2746 1127
2747 1133
2748 1155
2749 1102
2750 1131
2751 1054
2752 1127
2753 1177
2754 1052
2755 1067
2756 1162
2757 1107
2758 1111
2759 1086
2760 1075
2761 1162
2762 1058
2763 1151
2764 1094
2765 1145
2766 1113
2767 1102
2768 1122
2769 1103
2770 1095
2771 1101
2772 1072
2773 1072
2774 1123
2775 1155
2776 1092
2777 1091
2778 1097
2779 1162
2780 1077
2781 1115
2782 1118
2783 1053
2784 1128
2785 1093
2786 1063
2787 1107
2788 1091
2789 1159
2790 1119
2791 1040
2792 1061
2793 1115
2794 1112
2795 1103
2796 1056
2797 1118
2798 1109
2799 1056
2800 1121
2801 1118
2802 1047
2803 1061
2804 1103
2805 1084
2806 1111
2807 1050
2808 1093
2809 1083
2810 1073
2811 1057
2812 1024
2813 1010
2814 1149
2815 1046
2816 1099
2817 1077
2818 1059
2819 1093
2820 1094
2821 1100
2822 1121
2823 1063
2824 1087
2825 1061
2826 1110
2827 1031
2828 1057
2829 1080
2830 1068
2831 1049
2832 1052
2833 1043
2834 1072
2835 1076
2836 1072
2837 1068
2838 1053
2839 1102
2840 1158
2841 1063
2842 1028
2843 1053
2844 1065
2845 1024
2846 1040
2847 1078
2848 1016
2849 1118
2850 1040
2851 1102
2852 1056
2853 1089
2854 1082
2855 997
2856 1009
2857 1051
2858 1063
2859 1009
2860 1071
2861 1066
2862 1006
2863 1009
2864 1043
2865 1007
2866 988
2867 1074
2868 1059
2869 1029
2870 951
2871 1038
2872 1041
2873 1011
2874 994
2875 1032
2876 1063
2877 1091
2878 1017
2879 1074
2880 1043
2881 1020
2882 1027
2883 1005
2884 1017
2885 1006
2886 1064
2887 973
2888 1057
2889 1011
2890 1010
2891 1031
2892 1013
2893 1094
2894 1074
2895 1004
2896 1044
2897 1032
2898 989
2899 1014
2900 1044
2901 1089
2902 1032
2903 1015
2904 1010
2905 1023
2906 1065
2907 961
2908 1001
2909 988
2910 968
2911 970
2912 1018
2913 1012
2914 1000
2915 994
2916 1033
2917 1030
2918 998
2919 1003
2920 1009
2921 983
2922 1077
2923 1018
2924 1000
2925 1052
2926 955
2927 1020
2928 1011
2929 1018
2930 976
2931 1031
2932 1044
2933 967
2934 1031
2935 1032
2936 980
2937 1004
2938 1027
2939 1038
2940 996
2941 994
2942 1007
2943 1007
2944 982
2945 1019
2946 961
2947 1008
2948 1017
2949 1040
2950 1050
2951 1026
2952 955
2953 978
2954 1020
2955 1010
2956 935
2957 1012
2958 1026
2959 999
2960 994
2961 1089
2962 986
2963 1012
2964 1020
2965 975
2966 969
2967 1080
2968 998
2969 952
2970 964
2971 931
2972 963
2973 1045
2974 992
2975 973
2976 974
2977 1009
2978 970
2979 996
2980 961
2981 979
2982 983
2983 946
2984 941
2985 901
2986 977
2987 913
2988 1002
2989 914
2990 930
2991 938
2992 970
2993 1027
2994 953
2995 984
2996 888
2997 1016
2998 984
2999 1000
3000 936
3001 938
3002 944
3003 985
3004 970
3005 932
3006 903
3007 976
3008 894
3009 935
3010 939
3011 988
3012 963
3013 906
3014 938
3015 907
3016 934
3017 953
3018 931
3019 914
3020 896
3021 931
3022 934
3023 935
3024 924
3025 878
3026 940
3027 913
3028 933
3029 876
3030 903
3031 870
3032 982
3033 924
3034 943
3035 948
3036 890
3037 949
3038 858
3039 888
3040 847
3041 894
3042 867
3043 921
3044 883
3045 932
3046 899
3047 890
3048 892
3049 868
3050 890
3051 839
3052 916
3053 894
3054 927
3055 897
3056 912
3057 922
3058 890
3059 849
3060 899
3061 934
3062 912
3063 932
3064 892
3065 887
3066 863
3067 925
3068 866
3069 890
3070 816
3071 899
3072 921
3073 921
3074 854
3075 867
3076 871
3077 855
3078 870
3079 863
3080 835
3081 926
3082 889
3083 875
3084 849
3085 890
3086 887
3087 813
3088 832
3089 885
3090 870
3091 890
3092 889
3093 871
3094 888
3095 804
3096 843
3097 912
3098 862
3099 913
3100 815
3101 855
3102 869
3103 831
3104 797
3105 876
3106 875
3107 861
3108 843
3109 805
3110 848
3111 852
3112 825
3113 881
3114 843
3115 824
3116 856
3117 836
3118 838
3119 850
3120 799
3121 873
3122 854
3123 844
3124 790
3125 824
3126 771
3127 815
3128 780
3129 837
3130 779
3131 803
3132 843
3133 833
3134 759
3135 781
3136 787
3137 787
3138 894
3139 838
3140 768
3141 831
3142 811
3143 776
3144 813
3145 804
3146 801
3147 809
3148 778
3149 839
3150 812
3151 775
3152 788
3153 791
3154 843
3155 785
3156 812
3157 760
3158 756
3159 770
3160 714
3161 839
3162 789
3163 779
3164 791
3165 784
3166 766
3167 757
3168 817
3169 802
3170 738
3171 816
3172 782
3173 766
3174 761
3175 771
3176 768
3177 794
3178 764
3179 752
3180 773
3181 775
3182 797
3183 719
3184 772
3185 799
3186 770
3187 745
3188 779
3189 761
3190 770
3191 799
3192 791
3193 844
3194 794
3195 783
3196 771
3197 685
3198 785
3199 743
3200 765
3201 714
3202 711
3203 744
3204 668
3205 657
3206 795
3207 659
3208 722
3209 697
3210 746
3211 719
3212 679
3213 753
3214 712
3215 757
3216 689
3217 732
3218 724
3219 688
3220 738
3221 729
3222 701
3223 699
3224 720
3225 701
3226 711
3227 678
3228 732
3229 727
3230 687
3231 663
3232 718
3233 719
3234 711
3235 691
3236 674
3237 709
3238 660
3239 705
3240 675
3241 701
3242 682
3243 674
3244 707
3245 637
3246 668
3247 675
3248 656
3249 701
3250 652
3251 668
3252 653
3253 695
3254 647
3255 640
3256 649
3257 657
3258 667
3259 647
3260 677
3261 645
3262 668
3263 646
3264 627
3265 661
3266 639
3267 650
3268 633
3269 665
3270 688
3271 613
3272 688
3273 663
3274 659
3275 638
3276 637
3277 641
3278 641
3279 653
3280 610
3281 654
3282 611
3283 669
3284 603
3285 656
3286 631
3287 641
3288 605
3289 603
3290 628
3291 621
3292 643
3293 609
3294 612
3295 599
3296 595
3297 580
3298 639
3299 603
3300 611
3301 605
3302 569
3303 620
3304 628
3305 659
3306 645
3307 628
3308 617
3309 614
3310 624
3311 648
3312 595
3313 611
3314 582
3315 629
3316 615
3317 603
3318 596
3319 607
3320 615
3321 604
3322 609
3323 557
3324 592
3325 602
3326 625
3327 572
3328 629
3329 560
3330 564
3331 605
3332 631
3333 597
3334 563
3335 552
3336 601
3337 594
3338 563
3339 593
3340 570
3341 567
3342 579
3343 556
3344 564
3345 552
3346 525
3347 554
3348 597
3349 575
3350 500
3351 570
3352 555
3353 604
3354 577
3355 544
3356 539
3357 550
3358 577
3359 575
3360 531
3361 549
3362 595
3363 512
3364 513
3365 571
3366 550
3367 550
3368 544
3369 570
3370 542
3371 555
3372 497
3373 556
3374 529
3375 563
3376 536
3377 535
3378 544
3379 529
3380 547
3381 561
3382 525
3383 540
3384 516
3385 512
3386 469
3387 486
3388 509
3389 504
3390 513
3391 500
3392 508
3393 510
3394 505
3395 537
3396 530
3397 527
3398 554
3399 469
3400 487
3401 505
3402 516
3403 509
3404 499
3405 525
3406 493
3407 506
3408 540
3409 505
3410 484
3411 475
3412 463
3413 535
3414 528
3415 474
3416 522
3417 513
3418 465
3419 542
3420 481
3421 499
3422 472
3423 465
3424 502
3425 524
3426 503
3427 493
3428 516
3429 498
3430 500
3431 467
3432 486
3433 485
3434 524
3435 504
3436 475
3437 473
3438 452
3439 486
3440 477
3441 485
3442 466
3443 493
3444 523
3445 487
3446 477
3447 452
3448 496
3449 475
3450 464
3451 452
3452 446
3453 474
3454 489
3455 486
3456 449
3457 473
3458 484
3459 480
3460 461
3461 485
3462 488
3463 454
3464 461
3465 508
3466 450
3467 496
3468 469
3469 482
3470 468
3471 471
3472 481
3473 432
3474 496
3475 462
3476 456
3477 497
3478 468
3479 444
3480 464
3481 501
3482 468
3483 476
3484 430
3485 433
3486 430
3487 504
3488 478
3489 454
3490 455
3491 450
3492 488
3493 419
3494 450
3495 429
3496 475
3497 410
3498 446
3499 480
3500 454
3501 466
3502 479
3503 431
3504 435
3505 456
3506 414
3507 468
3508 499
3509 414
3510 448
3511 515
3512 484
3513 478
3514 436
3515 450
3516 474
3517 398
3518 438
3519 438
3520 456
3521 465
3522 428
3523 436
3524 467
3525 455
3526 442
3527 414
3528 466
3529 445
3530 488
3531 463
3532 431
3533 477
3534 448
3535 468
3536 421
3537 391
3538 425
3539 474
3540 435
3541 421
3542 458
3543 403
3544 434
3545 450
3546 420
3547 466
3548 416
3549 425
3550 398
3551 427
3552 421
3553 413
3554 448
3555 413
3556 384
3557 437
3558 420
3559 438
3560 422
3561 393
3562 427
3563 392
3564 443
3565 412
3566 431
3567 437
3568 435
3569 409
3570 428
3571 433
3572 408
3573 418
3574 414
3575 441
3576 447
3577 386
3578 432
3579 426
3580 383
3581 417
3582 404
3583 428
3584 434
3585 443
3586 425
3587 415
3588 434
3589 410
3590 399
3591 421
3592 413
3593 410
3594 429
3595 435
3596 376
3597 454
3598 424
3599 385
3600 414
3601 430
3602 423
3603 399
3604 413
3605 427
3606 421
3607 440
3608 398
3609 382
3610 379
3611 408
3612 410
3613 404
3614 424
3615 410
3616 371
3617 401
3618 421
3619 379
3620 382
3621 391
3622 416
3623 412
3624 410
3625 378
3626 396
3627 436
3628 418
3629 446
3630 436
3631 377
3632 437
3633 428
3634 436
3635 404
3636 379
3637 387
3638 423
3639 377
3640 381
3641 391
3642 388
3643 405
3644 421
3645 393
3646 426
3647 340
3648 390
3649 401
3650 396
3651 375
3652 407
3653 393
3654 388
3655 418
3656 391
3657 364
3658 398
3659 394
3660 414
3661 375
3662 382
3663 404
3664 429
3665 405
3666 389
3667 414
3668 382
3669 390
3670 414
3671 377
3672 371
3673 360
3674 371
3675 411
3676 408
3677 381
3678 429
3679 420
3680 371
3681 403
3682 367
3683 371
3684 409
3685 416
3686 353
3687 356
3688 367
3689 372
3690 387
3691 393
3692 390
3693 411
3694 380
3695 418
3696 381
3697 357
3698 399
3699 416
3700 382
3701 402
3702 357
3703 359
3704 347
3705 373
3706 386
3707 395
3708 400
3709 388
3710 392
3711 360
3712 385
3713 345
3714 347
3715 355
3716 381
3717 350
3718 360
3719 368
3720 396
3721 365
3722 348
3723 362
3724 359
3725 386
3726 381
3727 381
3728 430
3729 392
3730 364
3731 375
3732 355
3733 382
3734 382
3735 340
3736 326
3737 379
3738 410
3739 347
3740 354
3741 348
3742 376
3743 369
3744 372
3745 397
3746 382
3747 365
3748 363
3749 330
3750 371
3751 347
3752 402
3753 352
3754 392
3755 348
3756 338
3757 346
3758 361
3759 393
3760 351
3761 341
3762 357
3763 374
3764 370
3765 339
3766 373
3767 370
3768 356
3769 343
3770 392
3771 365
3772 338
3773 387
3774 398
3775 361
3776 348
3777 387
3778 387
3779 358
3780 340
3781 344
3782 348
3783 371
3784 383
3785 366
3786 361
3787 382
3788 370
3789 341
3790 359
3791 381
3792 360
3793 357
3794 326
3795 348
3796 382
3797 366
3798 317
3799 362
3800 358
3801 334
3802 358
3803 334
3804 385
3805 350
3806 353
3807 365
3808 373
3809 349
3810 339
3811 378
3812 367
3813 374
3814 341
3815 351
3816 352
3817 361
3818 335
3819 382
3820 363
3821 369
3822 332
3823 326
3824 345
3825 355
3826 316
3827 345
3828 360
3829 359
3830 352
3831 354
3832 345
3833 336
3834 338
3835 330
3836 362
3837 358
3838 340
3839 332
3840 320
3841 372
3842 369
3843 344
3844 339
3845 379
3846 362
3847 352
3848 395
3849 350
3850 324
3851 358
3852 346
3853 379
3854 341
3855 354
3856 351
3857 351
3858 318
3859 365
3860 365
3861 351
3862 344
3863 360
3864 354
3865 307
3866 400
3867 341
3868 327
3869 331
3870 328
3871 306
3872 380
3873 335
3874 347
3875 358
3876 366
3877 327
3878 350
3879 316
3880 351
3881 333
3882 305
3883 328
3884 348
3885 308
3886 337
3887 318
3888 326
3889 308
3890 309
3891 340
3892 364
3893 342
3894 314
3895 330
3896 335
3897 322
3898 319
3899 347
3900 314
3901 343
3902 328
3903 355
3904 331
3905 316
3906 312
3907 336
3908 356
3909 323
3910 298
3911 358
3912 336
3913 299
3914 336
3915 353
3916 328
3917 342
3918 354
3919 367
3920 378
3921 360
3922 334
3923 349
3924 331
3925 334
3926 348
3927 325
3928 352
3929 334
3930 335
3931 327
3932 309
3933 354
3934 310
3935 300
3936 337
3937 376
3938 292
3939 332
3940 298
3941 327
3942 318
3943 333
3944 357
3945 326
3946 288
3947 297
3948 307
3949 323
3950 316
3951 289
3952 334
3953 345
3954 332
3955 323
3956 332
3957 335
3958 325
3959 326
3960 351
3961 330
3962 331
3963 310
3964 329
3965 316
3966 307
3967 365
3968 308
3969 323
3970 294
3971 313
3972 315
3973 315
3974 323
3975 306
3976 296
3977 299
3978 341
3979 302
3980 329
3981 359
3982 309
3983 276
3984 295
3985 330
3986 339
3987 316
3988 289
3989 290
3990 329
3991 340
3992 307
3993 315
3994 331
3995 317
3996 336
3997 310
3998 330
3999 320
4000 306
4001 324
4002 298
4003 316
4004 303
4005 299
4006 325
4007 299
4008 295
4009 308
4010 320
4011 308
4012 340
4013 300
4014 303
4015 285
4016 316
4017 314
4018 273
4019 315
4020 287
4021 289
4022 329
4023 315
4024 322
4025 319
4026 313
4027 321
4028 298
4029 323
4030 314
4031 312
4032 329
4033 305
4034 297
4035 337
4036 316
4037 337
4038 323
4039 323
4040 316
4041 307
4042 309
4043 318
4044 312
4045 301
4046 288
4047 300
4048 306
4049 301
4050 335
4051 304
4052 300
4053 318
4054 326
4055 292
4056 288
4057 290
4058 295
4059 310
4060 312
4061 352
4062 331
4063 286
4064 294
4065 366
4066 279
4067 343
4068 306
4069 313
4070 318
4071 311
4072 304
4073 285
4074 303
4075 329
4076 315
4077 290
4078 307
4079 281
4080 345
4081 321
4082 302
4083 310
4084 303
4085 305
4086 308
4087 332
4088 324
4089 300
4090 278
4091 294
4092 309
4093 326
4094 323
4095 307
4096 307
4097 307
4098 284
4099 294
4100 298
4101 322
4102 306
4103 307
4104 286
4105 311
4106 348
4107 312
4108 325
4109 318
4110 313
4111 307
4112 312
4113 287
4114 279
4115 285
4116 293
4117 311
4118 289
4119 305
4120 317
4121 296
4122 291
4123 290
4124 317
4125 299
4126 294
4127 283
4128 333
4129 280
4130 265
4131 276
4132 293
4133 279
4134 321
4135 324
4136 341
4137 313
4138 315
4139 306
4140 292
4141 296
4142 305
4143 319
4144 316
4145 291
4146 307
4147 338
4148 314
4149 267
4150 320
4151 285
4152 268
4153 264
4154 309
4155 299
4156 295
4157 314
4158 286
4159 296
4160 328
4161 287
4162 294
4163 280
4164 302
4165 293
4166 282
4167 291
4168 298
4169 264
4170 307
4171 269
4172 275
4173 304
4174 283
4175 292
4176 306
4177 270
4178 283
4179 308
4180 324
4181 274
4182 282
4183 300
4184 273
4185 312
4186 251
4187 300
4188 286
4189 321
4190 301
4191 296
4192 307
4193 297
4194 319
4195 297
4196 301
4197 297
4198 334
4199 277
4200 311
4201 290
4202 285
4203 298
4204 326
4205 311
4206 303
4207 274
4208 306
4209 297
4210 297
4211 282
4212 301
4213 274
4214 325
4215 264
4216 295
4217 260
4218 326
4219 305
4220 286
4221 321
4222 277
4223 284
4224 250
4225 280
4226 287
4227 271
4228 306
4229 282
4230 265
4231 262
4232 280
4233 285
4234 278
4235 273
4236 286
4237 310
4238 282
4239 307
4240 262
4241 294
4242 265
4243 292
4244 278
4245 259
4246 268
4247 275
4248 306
4249 269
4250 257
4251 293
4252 301
4253 299
4254 277
4255 291
4256 263
4257 273
4258 271
4259 286
4260 292
4261 297
4262 265
4263 298
4264 280
4265 269
4266 282
4267 291
4268 300
4269 291
4270 266
4271 268
4272 264
4273 314
4274 291
4275 277
4276 256
4277 237
4278 268
4279 298
4280 279
4281 280
4282 269
4283 293
4284 267
4285 273
4286 292
4287 288
4288 286
4289 303
4290 279
4291 296
4292 261
4293 276
4294 263
4295 295
4296 247
4297 272
4298 296
4299 252
4300 267
4301 267
4302 270
4303 266
4304 222
4305 273
4306 240
4307 277
4308 255
4309 286
4310 296
4311 264
4312 290
4313 290
4314 277
4315 267
4316 279
4317 252
4318 281
4319 273
4320 269
4321 251
4322 293
4323 248
4324 290
4325 312
4326 270
4327 254
4328 310
4329 292
4330 275
4331 279
4332 249
4333 255
4334 297
4335 308
4336 261
4337 289
4338 307
4339 290
4340 305
4341 282
4342 276
4343 231
4344 270
4345 248
4346 286
4347 257
4348 265
4349 285
4350 268
4351 259
4352 273
4353 297
4354 233
4355 274
4356 272
4357 272
4358 274
4359 258
4360 262
4361 276
4362 283
4363 265
4364 270
4365 253
4366 270
4367 232
4368 266
4369 279
4370 263
4371 255
4372 271
4373 267
4374 252
4375 282
4376 275
4377 252
4378 288
4379 251
4380 236
4381 256
4382 303
4383 275
4384 256
4385 263
4386 262
4387 256
4388 276
4389 282
4390 264
4391 271
4392 269
4393 271
4394 272
4395 266
4396 267
4397 249
4398 253
4399 227
4400 270
4401 234
4402 243
4403 259
4404 285
4405 234
4406 257
4407 270
4408 274
4409 269
4410 272
4411 257
4412 277
4413 289
4414 243
4415 289
4416 260
4417 307
4418 258
4419 239
4420 267
4421 274
4422 270
4423 283
4424 234
4425 279
4426 249
4427 295
4428 282
4429 264
4430 256
4431 240
4432 282
4433 257
4434 253
4435 290
4436 273
4437 267
4438 279
4439 260
4440 285
4441 303
4442 268
4443 244
4444 249
4445 282
4446 291
4447 235
4448 273
4449 256
4450 277
4451 268
4452 277
4453 250
4454 251
4455 260
4456 277
4457 267
4458 273
4459 255
4460 263
4461 260
4462 243
4463 292
4464 261
4465 275
4466 258
4467 266
4468 249
4469 230
4470 240
4471 245
4472 298
4473 278
4474 256
4475 247
4476 236
4477 264
4478 280
4479 242
4480 274
4481 262
4482 231
4483 279
4484 227
4485 314
4486 282
4487 249
4488 251
4489 248
4490 264
4491 244
4492 267
4493 228
4494 258
4495 272
4496 260
4497 260
4498 251
4499 272
4500 283
4501 267
4502 255
4503 249
4504 262
4505 277
4506 268
4507 253
4508 256
4509 277
4510 233
4511 231
4512 280
4513 233
4514 280
4515 247
4516 246
4517 254
4518 233
4519 229
4520 272
4521 256
4522 233
4523 274
4524 275
4525 277
4526 228
4527 251
4528 252
4529 253
4530 279
4531 269
4532 279
4533 262
4534 258
4535 267
4536 257
4537 262
4538 233
4539 275
4540 248
4541 249
4542 274
4543 244
4544 249
4545 240
4546 259
4547 277
4548 230
4549 245
4550 245
4551 257
4552 231
4553 258
4554 261
4555 269
4556 244
4557 280
4558 251
4559 264
4560 230
4561 269
4562 257
4563 276
4564 216
4565 256
4566 262
4567 268
4568 239
4569 260
4570 249
4571 247
4572 258
4573 270
4574 223
4575 247
4576 283
4577 253
4578 250
4579 234
4580 266
4581 247
4582 228
4583 217
4584 242
4585 249
4586 246
4587 272
4588 232
4589 229
4590 263
4591 251
4592 233
4593 244
4594 268
4595 278
4596 257
4597 282
4598 251
4599 251
4600 262
4601 251
4602 235
4603 247
4604 231
4605 271
4606 257
4607 254
4608 248
4609 250
4610 250
4611 249
4612 264
4613 287
4614 257
4615 259
4616 226
4617 236
4618 279
4619 256
4620 276
4621 243
4622 269
4623 235
4624 256
4625 257
4626 247
4627 270
4628 235
4629 240
4630 243
4631 236
4632 250
4633 257
4634 270
4635 250
4636 267
4637 241
4638 272
4639 252
4640 252
4641 254
4642 255
4643 244
4644 239
4645 211
4646 253
4647 252
4648 239
4649 253
4650 257
4651 247
4652 228
4653 226
4654 244
4655 237
4656 252
4657 228
4658 249
4659 247
4660 269
4661 233
4662 237
4663 237
4664 210
4665 251
4666 231
4667 271
4668 237
4669 223
4670 252
4671 214
4672 241
4673 238
4674 228
4675 233
4676 234
4677 240
4678 263
4679 257
4680 222
4681 254
4682 242
4683 248
4684 236
4685 222
4686 247
4687 256
4688 251
4689 253
4690 243
4691 225
4692 258
4693 292
4694 239
4695 253
4696 250
4697 260
4698 223
4699 244
4700 246
4701 238
4702 238
4703 257
4704 237
4705 254
4706 252
4707 243
4708 236
4709 242
4710 247
4711 261
4712 232
4713 234
4714 219
4715 235
4716 256
4717 250
4718 248
4719 217
4720 218
4721 246
4722 255
4723 248
4724 225
4725 230
4726 262
4727 213
4728 250
4729 237
4730 244
4731 253
4732 238
4733 260
4734 283
4735 235
4736 256
4737 245
4738 241
4739 250
4740 239
4741 255
4742 239
4743 239
4744 230
4745 219
4746 221
4747 233
4748 224
4749 219
4750 239
4751 250
4752 257
4753 248
4754 246
4755 238
4756 220
4757 231
4758 210
4759 246
4760 236
4761 236
4762 246
4763 238
4764 225
4765 231
4766 227
4767 247
4768 214
4769 227
4770 237
4771 224
4772 206
4773 244
4774 240
4775 223
4776 229
4777 213
4778 223
4779 239
4780 228
4781 213
4782 225
4783 250
4784 234
4785 200
4786 215
4787 223
4788 223
4789 221
4790 231
4791 211
4792 252
4793 230
4794 197
4795 250
4796 238
4797 242
4798 240
4799 209
4800 234
4801 230
4802 229
4803 227
4804 241
4805 212
4806 209
4807 210
4808 222
4809 214
4810 227
4811 233
4812 223
4813 242
4814 250
4815 226
4816 250
4817 251
4818 236
4819 221
4820 250
4821 252
4822 237
4823 227
4824 235
4825 238
4826 241
4827 226
4828 209
4829 218
4830 251
4831 221
4832 223
4833 225
4834 248
4835 227
4836 218
4837 208
4838 211
4839 220
4840 239
4841 222
4842 206
4843 207
4844 223
4845 224
4846 249
4847 199
4848 254
4849 225
4850 215
4851 236
4852 190
4853 221
4854 237
4855 216
4856 233
4857 229
4858 196
4859 209
4860 232
4861 218
4862 242
4863 212
4864 218
4865 222
4866 254
4867 275
4868 221
4869 236
4870 236
4871 246
4872 222
4873 224
4874 214
4875 219
4876 242
4877 212
4878 228
4879 209
4880 190
4881 228
4882 232
4883 223
4884 247
4885 230
4886 219
4887 226
4888 211
4889 225
4890 245
4891 227
4892 204
4893 202
4894 214
4895 226
4896 245
4897 217
4898 246
4899 216
4900 197
4901 207
4902 219
4903 210
4904 218
4905 214
4906 197
4907 238
4908 227
4909 210
4910 236
4911 231
4912 218
4913 233
4914 233
4915 226
4916 233
4917 235
4918 218
4919 219
4920 231
4921 225
4922 218
4923 199
4924 247
4925 223
4926 233
4927 219
4928 237
4929 201
4930 224
4931 219
4932 235
4933 227
4934 210
4935 256
4936 237
4937 244
4938 211
4939 230
4940 216
4941 246
4942 224
4943 235
4944 219
4945 237
4946 229
4947 237
4948 200
4949 212
4950 233
4951 219
4952 227
4953 211
4954 218
4955 220
4956 216
4957 251
4958 239
4959 212
4960 229
4961 219
4962 192
4963 228
4964 201
4965 234
4966 220
4967 230
4968 201
4969 230
4970 250
4971 224
4972 210
4973 207
4974 241
4975 202
4976 236
4977 222
4978 189
4979 208
4980 235
4981 236
4982 207
4983 227
4984 219
4985 190
4986 209
4987 205
4988 202
4989 195
4990 227
4991 211
4992 220
4993 217
4994 216
4995 216
4996 235
4997 233
4998 199
4999 240
5000 214
5001 211
5002 216
5003 254
5004 190
5005 235
5006 218
5007 203
5008 228
5009 223
5010 209
5011 228
5012 221
5013 234
5014 248
5015 210
5016 248
5017 198
5018 228
5019 210
5020 242
5021 226
5022 228
5023 223
5024 234
5025 231
5026 248
5027 218
5028 228
5029 208
5030 227
5031 224
5032 213
5033 197
5034 188
5035 235
5036 226
5037 221
5038 236
5039 213
5040 188
5041 195
5042 222
5043 223
5044 196
5045 216
5046 199
5047 201
5048 196
5049 221
5050 213
5051 234
5052 213
5053 213
5054 196
5055 216
5056 212
5057 239
5058 189
5059 214
5060 211
5061 212
5062 195
5063 202
5064 233
5065 205
5066 202
5067 209
5068 207
5069 190
5070 220
5071 190
5072 179
5073 217
5074 210
5075 220
5076 217
5077 225
5078 210
5079 209
5080 209
5081 187
5082 211
5083 194
5084 202
5085 193
5086 214
5087 223
5088 181
5089 212
5090 208
5091 227
5092 215
5093 216
5094 211
5095 209
5096 201
5097 210
5098 185
5099 227
5100 216
5101 186
5102 222
5103 202
5104 199
5105 197
5106 237
5107 217
5108 210
5109 198
5110 210
5111 198
5112 182
5113 200
5114 194
5115 192
5116 173
5117 230
5118 186
5119 211
5120 204
5121 189
5122 192
5123 192
5124 186
5125 179
5126 194
5127 195
5128 178
5129 195
5130 183
5131 191
5132 205
5133 191
5134 193
5135 185
5136 218
5137 175
5138 189
5139 194
5140 170
5141 184
5142 191
5143 184
5144 195
5145 208
5146 163
5147 210
5148 174
5149 199
5150 210
5151 197
5152 209
5153 201
5154 211
5155 212
5156 174
5157 187
5158 207
5159 211
5160 201
5161 191
5162 210
5163 199
5164 191
5165 192
5166 221
5167 188
5168 193
5169 203
5170 209
5171 234
5172 210
5173 187
5174 188
5175 201
5176 195
5177 202
5178 202
5179 198
5180 191
5181 203
5182 188
5183 181
5184 195
5185 195
5186 168
5187 187
5188 194
5189 208
5190 197
5191 202
5192 170
5193 163
5194 225
5195 176
5196 219
5197 182
5198 186
5199 167
5200 187
5201 190
5202 186
5203 202
5204 207
5205 188
5206 182
5207 169
5208 188
5209 192
5210 194
5211 201
5212 178
5213 183
5214 191
5215 176
5216 192
5217 158
5218 181
5219 192
5220 185
5221 198
5222 175
5223 203
5224 180
5225 207
5226 199
5227 177
5228 194
5229 190
5230 208
5231 169
5232 194
5233 192
5234 175
5235 187
5236 187
5237 212
5238 191
5239 188
5240 183
5241 183
5242 195
5243 183
5244 184
5245 190
5246 180
5247 156
5248 199
5249 178
5250 191
5251 192
5252 183
5253 202
5254 194
5255 186
5256 196
5257 176
5258 199
5259 209
5260 180
5261 202
5262 194
5263 182
5264 200
5265 178
5266 167
5267 190
5268 171
5269 182
5270 200
5271 205
5272 185
5273 179
5274 189
5275 177
5276 179
5277 169
5278 181
5279 179
5280 176
5281 194
5282 184
5283 217
5284 166
5285 192
5286 159
5287 181
5288 201
5289 191
5290 199
5291 184
5292 188
5293 165
5294 183
5295 167
5296 178
5297 180
5298 188
5299 178
5300 200
5301 183
5302 169
5303 165
5304 196
5305 185
5306 199
5307 180
5308 187
5309 183
5310 166
5311 168
5312 197
5313 196
5314 173
5315 182
5316 195
5317 182
5318 181
5319 199
5320 178
5321 186
5322 187
5323 191
5324 211
5325 187
5326 184
5327 177
5328 171
5329 176
5330 188
5331 177
5332 169
5333 205
5334 178
5335 167
5336 171
5337 195
5338 179
5339 177
5340 166
5341 165
5342 185
5343 165
5344 207
5345 182
5346 165
5347 192
5348 191
5349 181
5350 173
5351 170
5352 195
5353 193
5354 214
5355 175
5356 182
5357 184
5358 178
5359 159
5360 185
5361 173
5362 175
5363 191
5364 195
5365 192
5366 208
5367 187
5368 161
5369 196
5370 179
5371 173
5372 172
5373 166
5374 190
5375 189
5376 164
5377 173
5378 161
5379 199
5380 180
5381 184
5382 178
5383 185
5384 161
5385 197
5386 204
5387 171
5388 167
5389 173
5390 212
5391 175
5392 177
5393 200
5394 175
5395 190
5396 181
5397 171
5398 182
5399 191
5400 162
5401 181
5402 184
5403 197
5404 172
5405 181
5406 184
5407 188
5408 203
5409 188
5410 187
5411 190
5412 159
5413 178
5414 161
5415 209
5416 187
5417 184
5418 194
5419 184
5420 171
5421 163
5422 189
5423 163
5424 161
5425 190
5426 165
5427 195
5428 159
5429 190
5430 166
5431 151
5432 180
5433 168
5434 173
5435 185
5436 189
5437 177
5438 179
5439 196
5440 164
5441 164
5442 149
5443 189
5444 205
5445 178
5446 177
5447 162
5448 189
5449 173
5450 170
5451 185
5452 152
5453 185
5454 183
5455 193
5456 182
5457 169
5458 182
5459 172
5460 157
5461 159
5462 162
5463 208
5464 170
5465 181
5466 170
5467 183
5468 169
5469 168
5470 169
5471 173
5472 158
5473 161
5474 173
5475 172
5476 183
5477 180
5478 179
5479 169
5480 179
5481 194
5482 191
5483 181
5484 179
5485 183
5486 170
5487 169
5488 169
5489 168
5490 162
5491 181
5492 185
5493 162
5494 161
5495 179
5496 185
5497 170
5498 168
5499 188
5500 151
5501 184
5502 170
5503 162
5504 176
5505 166
5506 149
5507 200
5508 149
5509 173
5510 166
5511 173
5512 171
5513 189
5514 173
5515 163
5516 172
5517 175
5518 150
5519 207
5520 180
5521 164
5522 180
5523 155
5524 161
5525 172
5526 174
5527 159
5528 162
5529 154
5530 182
5531 171
5532 158
5533 164
5534 147
5535 165
5536 172
5537 149
5538 170
5539 141
5540 162
5541 162
5542 163
5543 153
5544 169
5545 169
5546 156
5547 165
5548 177
5549 171
5550 181
5551 158
5552 164
5553 168
5554 152
5555 176
5556 184
5557 165
5558 172
5559 180
5560 175
5561 158
5562 172
5563 166
5564 160
5565 179
5566 166
5567 156
5568 142
5569 171
5570 185
5571 154
5572 162
5573 163
5574 171
5575 152
5576 142
5577 159
5578 160
5579 162
5580 163
5581 168
5582 178
5583 138
5584 166
5585 164
5586 166
5587 120
5588 170
5589 163
5590 145
5591 147
5592 173
5593 161
5594 165
5595 155
5596 169
5597 162
5598 146
5599 172
5600 170
5601 159
5602 161
5603 144
5604 139
5605 169
5606 162
5607 165
5608 165
5609 182
5610 182
5611 160
5612 153
5613 151
5614 154
5615 152
5616 163
5617 161
5618 171
5619 159
5620 166
5621 161
5622 170
5623 143
5624 154
5625 163
5626 178
5627 159
5628 159
5629 163
5630 162
5631 176
5632 148
5633 164
5634 137
5635 189
5636 146
5637 134
5638 148
5639 160
5640 158
5641 160
5642 168
5643 150
5644 156
5645 175
5646 166
5647 149
5648 160
5649 167
5650 161
5651 160
5652 166
5653 143
5654 163
5655 154
5656 157
5657 148
5658 168
5659 171
5660 169
5661 175
5662 141
5663 146
5664 171
5665 162
5666 158
5667 154
5668 166
5669 135
5670 159
5671 156
5672 158
5673 163
5674 150
5675 140
5676 151
5677 171
5678 153
5679 137
5680 160
5681 165
5682 139
5683 149
5684 158
5685 157
5686 155
5687 126
5688 150
5689 143
5690 143
5691 159
5692 163
5693 155
5694 172
5695 159
5696 138
5697 142
5698 157
5699 166
5700 160
5701 155
5702 162
5703 179
5704 159
5705 151
5706 153
5707 163
5708 160
5709 162
5710 146
5711 143
5712 142
5713 169
5714 177
5715 154
5716 150
5717 169
5718 161
5719 175
5720 156
5721 145
5722 150
5723 133
5724 150
5725 144
5726 144
5727 171
5728 166
5729 179
5730 158
5731 148
5732 151
5733 157
5734 156
5735 155
5736 137
5737 152
5738 162
5739 161
5740 169
5741 164
5742 143
5743 135
5744 155
5745 172
5746 172
5747 156
5748 191
5749 132
5750 169
5751 146
5752 144
5753 160
5754 140
5755 150
5756 145
5757 172
5758 154
5759 162
5760 148
5761 170
5762 168
5763 168
5764 149
5765 144
5766 140
5767 176
5768 143
5769 157
5770 124
5771 160
5772 136
5773 165
5774 150
5775 180
5776 154
5777 141
5778 152
5779 151
5780 148
5781 162
5782 145
5783 117
5784 165
5785 172
5786 160
5787 155
5788 156
5789 144
5790 168
5791 152
5792 163
5793 156
5794 154
5795 166
5796 146
5797 143
5798 135
5799 159
5800 171
5801 131
5802 149
5803 165
5804 142
5805 138
5806 146
5807 132
5808 168
5809 149
5810 159
5811 154
5812 159
5813 148
5814 154
5815 151
5816 137
5817 147
5818 171
5819 162
5820 153
5821 134
5822 155
5823 149
5824 154
5825 121
5826 140
5827 153
5828 135
5829 157
5830 147
5831 166
5832 149
5833 175
5834 137
5835 147
5836 158
5837 146
5838 178
5839 130
5840 147
5841 154
5842 176
5843 149
5844 140
5845 149
5846 178
5847 149
5848 140
5849 153
5850 164
5851 145
5852 150
5853 145
5854 152
5855 139
5856 167
5857 156
5858 167
5859 148
5860 128
5861 139
5862 144
5863 152
5864 131
5865 161
5866 153
5867 149
5868 159
5869 137
5870 157
5871 155
5872 133
5873 150
5874 162
5875 150
5876 128
5877 147
5878 128
5879 152
5880 137
5881 145
5882 141
5883 164
5884 144
5885 153
5886 152
5887 153
5888 146
5889 156
5890 138
5891 134
5892 155
5893 152
5894 144
5895 147
5896 152
5897 136
5898 136
5899 151
5900 132
5901 157
5902 161
5903 151
5904 172
5905 141
5906 145
5907 151
5908 147
5909 123
5910 143
5911 150
5912 127
5913 136
5914 143
5915 132
5916 161
5917 161
5918 127
5919 144
5920 130
5921 149
5922 152
5923 120
5924 140
5925 151
5926 119
5927 148
5928 139
5929 130
5930 146
5931 159
5932 152
5933 140
5934 125
5935 153
5936 142
5937 135
5938 144
5939 147
5940 124
5941 178
5942 151
5943 157
5944 131
5945 140
5946 130
5947 143
5948 119
5949 146
5950 129
5951 136
5952 140
5953 154
5954 133
5955 143
5956 151
5957 152
5958 133
5959 142
5960 142
5961 125
5962 150
5963 145
5964 174
5965 133
5966 132
5967 165
5968 130
5969 167
5970 123
5971 156
5972 147
5973 157
5974 127
5975 155
5976 135
5977 156
5978 124
5979 149
5980 154
5981 162
5982 141
5983 131
5984 162
5985 145
5986 138
5987 157
5988 141
5989 137
5990 137
5991 142
5992 139
5993 176
5994 153
5995 140
5996 139
5997 131
5998 131
5999 137
6000 127
6001 135
6002 127
6003 142
6004 167
6005 142
6006 142
6007 134
6008 126
6009 148
6010 144
6011 132
6012 140
6013 144
6014 143
6015 143
6016 138
6017 138
6018 151
6019 140
6020 153
6021 126
6022 127
6023 141
6024 132
6025 126
6026 153
6027 157
6028 138
6029 133
6030 134
6031 140
6032 139
6033 138
6034 158
6035 129
6036 154
6037 155
6038 129
6039 119
6040 121
6041 155
6042 114
6043 130
6044 124
6045 125
6046 136
6047 136
6048 143
6049 143
6050 151
6051 147
6052 128
6053 149
6054 154
6055 151
6056 128
6057 128
6058 125
6059 139
6060 126
6061 137
6062 145
6063 130
6064 130
6065 151
6066 150
6067 143
6068 137
6069 136
6070 125
6071 143
6072 151
6073 134
6074 129
6075 126
6076 127
6077 135
6078 138
6079 143
6080 138
6081 137
6082 148
6083 149
6084 142
6085 131
6086 120
6087 128
6088 140
6089 149
6090 134
6091 127
6092 121
6093 167
6094 145
6095 119
6096 123
6097 125
6098 131
6099 146
6100 141
6101 150
6102 142
6103 115
6104 144
6105 119
6106 105
6107 126
6108 107
6109 140
6110 139
6111 133
6112 129
6113 144
6114 142
6115 119
6116 122
6117 134
6118 138
6119 128
6120 94
6121 126
6122 119
6123 135
6124 141
6125 113
6126 122
6127 130
6128 129
6129 121
6130 138
6131 139
6132 140
6133 165
6134 131
6135 131
6136 120
6137 127
6138 131
6139 110
6140 131
6141 133
6142 121
6143 105
6144 120
6145 141
6146 148
6147 165
6148 149
6149 141
6150 121
6151 156
6152 121
6153 149
6154 142
6155 127
6156 145
6157 145
6158 142
6159 113
6160 154
6161 125
6162 130
6163 133
6164 139
6165 128
6166 127
6167 149
6168 129
6169 131
6170 133
6171 135
6172 131
6173 133
6174 133
6175 144
6176 134
6177 146
6178 111
6179 140
6180 116
6181 139
6182 131
6183 138
6184 138
6185 130
6186 140
6187 155
6188 135
6189 157
6190 127
6191 123
6192 145
6193 120
6194 120
6195 144
6196 114
6197 134
6198 136
6199 131
6200 116
6201 118
6202 133
6203 135
6204 108
6205 138
6206 127
6207 125
6208 139
6209 125
6210 118
6211 135
6212 138
6213 135
6214 122
6215 139
6216 134
6217 120
6218 134
6219 142
6220 133
6221 135
6222 125
6223 126
6224 126
6225 150
6226 124
6227 130
6228 148
6229 132
6230 145
6231 114
6232 137
6233 137
6234 150
6235 134
6236 129
6237 129
6238 129
6239 150
6240 134
6241 137
6242 130
6243 120
6244 141
6245 124
6246 145
6247 136
6248 132
6249 154
6250 132
6251 120
6252 155
6253 134
6254 107
6255 111
6256 115
6257 135
6258 154
6259 119
6260 123
6261 132
6262 131
6263 126
6264 119
6265 145
6266 145
6267 131
6268 111
6269 124
6270 118
6271 125
6272 126
6273 125
6274 123
6275 126
6276 126
6277 124
6278 114
6279 111
6280 113
6281 126
6282 130
6283 155
6284 143
6285 139
6286 108
6287 136
6288 118
6289 111
6290 122
6291 130
6292 148
6293 120
6294 137
6295 121
6296 141
6297 120
6298 128
6299 111
6300 110
6301 134
6302 120
6303 137
6304 126
6305 131
6306 115
6307 120
6308 136
6309 118
6310 122
6311 127
6312 130
6313 122
6314 146
6315 135
6316 128
6317 114
6318 109
6319 128
6320 106
6321 146
6322 108
6323 118
6324 132
6325 116
6326 128
6327 111
6328 134
6329 132
6330 146
6331 114
6332 132
6333 125
6334 119
6335 131
6336 122
6337 129
6338 140
6339 123
6340 105
6341 138
6342 137
6343 123
6344 128
6345 136
6346 126
6347 143
6348 124
6349 141
6350 124
6351 128
6352 108
6353 91
6354 123
6355 112
6356 143
6357 129
6358 120
6359 109
6360 122
6361 118
6362 132
6363 130
6364 117
6365 123
6366 142
6367 136
6368 134
6369 129
6370 137
6371 117
6372 133
6373 126
6374 140
6375 121
6376 108
6377 117
6378 123
6379 133
6380 127
6381 121
6382 129
6383 131
6384 136
6385 110
6386 130
6387 145
6388 136
6389 112
6390 139
6391 131
6392 143
6393 128
6394 123
6395 138
6396 114
6397 134
6398 128
6399 146
6400 140
6401 124
6402 113
6403 124
6404 124
6405 131
6406 123
6407 135
6408 128
6409 118
6410 128
6411 126
6412 125
6413 131
6414 142
6415 126
6416 127
6417 138
6418 142
6419 128
6420 112
6421 104
6422 120
6423 132
6424 98
6425 109
6426 118
6427 128
6428 120
6429 103
6430 125
6431 133
6432 124
6433 132
6434 134
6435 120
6436 112
6437 125
6438 115
6439 112
6440 103
6441 114
6442 124
6443 131
6444 127
6445 123
6446 124
6447 121
6448 119
6449 130
6450 121
6451 125
6452 110
6453 121
6454 115
6455 117
6456 142
6457 133
6458 129
6459 122
6460 137
6461 128
6462 124
6463 103
6464 98
6465 123
6466 119
6467 112
6468 121
6469 140
6470 138
6471 133
6472 121
6473 150
6474 130
6475 112
6476 111
6477 124
6478 128
6479 135
6480 118
6481 108
6482 127
6483 135
6484 111
6485 132
6486 108
6487 121
6488 127
6489 126
6490 132
6491 112
6492 125
6493 129
6494 125
6495 116
6496 107
6497 114
6498 120
6499 122
6500 108
6501 141
6502 123
6503 114
6504 103
6505 134
6506 106
6507 116
6508 109
6509 112
6510 111
6511 126
6512 132
6513 130
6514 129
6515 127
6516 109
6517 130
6518 119
6519 126
6520 119
6521 127
6522 127
6523 114
6524 120
6525 108
6526 129
6527 115
6528 116
6529 161
6530 107
6531 132
6532 115
6533 124
6534 127
6535 116
6536 121
6537 126
6538 132
6539 125
6540 125
6541 127
6542 118
6543 118
6544 118
6545 134
6546 117
6547 124
6548 118
6549 100
6550 128
6551 116
6552 129
6553 121
6554 109
6555 115
6556 136
6557 155
6558 126
6559 123
6560 117
6561 124
6562 116
6563 117
6564 105
6565 119
6566 119
6567 129
6568 129
6569 97
6570 115
6571 131
6572 121
6573 118
6574 124
6575 125
6576 97
6577 107
6578 115
6579 119
6580 109
6581 101
6582 110
6583 120
6584 124
6585 89
6586 94
6587 128
6588 118
6589 120
6590 118
6591 102
6592 115
6593 116
6594 114
6595 121
6596 109
6597 131
6598 103
6599 108
6600 124
6601 110
6602 126
6603 110
6604 112
6605 126
6606 113
6607 125
6608 104
6609 117
6610 126
6611 122
6612 124
6613 110
6614 109
6615 122
6616 124
6617 111
6618 120
6619 113
6620 94
6621 124
6622 117
6623 112
6624 119
6625 116
6626 137
6627 128
6628 137
6629 107
6630 121
6631 111
6632 118
6633 97
6634 113
6635 106
6636 121
6637 102
6638 118
6639 123
6640 121
6641 117
6642 95
6643 99
6644 103
6645 112
6646 115
6647 118
6648 136
6649 127
6650 123
6651 121
6652 99
6653 118
6654 104
6655 117
6656 118
6657 133
6658 111
6659 114
6660 100
6661 126
6662 104
6663 118
6664 127
6665 110
6666 96
6667 108
6668 135
6669 113
6670 90
6671 105
6672 100
6673 126
6674 111
6675 111
6676 129
6677 107
6678 127
6679 109
6680 102
6681 111
6682 122
6683 95
6684 120
6685 106
6686 109
6687 95
6688 112
6689 104
6690 127
6691 110
6692 98
6693 118
6694 122
6695 105
6696 104
6697 113
6698 129
6699 104
6700 99
6701 113
6702 114
6703 115
6704 125
6705 116
6706 102
6707 102
6708 111
6709 109
6710 113
6711 130
6712 116
6713 115
6714 134
6715 111
6716 102
6717 92
6718 89
6719 104
6720 122
6721 137
6722 145
6723 114
6724 99
6725 124
6726 115
6727 108
6728 108
6729 123
6730 112
6731 109
6732 108
6733 111
6734 110
6735 117
6736 119
6737 103
6738 124
6739 100
6740 109
6741 108
6742 119
6743 121
6744 128
6745 95
6746 105
6747 105
6748 109
6749 117
6750 116
6751 121
6752 112
6753 120
6754 102
6755 111
6756 112
6757 116
6758 101
6759 109
6760 120
6761 98
6762 124
6763 113
6764 103
6765 106
6766 117
6767 91
6768 110
6769 82
6770 111
6771 113
6772 98
6773 127
6774 103
6775 97
6776 118
6777 124
6778 112
6779 113
6780 107
6781 111
6782 118
6783 96
6784 92
6785 109
6786 122
6787 112
6788 97
6789 111
6790 103
6791 128
6792 104
6793 124
6794 96
6795 112
6796 118
6797 110
6798 102
6799 93
6800 97
6801 95
6802 108
6803 109
6804 107
6805 95
6806 102
6807 113
6808 112
6809 100
6810 105
6811 97
6812 94
6813 123
6814 114
6815 92
6816 104
6817 112
6818 115
6819 121
6820 108
6821 81
6822 88
6823 99
6824 89
6825 105
6826 108
6827 105
6828 105
6829 94
6830 86
6831 119
6832 121
6833 93
6834 112
6835 117
6836 111
6837 109
6838 107
6839 117
6840 127
6841 92
6842 117
6843 113
6844 120
6845 95
6846 104
6847 125
6848 119
6849 97
6850 111
6851 109
6852 116
6853 120
6854 88
6855 104
6856 117
6857 108
6858 119
6859 111
6860 106
6861 98
6862 105
6863 104
6864 91
6865 131
6866 114
6867 89
6868 103
6869 112
6870 87
6871 111
6872 112
6873 97
6874 95
6875 97
6876 109
6877 106
6878 114
6879 120
6880 118
6881 134
6882 102
6883 106
6884 115
6885 118
6886 124
6887 80
6888 102
6889 108
6890 118
6891 110
6892 113
6893 102
6894 95
6895 130
6896 95
6897 99
6898 104
6899 108
6900 106
6901 134
6902 100
6903 104
6904 110
6905 99
6906 106
6907 97
6908 121
6909 105
6910 102
6911 126
6912 98
6913 100
6914 112
6915 107
6916 122
6917 97
6918 106
6919 117
6920 103
6921 125
6922 98
6923 123
6924 104
6925 112
6926 84
6927 110
6928 88
6929 103
6930 101
6931 110
6932 113
6933 110
6934 104
6935 94
6936 114
6937 105
6938 101
6939 102
6940 106
6941 100
6942 102
6943 101
6944 106
6945 93
6946 107
6947 113
6948 119
6949 112
6950 103
6951 112
6952 107
6953 119
6954 104
6955 104
6956 106
6957 88
6958 115
6959 105
6960 109
6961 113
6962 102
6963 92
6964 98
6965 100
6966 105
6967 112
6968 104
6969 100
6970 98
6971 104
6972 97
6973 108
6974 113
6975 98
6976 125
6977 98
6978 113
6979 117
6980 88
6981 110
6982 93
6983 107
6984 108
6985 102
6986 128
6987 114
6988 92
6989 100
6990 104
6991 86
6992 98
6993 102
6994 102
6995 114
6996 100
6997 121
6998 107
6999 114
7000 114
7001 115
7002 123
7003 97
7004 105
7005 97
7006 91
7007 103
7008 120
7009 93
7010 112
7011 101
7012 95
7013 115
7014 118
7015 112
7016 100
7017 100
7018 91
7019 112
7020 107
7021 99
7022 96
7023 103
7024 117
7025 120
7026 88
7027 113
7028 105
7029 98
7030 94
7031 107
7032 96
7033 96
7034 102
7035 103
7036 82
7037 108
7038 126
7039 100
7040 103
7041 110
7042 109
7043 80
7044 119
7045 92
7046 94
7047 110
7048 104
7049 106
7050 111
7051 94
7052 99
7053 100
7054 108
7055 106
7056 89
7057 101
7058 100
7059 90
7060 118
7061 111
7062 80
7063 96
7064 95
7065 100
7066 128
7067 97
7068 115
7069 101
7070 94
7071 103
7072 112
7073 100
7074 101
7075 110
7076 115
7077 103
7078 104
7079 98
7080 118
7081 106
7082 93
7083 118
7084 104
7085 104
7086 91
7087 102
7088 104
7089 95
7090 107
7091 111
7092 111
7093 92
7094 103
7095 106
7096 112
7097 114
7098 108
7099 102
7100 98
7101 102
7102 105
7103 97
7104 89
7105 74
7106 101
7107 121
7108 118
7109 99
7110 95
7111 109
7112 103
7113 122
7114 108
7115 94
7116 114
7117 89
7118 90
7119 122
7120 111
7121 92
7122 103
7123 95
7124 81
7125 118
7126 113
7127 119
7128 85
7129 129
7130 98
7131 103
7132 97
7133 120
7134 100
7135 125
7136 100
7137 105
7138 102
7139 96
7140 104
7141 111
7142 109
7143 99
7144 92
7145 119
7146 117
7147 106
7148 106
7149 120
7150 110
7151 108
7152 97
7153 108
7154 112
7155 87
7156 123
7157 91
7158 85
7159 105
7160 116
7161 123
7162 103
7163 114
7164 108
7165 89
7166 98
7167 91
7168 94
7169 98
7170 92
7171 97
7172 109
7173 78
7174 100
7175 107
7176 100
7177 97
7178 93
7179 100
7180 101
7181 106
7182 105
7183 103
7184 95
7185 118
7186 107
7187 106
7188 98
7189 106
7190 106
7191 109
7192 116
7193 91
7194 114
7195 104
7196 99
7197 103
7198 104
7199 101
7200 96
7201 95
7202 92
7203 113
7204 89
7205 96
7206 96
7207 100
7208 107
7209 89
7210 102
7211 95
7212 95
7213 96
7214 97
7215 99
7216 117
7217 110
7218 100
7219 83
7220 103
7221 107
7222 85
7223 98
7224 102
7225 101
7226 110
7227 82
7228 93
7229 95
7230 89
7231 94
7232 100
7233 102
7234 94
7235 94
7236 107
7237 110
7238 103
7239 93
7240 84
7241 98
7242 106
7243 99
7244 95
7245 86
7246 84
7247 93
7248 84
7249 113
7250 103
7251 102
7252 90
7253 96
7254 95
7255 99
7256 95
7257 127
7258 109
7259 109
7260 87
7261 85
7262 97
7263 98
7264 81
7265 95
7266 112
7267 117
7268 95
7269 114
7270 100
7271 104
7272 88
7273 87
7274 88
7275 108
7276 94
7277 98
7278 87
7279 97
7280 103
7281 99
7282 105
7283 119
7284 115
7285 94
7286 111
7287 88
7288 96
7289 79
7290 91
7291 107
7292 95
7293 77
7294 98
7295 112
7296 112
7297 105
7298 88
7299 84
7300 102
7301 101
7302 88
7303 115
7304 99
7305 100
7306 106
7307 92
7308 91
7309 90
7310 94
7311 71
7312 90
7313 101
7314 96
7315 94
7316 96
7317 94
7318 108
7319 110
7320 98
7321 92
7322 98
7323 99
7324 112
7325 99
7326 101
7327 90
7328 86
7329 101
7330 86
7331 107
7332 94
7333 100
7334 112
7335 136
7336 87
7337 97
7338 101
7339 107
7340 97
7341 90
7342 108
7343 98
7344 97
7345 102
7346 87
7347 114
7348 86
7349 100
7350 95
7351 118
7352 96
7353 101
7354 102
7355 101
7356 109
7357 103
7358 97
7359 94
7360 88
7361 90
7362 89
7363 95
7364 83
7365 88
7366 94
7367 102
7368 89
7369 95
7370 117
7371 85
7372 101
7373 98
7374 107
7375 93
7376 101
7377 82
7378 108
7379 84
7380 95
7381 95
7382 89
7383 78
7384 98
7385 110
7386 89
7387 95
7388 101
7389 101
7390 105
7391 99
7392 100
7393 91
7394 96
7395 89
7396 103
7397 96
7398 97
7399 89
7400 76
7401 90
7402 99
7403 101
7404 107
7405 90
7406 82
7407 98
7408 99
7409 83
7410 94
7411 84
7412 102
7413 87
7414 96
7415 97
7416 83
7417 87
7418 97
7419 98
7420 88
7421 84
7422 114
7423 101
7424 105
7425 96
7426 105
7427 101
7428 85
7429 85
7430 109
7431 100
7432 95
7433 84
7434 100
7435 105
7436 99
7437 90
7438 92
7439 78
7440 85
7441 107
7442 85
7443 89
7444 93
7445 84
7446 84
7447 97
7448 90
7449 95
7450 99
7451 97
7452 98
7453 94
7454 98
7455 105
7456 110
7457 88
7458 98
7459 105
7460 87
7461 99
7462 93
7463 114
7464 101
7465 97
7466 96
7467 118
7468 98
7469 101
7470 93
7471 114
7472 100
7473 119
7474 83
7475 95
7476 117
7477 102
7478 106
7479 104
7480 104
7481 90
7482 87
7483 90
7484 115
7485 88
7486 103
7487 94
7488 84
7489 92
7490 100
7491 83
7492 109
7493 92
7494 80
7495 83
7496 84
7497 93
7498 90
7499 67
7500 103
7501 89
7502 89
7503 105
7504 77
7505 87
7506 87
7507 99
7508 86
7509 76
7510 89
7511 98
7512 93
7513 88
7514 94
7515 87
7516 85
7517 101
7518 118
7519 90
7520 89
7521 93
7522 94
7523 98
7524 113
7525 105
7526 82
7527 103
7528 83
7529 81
7530 85
7531 87
7532 99
7533 102
7534 90
7535 92
7536 88
7537 85
7538 82
7539 104
7540 96
7541 80
7542 106
7543 102
7544 94
7545 90
7546 98
7547 103
7548 89
7549 90
7550 96
7551 96
7552 102
7553 102
7554 92
7555 94
7556 95
7557 89
7558 98
7559 102
7560 89
7561 107
7562 103
7563 93
7564 93
7565 82
7566 68
7567 93
7568 82
7569 89
7570 86
7571 103
7572 96
7573 86
7574 97
7575 111
7576 104
7577 91
7578 100
7579 92
7580 100
7581 94
7582 107
7583 104
7584 85
7585 107
7586 94
7587 83
7588 89
7589 98
7590 90
7591 90
7592 91
7593 80
7594 109
7595 91
7596 90
7597 89
7598 88
7599 94
7600 97
7601 79
7602 104
7603 103
7604 100
7605 92
7606 96
7607 80
7608 106
7609 95
7610 93
7611 106
7612 101
7613 96
7614 89
7615 84
7616 85
7617 88
7618 96
7619 102
7620 98
7621 87
7622 93
7623 94
7624 86
7625 88
7626 79
7627 81
7628 87
7629 98
7630 87
7631 85
7632 83
7633 91
7634 92
7635 93
7636 85
7637 103
7638 87
7639 84
7640 106
7641 87
7642 87
7643 97
7644 78
7645 101
7646 105
7647 97
7648 97
7649 101
7650 91
7651 105
7652 85
7653 114
7654 91
7655 81
7656 98
7657 76
7658 87
7659 93
7660 89
7661 94
7662 102
7663 90
7664 88
7665 89
7666 115
7667 98
7668 94
7669 86
7670 85
7671 93
7672 84
7673 107
7674 98
7675 76
7676 88
7677 99
7678 88
7679 103
7680 89
7681 84
7682 103
7683 122
7684 90
7685 70
7686 80
7687 78
7688 95
7689 92
7690 87
7691 101
7692 94
7693 106
7694 80
7695 87
7696 96
7697 93
7698 83
7699 87
7700 98
7701 103
7702 93
7703 91
7704 72
7705 91
7706 86
7707 75
7708 86
7709 80
7710 74
7711 103
7712 88
7713 99
7714 96
7715 98
7716 83
7717 97
7718 89
7719 98
7720 98
7721 91
7722 93
7723 87
7724 94
7725 86
7726 94
7727 82
7728 97
7729 93
7730 102
7731 84
7732 73
7733 91
7734 103
7735 83
7736 101
7737 92
7738 97
7739 95
7740 94
7741 84
7742 77
7743 105
7744 97
7745 71
7746 76
7747 89
7748 91
7749 89
7750 86
7751 88
7752 90
7753 94
7754 93
7755 79
7756 100
7757 112
7758 82
7759 101
7760 89
7761 86
7762 95
7763 86
7764 96
7765 71
7766 94
7767 92
7768 72
7769 81
7770 83
7771 92
7772 87
7773 86
7774 84
7775 71
7776 86
7777 68
7778 82
7779 88
7780 84
7781 92
7782 86
7783 113
7784 91
7785 76
7786 90
7787 92
7788 89
7789 78
7790 74
7791 60
7792 92
7793 97
7794 101
7795 61
7796 76
7797 98
7798 89
7799 78
7800 92
7801 87
7802 73
7803 91
7804 86
7805 70
7806 70
7807 81
7808 84
7809 93
7810 91
7811 84
7812 90
7813 108
7814 100
7815 98
7816 77
7817 64
7818 81
7819 83
7820 92
7821 85
7822 85
7823 86
7824 92
7825 86
7826 75
7827 76
7828 79
7829 81
7830 95
7831 79
7832 66
7833 74
7834 91
7835 94
7836 89
7837 97
7838 83
7839 84
7840 108
7841 84
7842 77
7843 80
7844 70
7845 98
7846 87
7847 82
7848 81
7849 87
7850 78
7851 97
7852 93
7853 93
7854 82
7855 74
7856 84
7857 88
7858 97
7859 83
7860 79
7861 114
7862 84
7863 95
7864 71
7865 86
7866 84
7867 77
7868 90
7869 89
7870 86
7871 86
7872 105
7873 70
7874 94
7875 84
7876 85
7877 83
7878 98
7879 74
7880 79
7881 80
7882 90
7883 96
7884 79
7885 80
7886 73
7887 79
7888 94
7889 79
7890 97
7891 81
7892 88
7893 68
7894 71
7895 84
7896 86
7897 90
7898 85
7899 61
7900 102
7901 94
7902 91
7903 81
7904 73
7905 91
7906 96
7907 74
7908 78
7909 95
7910 89
7911 88
7912 79
7913 83
7914 84
7915 91
7916 93
7917 98
7918 106
7919 92
7920 91
7921 98
7922 101
7923 85
7924 93
7925 97
7926 70
7927 79
7928 79
7929 90
7930 81
7931 90
7932 89
7933 85
7934 82
7935 90
7936 91
7937 77
7938 69
7939 76
7940 89
7941 86
7942 84
7943 82
7944 71
7945 80
7946 82
7947 84
7948 90
7949 77
7950 90
7951 83
7952 84
7953 87
7954 96
7955 72
7956 84
7957 80
7958 93
7959 87
7960 77
7961 80
7962 84
7963 87
7964 92
7965 97
7966 88
7967 76
7968 84
7969 84
7970 70
7971 82
7972 87
7973 77
7974 86
7975 80
7976 71
7977 79
7978 102
7979 81
7980 83
7981 74
7982 91
7983 79
7984 85
7985 94
7986 94
7987 78
7988 83
7989 94
7990 86
7991 85
7992 90
7993 85
7994 86
7995 72
7996 77
7997 75
7998 79
7999 90
8000 88
8001 82
8002 91
8003 90
8004 90
8005 76
8006 85
8007 91
8008 82
8009 90
8010 111
8011 104
8012 85
8013 90
8014 83
8015 73
8016 89
8017 80
8018 92
8019 78
8020 83
8021 89
8022 87
8023 83
8024 88
8025 85
8026 65
8027 78
8028 80
8029 83
8030 87
8031 79
8032 82
8033 75
8034 86
8035 86
8036 68
8037 84
8038 70
8039 79
8040 93
8041 74
8042 73
8043 71
8044 104
8045 82
8046 79
8047 84
8048 79
8049 83
8050 86
8051 89
8052 89
8053 75
8054 58
8055 92
8056 98
8057 85
8058 88
8059 76
8060 66
8061 82
8062 82
8063 72
8064 93
8065 87
8066 80
8067 79
8068 83
8069 69
8070 92
8071 81
8072 91
8073 78
8074 68
8075 92
8076 108
8077 83
8078 95
8079 93
8080 88
8081 89
8082 106
8083 74
8084 102
8085 65
8086 89
8087 96
8088 85
8089 97
8090 78
8091 107
8092 86
8093 91
8094 75
8095 76
8096 75
8097 88
8098 87
8099 85
8100 73
8101 77
8102 79
8103 76
8104 81
8105 83
8106 71
8107 76
8108 77
8109 96
8110 93
8111 100
8112 73
8113 98
8114 73
8115 90
8116 67
8117 77
8118 72
8119 70
8120 91
8121 84
8122 76
8123 76
8124 84
8125 78
8126 90
8127 100
8128 79
8129 88
8130 77
8131 81
8132 91
8133 91
8134 84
8135 67
8136 84
8137 80
8138 82
8139 84
8140 90
8141 82
8142 85
8143 85
8144 78
8145 70
8146 94
8147 77
8148 82
8149 101
8150 83
8151 79
8152 103
8153 67
8154 79
8155 73
8156 82
8157 93
8158 83
8159 86
8160 67
8161 89
8162 80
8163 99
8164 84
8165 75
8166 85
8167 82
8168 77
8169 80
8170 61
8171 65
8172 80
8173 94
8174 80
8175 84
8176 95
8177 80
8178 71
8179 72
8180 72
8181 83
8182 67
8183 79
8184 78
8185 81
8186 82
8187 83
8188 89
8189 95
8190 72
8191 66
8192 89
8193 71
8194 93
8195 85
8196 87
8197 65
8198 66
8199 85
8200 75
8201 84
8202 81
8203 67
8204 84
8205 93
8206 84
8207 72
8208 63
8209 84
8210 82
8211 101
8212 77
8213 78
8214 80
8215 97
8216 81
8217 84
8218 104
8219 80
8220 80
8221 94
8222 80
8223 72
8224 88
8225 85
8226 86
8227 87
8228 72
8229 78
8230 75
8231 69
8232 88
8233 70
8234 76
8235 84
8236 77
8237 83
8238 68
8239 77
8240 84
8241 82
8242 80
8243 74
8244 76
8245 81
8246 83
8247 72
8248 80
8249 76
8250 84
8251 78
8252 71
8253 66
8254 77
8255 68
8256 87
8257 75
8258 85
8259 79
8260 70
8261 87
8262 70
8263 79
8264 68
8265 86
8266 69
8267 89
8268 75
8269 66
8270 87
8271 77
8272 87
8273 67
8274 74
8275 87
8276 76
8277 83
8278 85
8279 78
8280 89
8281 85
8282 81
8283 68
8284 82
8285 83
8286 71
8287 69
8288 93
8289 93
8290 72
8291 89
8292 85
8293 86
8294 70
8295 74
8296 65
8297 94
8298 71
8299 84
8300 55
8301 77
8302 84
8303 85
8304 77
8305 78
8306 98
8307 72
8308 77
8309 83
8310 77
8311 65
8312 87
8313 83
8314 84
8315 73
8316 71
8317 72
8318 83
8319 79
8320 80
8321 65
8322 91
8323 75
8324 75
8325 76
8326 85
8327 76
8328 82
8329 93
8330 82
8331 74
8332 92
8333 84
8334 84
8335 71
8336 88
8337 88
8338 105
8339 98
8340 64
8341 82
8342 96
8343 84
8344 90
8345 73
8346 83
8347 75
8348 84
8349 63
8350 83
8351 78
8352 79
8353 64
8354 72
8355 75
8356 67
8357 79
8358 80
8359 54
8360 69
8361 90
8362 80
8363 84
8364 88
8365 77
8366 86
8367 76
8368 69
8369 74
8370 74
8371 86
8372 65
8373 75
8374 74
8375 72
8376 62
8377 59
8378 72
8379 88
8380 78
8381 78
8382 83
8383 60
8384 82
8385 86
8386 87
8387 81
8388 75
8389 84
8390 76
8391 75
8392 76
8393 88
8394 75
8395 67
8396 70
8397 85
8398 83
8399 77
8400 79
8401 74
8402 77
8403 75
8404 84
8405 72
8406 80
8407 76
8408 80
8409 71
8410 84
8411 65
8412 74
8413 79
8414 81
8415 69
8416 81
8417 73
8418 69
8419 89
8420 67
8421 77
8422 79
8423 68
8424 93
8425 75
8426 67
8427 78
8428 77
8429 81
8430 78
8431 80
8432 87
8433 60
8434 74
8435 82
8436 85
8437 64
8438 78
8439 79
8440 76
8441 69
8442 87
8443 67
8444 80
8445 95
8446 71
8447 88
8448 85
8449 76
8450 63
8451 81
8452 75
8453 74
8454 91
8455 82
8456 76
8457 79
8458 78
8459 82
8460 86
8461 83
8462 74
8463 78
8464 79
8465 76
8466 72
8467 79
8468 93
8469 77
8470 93
8471 75
8472 65
8473 69
8474 65
8475 79
8476 55
8477 93
8478 71
8479 71
8480 73
8481 60
8482 60
8483 83
8484 65
8485 66
8486 73
8487 92
8488 68
8489 88
8490 63
8491 67
8492 90
8493 74
8494 73
8495 68
8496 60
8497 75
8498 74
8499 83
8500 84
8501 85
8502 75
8503 60
8504 65
8505 88
8506 75
8507 67
8508 68
8509 68
8510 70
8511 82
8512 72
8513 51
8514 75
8515 76
8516 87
8517 77
8518 84
8519 64
8520 56
8521 78
8522 75
8523 67
8524 69
8525 64
8526 74
8527 79
8528 73
8529 96
8530 68
8531 78
8532 81
8533 75
8534 66
8535 70
8536 71
8537 68
8538 79
8539 81
8540 81
8541 68
8542 65
8543 81
8544 96
8545 63
8546 73
8547 88
8548 52
8549 93
8550 94
8551 73
8552 86
8553 73
8554 61
8555 73
8556 72
8557 81
8558 64
8559 74
8560 68
8561 67
8562 79
8563 77
8564 63
8565 62
8566 62
8567 84
8568 65
8569 72
8570 78
8571 77
8572 83
8573 82
8574 79
8575 78
8576 87
8577 84
8578 60
8579 71
8580 59
8581 84
8582 74
8583 71
8584 82
8585 91
8586 67
8587 66
8588 75
8589 66
8590 56
8591 80
8592 71
8593 63
8594 75
8595 79
8596 84
8597 68
8598 73
8599 60
8600 77
8601 50
8602 55
8603 70
8604 78
8605 79
8606 69
8607 76
8608 74
8609 88
8610 86
8611 74
8612 76
8613 58
8614 83
8615 77
8616 73
8617 69
8618 82
8619 65
8620 73
8621 70
8622 60
8623 81
8624 80
8625 73
8626 77
8627 81
8628 65
8629 82
8630 77
8631 88
8632 74
8633 64
8634 51
8635 67
8636 86
8637 60
8638 65
8639 78
8640 69
8641 69
8642 75
8643 80
8644 70
8645 86
8646 71
8647 79
8648 73
8649 71
8650 76
8651 82
8652 74
8653 79
8654 79
8655 68
8656 69
8657 64
8658 73
8659 70
8660 74
8661 78
8662 72
8663 71
8664 87
8665 67
8666 62
8667 69
8668 76
8669 86
8670 63
8671 65
8672 73
8673 62
8674 83
8675 83
8676 77
8677 62
8678 73
8679 79
8680 69
8681 81
8682 66
8683 80
8684 85
8685 71
8686 80
8687 68
8688 76
8689 82
8690 86
8691 73
8692 94
8693 72
8694 69
8695 55
8696 84
8697 55
8698 68
8699 73
8700 71
8701 81
8702 67
8703 75
8704 81
8705 73
8706 73
8707 78
8708 75
8709 59
8710 67
8711 75
8712 75
8713 70
8714 82
8715 75
8716 67
8717 83
8718 75
8719 76
8720 78
8721 69
8722 76
8723 68
8724 66
8725 87
8726 71
8727 72
8728 66
8729 83
8730 79
8731 72
8732 77
8733 68
8734 69
8735 70
8736 62
8737 65
8738 66
8739 75
8740 72
8741 82
8742 66
8743 56
8744 78
8745 70
8746 82
8747 67
8748 73
8749 77
8750 71
8751 68
8752 68
8753 80
8754 81
8755 80
8756 70
8757 78
8758 70
8759 74
8760 74
8761 80
8762 74
8763 60
8764 82
8765 70
8766 71
8767 66
8768 72
8769 61
8770 84
8771 87
8772 88
8773 81
8774 82
8775 76
8776 63
8777 61
8778 66
8779 72
8780 78
8781 67
8782 58
8783 75
8784 73
8785 73
8786 70
8787 64
8788 79
8789 76
8790 71
8791 83
8792 67
8793 76
8794 70
8795 73
8796 61
8797 61
8798 62
8799 59
8800 77
8801 72
8802 63
8803 61
8804 70
8805 74
8806 67
8807 77
8808 67
8809 80
8810 77
8811 62
8812 60
8813 63
8814 71
8815 63
8816 86
8817 79
8818 67
8819 69
8820 66
8821 65
8822 62
8823 69
8824 59
8825 61
8826 86
8827 71
8828 68
8829 75
8830 55
8831 68
8832 75
8833 62
8834 69
8835 65
8836 65
8837 70
8838 67
8839 77
8840 58
8841 70
8842 68
8843 68
8844 57
8845 68
8846 56
8847 63
8848 51
8849 81
8850 76
8851 71
8852 68
8853 63
8854 56
8855 58
8856 73
8857 64
8858 79
8859 77
8860 63
8861 67
8862 61
8863 91
8864 60
8865 77
8866 60
8867 61
8868 60
8869 65
8870 56
8871 65
8872 69
8873 79
8874 76
8875 63
8876 60
8877 58
8878 82
8879 56
8880 54
8881 64
8882 77
8883 66
8884 75
8885 72
8886 64
8887 53
8888 72
8889 67
8890 63
8891 71
8892 62
8893 52
8894 69
8895 64
8896 71
8897 59
8898 63
8899 63
8900 76
8901 63
8902 48
8903 84
8904 62
8905 61
8906 68
8907 69
8908 74
8909 69
8910 64
8911 58
8912 57
8913 72
8914 75
8915 68
8916 53
8917 63
8918 51
8919 68
8920 80
8921 67
8922 58
8923 70
8924 49
8925 51
8926 56
8927 71
8928 74
8929 49
8930 66
8931 62
8932 62
8933 66
8934 60
8935 67
8936 57
8937 63
8938 64
8939 70
8940 63
8941 61
8942 57
8943 76
8944 79
8945 58
8946 76
8947 72
8948 55
8949 67
8950 57
8951 63
8952 46
8953 61
8954 68
8955 61
8956 57
8957 51
8958 65
8959 79
8960 80
8961 64
8962 67
8963 85
8964 75
8965 65
8966 72
8967 66
8968 65
8969 59
8970 66
8971 58
8972 68
8973 72
8974 71
8975 61
8976 58
8977 68
8978 63
8979 62
8980 74
8981 72
8982 76
8983 75
8984 59
8985 80
8986 62
8987 86
8988 63
8989 64
8990 68
8991 66
8992 60
8993 81
8994 65
8995 55
8996 64
8997 72
8998 70
8999 69
9000 58
9001 58
9002 68
9003 62
9004 59
9005 72
9006 55
9007 73
9008 65
9009 57
9010 57
9011 71
9012 62
9013 52
9014 62
9015 63
9016 86
9017 75
9018 60
9019 74
9020 65
9021 66
9022 59
9023 77
9024 52
9025 62
9026 64
9027 66
9028 45
9029 69
9030 90
9031 72
9032 67
9033 64
9034 68
9035 65
9036 58
9037 68
9038 64
9039 53
9040 90
9041 69
9042 84
9043 67
9044 72
9045 63
9046 66
9047 55
9048 72
9049 81
9050 96
9051 48
9052 85
9053 64
9054 57
9055 56
9056 67
9057 62
9058 68
9059 62
9060 77
9061 71
9062 64
9063 75
9064 81
9065 59
9066 81
9067 74
9068 62
9069 67
9070 66
9071 57
9072 77
9073 64
9074 73
9075 67
9076 77
9077 74
9078 64
9079 78
9080 59
9081 58
9082 81
9083 55
9084 69
9085 64
9086 69
9087 57
9088 56
9089 61
9090 63
9091 70
9092 54
9093 53
9094 56
9095 72
9096 76
9097 67
9098 72
9099 61
9100 64
9101 67
9102 72
9103 69
9104 65
9105 79
9106 61
9107 77
9108 59
9109 57
9110 71
9111 57
9112 60
9113 80
9114 83
9115 57
9116 71
9117 59
9118 61
9119 69
9120 54
9121 58
9122 56
9123 62
9124 64
9125 54
9126 64
9127 60
9128 71
9129 58
9130 56
9131 63
9132 77
9133 56
9134 77
9135 80
9136 64
9137 64
9138 61
9139 55
9140 68
9141 83
9142 77
9143 58
9144 62
9145 60
9146 68
9147 70
9148 66
9149 68
9150 65
9151 66
9152 61
9153 69
9154 71
9155 70
9156 73
9157 63
9158 48
9159 70
9160 61
9161 67
9162 68
9163 72
9164 66
9165 59
9166 65
9167 69
9168 69
9169 59
9170 68
9171 52
9172 57
9173 76
9174 62
9175 61
9176 60
9177 66
9178 70
9179 72
9180 83
9181 56
9182 58
9183 69
9184 50
9185 55
9186 68
9187 65
9188 56
9189 55
9190 69
9191 58
9192 62
9193 55
9194 66
9195 67
9196 68
9197 66
9198 68
9199 55
9200 54
9201 58
9202 75
9203 74
9204 73
9205 59
9206 50
9207 60
9208 48
9209 63
9210 53
9211 65
9212 63
9213 65
9214 81
9215 44
9216 48
9217 58
9218 66
9219 49
9220 56
9221 67
9222 57
9223 55
9224 69
9225 63
9226 58
9227 60
9228 59
9229 83
9230 62
9231 58
9232 73
9233 62
9234 75
9235 57
9236 75
9237 71
9238 51
9239 68
9240 68
9241 64
9242 58
9243 61
9244 45
9245 57
9246 49
9247 63
9248 48
9249 62
9250 56
9251 57
9252 60
9253 66
9254 61
9255 56
9256 57
9257 50
9258 67
9259 67
9260 66
9261 53
9262 77
9263 52
9264 45
9265 53
9266 62
9267 75
9268 60
9269 68
9270 66
9271 63
9272 69
9273 48
9274 56
9275 68
9276 55
9277 71
9278 66
9279 59
9280 54
9281 64
9282 74
9283 69
9284 77
9285 69
9286 51
9287 57
9288 56
9289 69
9290 69
9291 68
9292 59
9293 61
9294 53
9295 65
9296 63
9297 73
9298 52
9299 55
9300 51
9301 55
9302 62
9303 74
9304 57
9305 70
9306 53
9307 68
9308 65
9309 66
9310 70
9311 49
9312 63
9313 67
9314 58
9315 83
9316 72
9317 72
9318 58
9319 57
9320 66
9321 58
9322 56
9323 43
9324 59
9325 56
9326 58
9327 62
9328 68
9329 62
9330 59
9331 72
9332 68
9333 57
9334 59
9335 68
9336 70
9337 67
9338 65
9339 59
9340 76
9341 58
9342 58
9343 60
9344 67
9345 64
9346 86
9347 67
9348 61
9349 60
9350 63
9351 63
9352 55
9353 73
9354 61
9355 71
9356 69
9357 58
9358 68
9359 74
9360 54
9361 66
9362 53
9363 50
9364 60
9365 65
9366 76
9367 61
9368 52
9369 62
9370 60
9371 62
9372 58
9373 52
9374 60
9375 62
9376 62
9377 63
9378 71
9379 62
9380 62
9381 62
9382 61
9383 54
9384 65
9385 58
9386 47
9387 45
9388 63
9389 68
9390 66
9391 56
9392 69
9393 49
9394 78
9395 52
9396 67
9397 57
9398 57
9399 48
9400 58
9401 45
9402 55
9403 51
9404 67
9405 52
9406 49
9407 69
9408 50
9409 60
9410 45
9411 80
9412 59
9413 64
9414 64
9415 70
9416 62
9417 64
9418 56
9419 71
9420 60
9421 62
9422 65
9423 75
9424 68
9425 53
9426 71
9427 57
9428 54
9429 59
9430 60
9431 57
9432 56
9433 76
9434 60
9435 67
9436 57
9437 65
9438 70
9439 49
9440 74
9441 61
9442 48
9443 67
9444 51
9445 74
9446 73
9447 57
9448 64
9449 58
9450 62
9451 64
9452 64
9453 39
9454 53
9455 66
9456 64
9457 77
9458 50
9459 50
9460 57
9461 53
9462 43
9463 56
9464 53
9465 58
9466 56
9467 57
9468 62
9469 57
9470 57
9471 54
9472 65
9473 67
9474 59
9475 63
9476 58
9477 53
9478 54
9479 56
9480 69
9481 64
9482 61
9483 59
9484 50
9485 57
9486 58
9487 43
9488 54
9489 72
9490 51
9491 63
9492 50
9493 55
9494 73
9495 62
9496 71
9497 50
9498 52
9499 39
9500 63
9501 43
9502 48
9503 42
9504 65
9505 58
9506 59
9507 52
9508 60
9509 45
9510 52
9511 64
9512 56
9513 43
9514 56
9515 50
9516 52
9517 57
9518 66
9519 48
9520 53
9521 44
9522 73
9523 43
9524 76
9525 47
9526 50
9527 56
9528 68
9529 50
9530 62
9531 60
9532 62
9533 60
9534 78
9535 66
9536 48
9537 59
9538 51
9539 55
9540 76
9541 49
9542 42
9543 52
9544 49
9545 51
9546 64
9547 63
9548 49
9549 66
9550 66
9551 45
9552 38
9553 69
9554 76
9555 61
9556 46
9557 68
9558 59
9559 63
9560 58
9561 60
9562 60
9563 57
9564 50
9565 66
9566 58
9567 70
9568 43
9569 61
9570 60
9571 52
9572 66
9573 62
9574 50
9575 53
9576 67
9577 54
9578 51
9579 55
9580 55
9581 52
9582 60
9583 45
9584 70
9585 48
9586 47
9587 61
9588 59
9589 56
9590 53
9591 66
9592 52
9593 46
9594 51
9595 52
9596 47
9597 79
9598 77
9599 64
9600 43
9601 43
9602 57
9603 51
9604 60
9605 60
9606 65
9607 49
9608 47
9609 58
9610 66
9611 51
9612 79
9613 57
9614 49
9615 56
9616 45
9617 62
9618 50
9619 59
9620 70
9621 54
9622 52
9623 61
9624 44
9625 61
9626 49
9627 57
9628 54
9629 59
9630 57
9631 53
9632 53
9633 55
9634 74
9635 52
9636 43
9637 63
9638 49
9639 59
9640 72
9641 65
9642 48
9643 52
9644 51
9645 53
9646 54
9647 49
9648 57
9649 71
9650 65
9651 51
9652 46
9653 57
9654 43
9655 76
9656 54
9657 44
9658 64
9659 64
9660 62
9661 43
9662 43
9663 49
9664 53
9665 60
9666 47
9667 50
9668 72
9669 55
9670 60
9671 50
9672 53
9673 43
9674 40
9675 51
9676 52
9677 59
9678 65
9679 55
9680 43
9681 60
9682 46
9683 64
9684 59
9685 50
9686 47
9687 63
9688 51
9689 59
9690 57
9691 73
9692 49
9693 50
9694 73
9695 67
9696 51
9697 45
9698 64
9699 46
9700 50
9701 49
9702 55
9703 53
9704 58
9705 51
9706 51
9707 53
9708 48
9709 61
9710 51
9711 64
9712 72
9713 73
9714 47
9715 52
9716 67
9717 47
9718 49
9719 60
9720 51
9721 51
9722 63
9723 65
9724 54
9725 66
9726 41
9727 53
9728 55
9729 53
9730 52
9731 60
9732 50
9733 54
9734 60
9735 50
9736 44
9737 57
9738 43
9739 50
9740 45
9741 58
9742 51
9743 57
9744 47
9745 70
9746 52
9747 47
9748 64
9749 58
9750 57
9751 42
9752 58
9753 49
9754 53
9755 50
9756 58
9757 47
9758 53
9759 59
9760 53
9761 63
9762 52
9763 62
9764 51
9765 56
9766 52
9767 66
9768 61
9769 53
9770 58
9771 56
9772 49
9773 49
9774 57
9775 49
9776 54
9777 34
9778 55
9779 47
9780 54
9781 47
9782 45
9783 69
9784 52
9785 63
9786 51
9787 70
9788 54
9789 56
9790 56
9791 53
9792 54
9793 65
9794 41
9795 68
9796 41
9797 62
9798 53
9799 63
9800 55
9801 55
9802 45
9803 65
9804 58
9805 56
9806 55
9807 62
9808 47
9809 53
9810 53
9811 52
9812 48
9813 55
9814 54
9815 46
9816 46
9817 66
9818 55
9819 46
9820 56
9821 42
9822 62
9823 53
9824 38
9825 59
9826 50
9827 41
9828 57
9829 44
9830 66
9831 46
9832 44
9833 44
9834 48
9835 53
9836 43
9837 68
9838 43
9839 56
9840 76
9841 63
9842 59
9843 39
9844 43
9845 56
9846 48
9847 63
9848 56
9849 45
9850 55
9851 46
9852 53
9853 46
9854 64
9855 41
9856 67
9857 62
9858 61
9859 41
9860 38
9861 48
9862 55
9863 65
9864 55
9865 52
9866 49
9867 39
9868 56
9869 51
9870 54
9871 53
9872 49
9873 39
9874 55
9875 52
9876 57
9877 44
9878 53
9879 43
9880 42
9881 53
9882 47
9883 48
9884 50
9885 59
9886 49
9887 48
9888 56
9889 59
9890 38
9891 48
9892 60
9893 53
9894 53
9895 48
9896 45
9897 55
9898 44
9899 43
9900 36
9901 49
9902 56
9903 45
9904 65
9905 45
9906 63
9907 54
9908 62
9909 57
9910 50
9911 45
9912 54
9913 52
9914 48
9915 45
9916 57
9917 54
9918 42
9919 62
9920 47
9921 55
9922 47
9923 43
9924 47
9925 40
9926 41
9927 55
9928 51
9929 47
9930 45
9931 42
9932 62
9933 49
9934 47
9935 44
9936 37
9937 52
9938 44
9939 42
9940 60
9941 64
9942 48
9943 47
9944 63
9945 39
9946 38
9947 42
9948 56
9949 48
9950 43
9951 51
9952 55
9953 65
9954 41
9955 49
9956 51
9957 48
9958 50
9959 49
9960 53
9961 36
9962 41
9963 45
9964 55
9965 52
9966 54
9967 48
9968 45
9969 49
9970 50
9971 52
9972 51
9973 47
9974 58
9975 52
9976 50
9977 55
9978 44
9979 56
9980 51
9981 58
9982 46
9983 44
9984 54
9985 42
9986 43
9987 61
9988 67
9989 46
9990 68
9991 48
9992 50
9993 55
9994 56
9995 52
9996 50
9997 62
9998 44
9999 47
10000 48
10001 594096
