# Title:27-mer spectra for: 63
# XLabel:27-mer frequency
# YLabel:# distinct 27-mers
# Kmer value:27
# Input 1:<pipe>
###
1 2106795282
2 170030818
3 52550028
4 26178949
5 15326267
6 10360419
7 7654514
8 6193388
9 5426678
10 5143108
11 5184239
12 5491315
13 6009868
14 6728750
15 7626314
16 8724323
17 9975292
18 11360897
19 12833272
20 14346447
21 15816869
22 17083156
23 18105518
24 18794600
25 19094790
26 19017573
27 18497009
28 17666422
29 16512617
30 15127007
31 13626689
32 12062144
33 10496268
34 9001343
35 7635023
36 6422730
37 5385227
38 4522044
39 3826653
40 3297156
41 2895970
42 2620867
43 2437428
44 2338581
45 2288712
46 2285106
47 2301056
48 2335796
49 2374294
50 2400669
51 2417433
52 2419178
53 2405187
54 2379541
55 2332488
56 2263658
57 2177993
58 2082073
59 1971395
60 1863279
61 1736169
62 1611012
63 1488525
64 1370124
65 1256583
66 1148877
67 1046538
68 957109
69 875955
70 803977
71 741015
72 683954
73 635443
74 596187
75 562048
76 532616
77 508408
78 485399
79 466425
80 449424
81 434767
82 423279
83 410964
84 398546
85 387400
86 377221
87 365755
88 356171
89 346067
90 337266
91 328078
92 318233
93 307693
94 299456
95 291115
96 282430
97 274328
98 267605
99 260371
100 254118
101 248258
102 243056
103 237501
104 231117
105 226796
106 221923
107 216894
108 212574
109 208564
110 204882
111 199993
112 196326
113 193255
114 188213
115 185360
116 181641
117 178226
118 174839
119 170481
120 167385
121 163250
122 159829
123 156559
124 152929
125 151012
126 147569
127 145346
128 142511
129 140410
130 137287
131 134349
132 132073
133 129186
134 127320
135 124808
136 122690
137 119931
138 118235
139 116108
140 114765
141 113135
142 111143
143 109248
144 107227
145 105457
146 103548
147 102320
148 100770
149 100106
150 98368
151 97568
152 95756
153 94463
154 93261
155 91999
156 90468
157 89486
158 87388
159 87364
160 85935
161 84665
162 84488
163 81980
164 81407
165 79960
166 79627
167 78206
168 77284
169 76605
170 75265
171 74116
172 73248
173 71649
174 71517
175 70367
176 69997
177 68492
178 67680
179 67251
180 66386
181 65799
182 64673
183 64105
184 64016
185 62788
186 61752
187 61459
188 60289
189 59675
190 58668
191 57789
192 57570
193 56808
194 56574
195 55179
196 54921
197 54597
198 53970
199 53768
200 53092
201 52048
202 51406
203 51124
204 50935
205 49991
206 49709
207 49262
208 48661
209 48292
210 47469
211 47163
212 46690
213 46053
214 45907
215 45443
216 44824
217 44250
218 43908
219 43525
220 42663
221 42556
222 41877
223 41389
224 40544
225 40271
226 40324
227 39920
228 39580
229 39244
230 38997
231 38604
232 38119
233 38174
234 37786
235 37025
236 36585
237 36730
238 36026
239 35452
240 35539
241 35141
242 34430
243 34505
244 34479
245 34230
246 33875
247 33370
248 33086
249 33015
250 32638
251 32096
252 31825
253 31440
254 31172
255 31019
256 30788
257 30466
258 30242
259 30047
260 29864
261 30283
262 29574
263 29518
264 29068
265 29062
266 28759
267 28553
268 28180
269 28099
270 27633
271 27607
272 26951
273 26944
274 26581
275 26280
276 26378
277 25799
278 25635
279 25450
280 25064
281 25282
282 24910
283 24819
284 24440
285 24573
286 24398
287 24105
288 23905
289 23882
290 23493
291 23400
292 23237
293 23095
294 22779
295 22640
296 22868
297 22751
298 22111
299 22186
300 21925
301 21554
302 21724
303 21296
304 21419
305 21141
306 20886
307 20633
308 20743
309 20760
310 20385
311 20093
312 19933
313 19994
314 19786
315 19711
316 19603
317 19272
318 19176
319 19089
320 19154
321 18960
322 18845
323 18445
324 18578
325 18389
326 18468
327 18242
328 18085
329 17890
330 17887
331 17685
332 17421
333 17606
334 17588
335 17314
336 16983
337 16885
338 17105
339 16749
340 16714
341 16731
342 16689
343 16303
344 16208
345 16027
346 16348
347 16245
348 15939
349 15964
350 15490
351 15530
352 15542
353 15465
354 15451
355 15195
356 15227
357 15349
358 14986
359 14802
360 14939
361 14760
362 14566
363 14726
364 14405
365 14396
366 14469
367 14317
368 14263
369 14153
370 13977
371 14136
372 14102
373 14104
374 14142
375 13924
376 13777
377 13846
378 13760
379 13444
380 13315
381 13429
382 13169
383 13277
384 13140
385 13162
386 13119
387 13033
388 12995
389 12848
390 12680
391 12824
392 12684
393 12620
394 12505
395 12498
396 12425
397 12383
398 12389
399 12307
400 12204
401 12158
402 12207
403 12022
404 12058
405 11719
406 11792
407 11851
408 11751
409 11960
410 11658
411 11772
412 11706
413 11511
414 11673
415 11495
416 11221
417 11356
418 11138
419 11013
420 11162
421 11085
422 11084
423 10830
424 10881
425 10971
426 10882
427 10734
428 10491
429 10608
430 10389
431 10570
432 10331
433 10349
434 10504
435 10476
436 10291
437 10260
438 10245
439 10234
440 10157
441 10103
442 10146
443 10083
444 10330
445 10071
446 10023
447 9883
448 10049
449 9880
450 9879
451 10058
452 9841
453 9778
454 9545
455 9720
456 9640
457 9671
458 9405
459 9646
460 9663
461 9555
462 9533
463 9392
464 9221
465 9447
466 9625
467 9371
468 9250
469 9241
470 9190
471 8975
472 8939
473 9270
474 8943
475 8983
476 8831
477 8872
478 8792
479 8785
480 8712
481 8771
482 8713
483 8515
484 8681
485 8656
486 8477
487 8365
488 8255
489 8368
490 8221
491 8113
492 8477
493 8279
494 8316
495 8002
496 8067
497 8242
498 8197
499 8126
500 7994
501 7839
502 8072
503 7872
504 7930
505 7977
506 7814
507 7774
508 7792
509 7637
510 7640
511 7674
512 7554
513 7612
514 7601
515 7619
516 7627
517 7555
518 7559
519 7333
520 7602
521 7379
522 7361
523 7474
524 7152
525 7222
526 7301
527 7475
528 7290
529 7362
530 7191
531 7169
532 7177
533 6990
534 7050
535 7136
536 7046
537 7327
538 6987
539 6916
540 6788
541 6930
542 6969
543 6873
544 6876
545 6945
546 6915
547 6788
548 6679
549 6714
550 6828
551 6829
552 6770
553 6663
554 6757
555 6569
556 6724
557 6734
558 6662
559 6559
560 6782
561 6396
562 6431
563 6557
564 6273
565 6415
566 6376
567 6418
568 6318
569 6206
570 6280
571 6250
572 6419
573 6247
574 6321
575 6294
576 6164
577 6288
578 6080
579 6188
580 6327
581 6162
582 5990
583 6097
584 6101
585 6044
586 5986
587 5992
588 6018
589 6024
590 6087
591 6048
592 5831
593 5851
594 5862
595 5854
596 5770
597 5824
598 5699
599 5836
600 5711
601 5735
602 5802
603 5942
604 5784
605 5705
606 5661
607 5765
608 5665
609 5732
610 5725
611 5645
612 5544
613 5676
614 5508
615 5599
616 5427
617 5586
618 5396
619 5420
620 5249
621 5289
622 5378
623 5403
624 5300
625 5352
626 5314
627 5224
628 5349
629 5198
630 5322
631 5261
632 5105
633 5278
634 5226
635 5317
636 5226
637 5190
638 5316
639 5184
640 5099
641 5295
642 5331
643 5185
644 5284
645 5206
646 5255
647 5090
648 5144
649 5121
650 5135
651 4959
652 4958
653 5022
654 4953
655 4927
656 5073
657 5103
658 4810
659 4797
660 4853
661 4911
662 4879
663 4810
664 4744
665 4755
666 4758
667 4792
668 4676
669 4785
670 4725
671 4642
672 4615
673 4526
674 4660
675 4552
676 4724
677 4622
678 4577
679 4549
680 4645
681 4650
682 4679
683 4560
684 4554
685 4609
686 4503
687 4490
688 4473
689 4488
690 4465
691 4400
692 4400
693 4450
694 4471
695 4433
696 4479
697 4425
698 4305
699 4440
700 4357
701 4392
702 4352
703 4299
704 4179
705 4298
706 4340
707 4234
708 4326
709 4267
710 4179
711 4283
712 4134
713 4203
714 4410
715 4249
716 4271
717 4287
718 4212
719 4085
720 4181
721 4149
722 4294
723 4163
724 4070
725 3993
726 4183
727 4041
728 4131
729 4048
730 4094
731 4144
732 4081
733 4009
734 4045
735 4149
736 4066
737 4080
738 4117
739 3974
740 3955
741 4051
742 4013
743 3991
744 4012
745 4019
746 4000
747 3988
748 4019
749 3887
750 3923
751 3869
752 3861
753 3945
754 3977
755 3836
756 3867
757 3875
758 3856
759 3802
760 3775
761 3855
762 3749
763 3790
764 3721
765 3851
766 3780
767 3805
768 3791
769 3711
770 3720
771 3700
772 3641
773 3692
774 3696
775 3680
776 3679
777 3770
778 3694
779 3691
780 3702
781 3752
782 3614
783 3808
784 3630
785 3640
786 3563
787 3635
788 3535
789 3616
790 3610
791 3524
792 3536
793 3370
794 3552
795 3449
796 3387
797 3443
798 3510
799 3419
800 3519
801 3328
802 3376
803 3392
804 3365
805 3319
806 3256
807 3394
808 3216
809 3270
810 3286
811 3314
812 3286
813 3228
814 3289
815 3409
816 3381
817 3301
818 3288
819 3126
820 3222
821 3271
822 3190
823 3154
824 3111
825 3241
826 3114
827 3165
828 3126
829 3102
830 3081
831 3069
832 3112
833 3142
834 3081
835 3102
836 3098
837 3007
838 3057
839 2951
840 2996
841 3030
842 3106
843 3064
844 2970
845 3015
846 3008
847 2985
848 3091
849 3028
850 2885
851 2924
852 2918
853 2956
854 2957
855 3065
856 2898
857 2928
858 2851
859 2863
860 2868
861 2841
862 2908
863 2907
864 2915
865 2872
866 2931
867 2876
868 2913
869 2750
870 2840
871 2869
872 2774
873 2781
874 2811
875 2743
876 2840
877 2865
878 2800
879 2801
880 2794
881 2691
882 2775
883 2794
884 2715
885 2700
886 2741
887 2797
888 2737
889 2775
890 2661
891 2640
892 2733
893 2658
894 2650
895 2831
896 2745
897 2643
898 2686
899 2590
900 2646
901 2557
902 2647
903 2596
904 2646
905 2619
906 2557
907 2521
908 2536
909 2605
910 2563
911 2626
912 2509
913 2547
914 2489
915 2569
916 2453
917 2449
918 2598
919 2482
920 2540
921 2454
922 2470
923 2508
924 2511
925 2494
926 2414
927 2333
928 2454
929 2406
930 2415
931 2446
932 2375
933 2464
934 2392
935 2454
936 2388
937 2372
938 2369
939 2326
940 2420
941 2371
942 2279
943 2393
944 2228
945 2314
946 2267
947 2320
948 2298
949 2339
950 2390
951 2278
952 2289
953 2294
954 2368
955 2358
956 2307
957 2263
958 2291
959 2214
960 2307
961 2281
962 2279
963 2284
964 2220
965 2228
966 2288
967 2243
968 2198
969 2240
970 2199
971 2254
972 2095
973 2170
974 2256
975 2115
976 2178
977 2195
978 2210
979 2216
980 2209
981 2238
982 2137
983 2082
984 2138
985 2123
986 2124
987 2163
988 2195
989 2059
990 2060
991 2089
992 2016
993 2110
994 2034
995 2127
996 2139
997 2135
998 1994
999 2184
1000 2067
1001 2112
1002 2182
1003 2081
1004 2191
1005 2111
1006 2031
1007 2030
1008 2154
1009 2094
1010 2130
1011 2079
1012 2020
1013 2127
1014 1989
1015 2057
1016 2089
1017 2042
1018 1989
1019 1968
1020 2087
1021 2073
1022 2020
1023 1979
1024 2042
1025 2059
1026 2018
1027 1954
1028 2029
1029 1943
1030 2083
1031 1974
1032 1966
1033 2022
1034 1976
1035 2065
1036 1954
1037 2032
1038 1995
1039 1964
1040 1997
1041 1948
1042 1906
1043 1875
1044 1982
1045 1937
1046 2008
1047 1982
1048 1879
1049 1957
1050 1916
1051 1873
1052 1813
1053 1932
1054 1899
1055 1875
1056 1884
1057 1821
1058 1887
1059 1853
1060 1819
1061 1887
1062 1875
1063 1875
1064 1846
1065 1824
1066 1950
1067 1874
1068 1885
1069 1886
1070 1913
1071 1863
1072 1881
1073 1787
1074 1822
1075 1811
1076 1813
1077 1832
1078 1754
1079 1791
1080 1780
1081 1752
1082 1756
1083 1832
1084 1849
1085 1794
1086 1788
1087 1764
1088 1791
1089 1784
1090 1800
1091 1773
1092 1767
1093 1734
1094 1815
1095 1838
1096 1742
1097 1784
1098 1782
1099 1763
1100 1718
1101 1763
1102 1788
1103 1772
1104 1793
1105 1764
1106 1785
1107 1752
1108 1727
1109 1691
1110 1713
1111 1804
1112 1743
1113 1787
1114 1693
1115 1821
1116 1810
1117 1696
1118 1659
1119 1761
1120 1768
1121 1736
1122 1759
1123 1754
1124 1803
1125 1703
1126 1798
1127 1757
1128 1704
1129 1795
1130 1717
1131 1717
1132 1740
1133 1765
1134 1735
1135 1768
1136 1798
1137 1852
1138 1765
1139 1786
1140 1775
1141 1789
1142 1773
1143 1778
1144 1768
1145 1717
1146 1741
1147 1744
1148 1716
1149 1745
1150 1813
1151 1736
1152 1808
1153 1856
1154 1733
1155 1796
1156 1787
1157 1785
1158 1886
1159 1822
1160 1732
1161 1851
1162 1798
1163 1889
1164 1802
1165 1921
1166 1845
1167 1889
1168 1825
1169 1795
1170 1884
1171 1837
1172 1874
1173 1871
1174 1924
1175 1815
1176 1830
1177 1920
1178 1891
1179 1856
1180 1972
1181 1928
1182 1890
1183 1881
1184 1842
1185 1871
1186 1864
1187 1873
1188 1879
1189 1890
1190 1903
1191 1916
1192 1938
1193 1928
1194 1911
1195 1916
1196 1975
1197 1939
1198 2011
1199 2035
1200 1971
1201 1954
1202 1996
1203 1985
1204 2001
1205 2068
1206 2018
1207 1952
1208 1924
1209 2044
1210 1996
1211 2038
1212 2051
1213 2046
1214 1992
1215 2007
1216 1986
1217 2044
1218 2020
1219 2000
1220 2112
1221 2158
1222 2088
1223 2131
1224 2157
1225 2055
1226 2047
1227 2103
1228 2134
1229 2142
1230 2149
1231 2152
1232 2127
1233 2127
1234 2091
1235 2225
1236 2216
1237 2168
1238 2217
1239 2097
1240 2186
1241 2124
1242 2125
1243 2187
1244 2099
1245 2172
1246 2196
1247 2117
1248 2201
1249 2137
1250 2179
1251 2200
1252 2175
1253 2102
1254 2174
1255 2190
1256 2216
1257 2231
1258 2199
1259 2210
1260 2233
1261 2279
1262 2266
1263 2186
1264 2254
1265 2314
1266 2136
1267 2283
1268 2188
1269 2183
1270 2193
1271 2228
1272 2247
1273 2231
1274 2151
1275 2224
1276 2225
1277 2226
1278 2259
1279 2313
1280 2282
1281 2206
1282 2305
1283 2254
1284 2324
1285 2331
1286 2242
1287 2288
1288 2307
1289 2239
1290 2243
1291 2260
1292 2304
1293 2302
1294 2241
1295 2363
1296 2273
1297 2270
1298 2294
1299 2284
1300 2268
1301 2301
1302 2347
1303 2275
1304 2260
1305 2320
1306 2238
1307 2217
1308 2331
1309 2350
1310 2266
1311 2287
1312 2256
1313 2327
1314 2298
1315 2310
1316 2244
1317 2253
1318 2280
1319 2239
1320 2244
1321 2345
1322 2312
1323 2318
1324 2327
1325 2335
1326 2281
1327 2209
1328 2357
1329 2183
1330 2268
1331 2244
1332 2237
1333 2311
1334 2266
1335 2242
1336 2216
1337 2352
1338 2255
1339 2239
1340 2327
1341 2267
1342 2342
1343 2194
1344 2278
1345 2243
1346 2200
1347 2349
1348 2234
1349 2260
1350 2089
1351 2218
1352 2164
1353 2126
1354 2087
1355 2171
1356 2162
1357 2127
1358 2134
1359 2106
1360 2152
1361 2172
1362 2171
1363 2174
1364 2091
1365 2116
1366 2108
1367 2158
1368 2054
1369 2116
1370 2175
1371 2044
1372 2063
1373 2013
1374 2176
1375 2191
1376 2003
1377 2020
1378 2014
1379 2024
1380 2006
1381 2014
1382 2044
1383 2098
1384 2022
1385 1940
1386 2061
1387 2004
1388 2029
1389 2053
1390 1957
1391 2016
1392 2001
1393 2021
1394 1978
1395 1976
1396 1900
1397 2026
1398 1939
1399 1912
1400 1999
1401 1931
1402 1973
1403 1932
1404 1950
1405 1952
1406 1909
1407 1895
1408 1878
1409 1816
1410 1777
1411 1845
1412 1930
1413 1783
1414 1862
1415 1879
1416 1926
1417 1795
1418 1886
1419 1850
1420 1860
1421 1866
1422 1813
1423 1847
1424 1810
1425 1810
1426 1747
1427 1781
1428 1751
1429 1838
1430 1797
1431 1844
1432 1799
1433 1778
1434 1834
1435 1807
1436 1766
1437 1748
1438 1739
1439 1765
1440 1676
1441 1689
1442 1763
1443 1723
1444 1695
1445 1759
1446 1748
1447 1695
1448 1678
1449 1663
1450 1554
1451 1673
1452 1680
1453 1612
1454 1665
1455 1619
1456 1718
1457 1610
1458 1670
1459 1560
1460 1640
1461 1658
1462 1597
1463 1612
1464 1639
1465 1625
1466 1569
1467 1630
1468 1648
1469 1624
1470 1604
1471 1660
1472 1600
1473 1517
1474 1590
1475 1567
1476 1547
1477 1569
1478 1561
1479 1522
1480 1542
1481 1470
1482 1519
1483 1474
1484 1414
1485 1432
1486 1457
1487 1401
1488 1478
1489 1458
1490 1517
1491 1505
1492 1448
1493 1501
1494 1429
1495 1451
1496 1440
1497 1450
1498 1470
1499 1345
1500 1490
1501 1452
1502 1399
1503 1390
1504 1405
1505 1484
1506 1406
1507 1375
1508 1427
1509 1425
1510 1373
1511 1384
1512 1374
1513 1403
1514 1365
1515 1309
1516 1378
1517 1388
1518 1385
1519 1262
1520 1318
1521 1341
1522 1276
1523 1339
1524 1319
1525 1313
1526 1286
1527 1292
1528 1283
1529 1333
1530 1284
1531 1307
1532 1334
1533 1268
1534 1310
1535 1312
1536 1283
1537 1270
1538 1215
1539 1247
1540 1314
1541 1307
1542 1231
1543 1311
1544 1296
1545 1297
1546 1270
1547 1329
1548 1355
1549 1351
1550 1245
1551 1228
1552 1267
1553 1328
1554 1261
1555 1289
1556 1210
1557 1266
1558 1272
1559 1270
1560 1264
1561 1277
1562 1169
1563 1261
1564 1164
1565 1258
1566 1246
1567 1161
1568 1276
1569 1286
1570 1220
1571 1231
1572 1219
1573 1249
1574 1192
1575 1202
1576 1203
1577 1206
1578 1207
1579 1140
1580 1225
1581 1248
1582 1234
1583 1183
1584 1173
1585 1186
1586 1242
1587 1226
1588 1169
1589 1161
1590 1119
1591 1143
1592 1194
1593 1162
1594 1137
1595 1197
1596 1094
1597 1188
1598 1187
1599 1195
1600 1098
1601 1179
1602 1122
1603 1201
1604 1111
1605 1149
1606 1124
1607 1111
1608 1103
1609 1120
1610 1122
1611 1205
1612 1147
1613 1097
1614 1110
1615 1184
1616 1164
1617 1113
1618 1173
1619 1159
1620 1146
1621 1143
1622 1159
1623 1110
1624 1113
1625 1167
1626 1114
1627 1074
1628 1078
1629 1098
1630 1102
1631 1125
1632 1160
1633 1102
1634 1057
1635 1033
1636 1059
1637 1074
1638 1121
1639 1050
1640 1079
1641 1112
1642 1051
1643 1120
1644 1048
1645 1041
1646 1054
1647 1091
1648 1096
1649 1082
1650 1025
1651 1054
1652 1106
1653 1071
1654 1041
1655 1068
1656 1063
1657 1076
1658 1051
1659 1061
1660 1038
1661 1025
1662 1006
1663 1112
1664 1009
1665 1070
1666 1008
1667 1104
1668 1035
1669 1042
1670 1016
1671 1088
1672 1052
1673 1008
1674 1088
1675 974
1676 1004
1677 985
1678 1044
1679 998
1680 1011
1681 1023
1682 1024
1683 999
1684 1052
1685 1023
1686 1048
1687 1061
1688 943
1689 964
1690 1031
1691 1050
1692 976
1693 1030
1694 1024
1695 988
1696 1028
1697 970
1698 995
1699 940
1700 967
1701 974
1702 991
1703 972
1704 1027
1705 963
1706 947
1707 962
1708 983
1709 957
1710 969
1711 960
1712 921
1713 973
1714 983
1715 952
1716 944
1717 953
1718 984
1719 935
1720 947
1721 947
1722 929
1723 912
1724 916
1725 1011
1726 961
1727 963
1728 953
1729 911
1730 922
1731 902
1732 957
1733 958
1734 943
1735 938
1736 900
1737 980
1738 923
1739 938
1740 925
1741 969
1742 955
1743 910
1744 898
1745 869
1746 920
1747 916
1748 889
1749 902
1750 938
1751 889
1752 878
1753 880
1754 905
1755 841
1756 876
1757 878
1758 874
1759 833
1760 856
1761 826
1762 857
1763 886
1764 860
1765 853
1766 848
1767 867
1768 794
1769 861
1770 788
1771 803
1772 821
1773 807
1774 827
1775 806
1776 853
1777 788
1778 814
1779 802
1780 744
1781 757
1782 742
1783 852
1784 789
1785 851
1786 789
1787 840
1788 795
1789 757
1790 757
1791 735
1792 796
1793 752
1794 790
1795 772
1796 793
1797 771
1798 734
1799 736
1800 709
1801 762
1802 801
1803 768
1804 754
1805 790
1806 717
1807 748
1808 770
1809 724
1810 714
1811 748
1812 793
1813 758
1814 724
1815 733
1816 739
1817 794
1818 751
1819 755
1820 679
1821 755
1822 702
1823 737
1824 716
1825 747
1826 714
1827 746
1828 669
1829 749
1830 698
1831 679
1832 697
1833 718
1834 732
1835 672
1836 650
1837 656
1838 718
1839 682
1840 700
1841 708
1842 659
1843 667
1844 720
1845 703
1846 667
1847 688
1848 660
1849 725
1850 694
1851 636
1852 620
1853 636
1854 614
1855 639
1856 638
1857 670
1858 642
1859 710
1860 672
1861 669
1862 684
1863 661
1864 617
1865 625
1866 675
1867 664
1868 669
1869 682
1870 670
1871 655
1872 633
1873 639
1874 610
1875 631
1876 617
1877 643
1878 685
1879 618
1880 661
1881 629
1882 631
1883 663
1884 662
1885 645
1886 615
1887 627
1888 596
1889 664
1890 585
1891 645
1892 645
1893 606
1894 644
1895 650
1896 590
1897 633
1898 632
1899 619
1900 625
1901 615
1902 612
1903 647
1904 617
1905 615
1906 589
1907 615
1908 602
1909 619
1910 595
1911 600
1912 590
1913 606
1914 627
1915 579
1916 601
1917 655
1918 598
1919 650
1920 615
1921 605
1922 629
1923 615
1924 598
1925 601
1926 626
1927 595
1928 596
1929 602
1930 581
1931 625
1932 590
1933 606
1934 592
1935 514
1936 610
1937 629
1938 615
1939 588
1940 582
1941 574
1942 593
1943 571
1944 593
1945 619
1946 580
1947 572
1948 546
1949 607
1950 614
1951 597
1952 602
1953 538
1954 618
1955 585
1956 576
1957 560
1958 590
1959 570
1960 568
1961 573
1962 589
1963 605
1964 575
1965 627
1966 615
1967 560
1968 521
1969 565
1970 604
1971 577
1972 591
1973 556
1974 558
1975 572
1976 548
1977 557
1978 501
1979 594
1980 573
1981 522
1982 568
1983 546
1984 624
1985 543
1986 554
1987 554
1988 540
1989 558
1990 537
1991 534
1992 561
1993 529
1994 504
1995 528
1996 506
1997 497
1998 553
1999 561
2000 519
2001 563
2002 523
2003 532
2004 516
2005 524
2006 498
2007 517
2008 502
2009 540
2010 539
2011 543
2012 487
2013 538
2014 507
2015 542
2016 511
2017 543
2018 510
2019 541
2020 510
2021 518
2022 518
2023 528
2024 491
2025 512
2026 531
2027 528
2028 550
2029 484
2030 519
2031 527
2032 492
2033 544
2034 516
2035 531
2036 518
2037 522
2038 522
2039 529
2040 562
2041 500
2042 526
2043 526
2044 497
2045 501
2046 500
2047 503
2048 490
2049 510
2050 544
2051 515
2052 544
2053 462
2054 534
2055 515
2056 500
2057 525
2058 508
2059 516
2060 498
2061 534
2062 554
2063 505
2064 499
2065 511
2066 503
2067 506
2068 515
2069 467
2070 509
2071 468
2072 494
2073 492
2074 495
2075 501
2076 501
2077 499
2078 501
2079 492
2080 444
2081 464
2082 439
2083 475
2084 509
2085 509
2086 497
2087 472
2088 503
2089 463
2090 476
2091 472
2092 495
2093 470
2094 527
2095 499
2096 490
2097 459
2098 505
2099 502
2100 481
2101 499
2102 494
2103 488
2104 494
2105 494
2106 479
2107 475
2108 502
2109 481
2110 457
2111 518
2112 473
2113 498
2114 471
2115 459
2116 468
2117 473
2118 470
2119 475
2120 459
2121 501
2122 522
2123 455
2124 483
2125 481
2126 493
2127 464
2128 484
2129 477
2130 465
2131 516
2132 487
2133 502
2134 475
2135 466
2136 497
2137 510
2138 479
2139 433
2140 476
2141 489
2142 471
2143 461
2144 422
2145 484
2146 458
2147 507
2148 482
2149 469
2150 489
2151 447
2152 450
2153 460
2154 446
2155 462
2156 443
2157 434
2158 427
2159 452
2160 472
2161 443
2162 438
2163 449
2164 460
2165 429
2166 492
2167 443
2168 440
2169 461
2170 473
2171 438
2172 439
2173 469
2174 462
2175 436
2176 484
2177 451
2178 457
2179 428
2180 400
2181 425
2182 468
2183 430
2184 422
2185 439
2186 446
2187 445
2188 440
2189 424
2190 430
2191 441
2192 436
2193 385
2194 432
2195 417
2196 481
2197 426
2198 442
2199 466
2200 435
2201 412
2202 432
2203 406
2204 410
2205 431
2206 431
2207 448
2208 444
2209 477
2210 445
2211 438
2212 428
2213 423
2214 451
2215 430
2216 472
2217 422
2218 446
2219 408
2220 425
2221 445
2222 444
2223 429
2224 411
2225 431
2226 459
2227 441
2228 409
2229 410
2230 425
2231 462
2232 422
2233 440
2234 422
2235 427
2236 452
2237 428
2238 428
2239 437
2240 427
2241 429
2242 431
2243 414
2244 433
2245 459
2246 409
2247 433
2248 365
2249 448
2250 428
2251 386
2252 413
2253 428
2254 387
2255 421
2256 474
2257 404
2258 439
2259 412
2260 406
2261 429
2262 405
2263 440
2264 426
2265 423
2266 408
2267 433
2268 424
2269 422
2270 409
2271 398
2272 404
2273 391
2274 417
2275 407
2276 399
2277 386
2278 389
2279 417
2280 408
2281 402
2282 388
2283 437
2284 399
2285 406
2286 405
2287 406
2288 389
2289 372
2290 367
2291 438
2292 396
2293 398
2294 416
2295 408
2296 401
2297 378
2298 397
2299 371
2300 330
2301 411
2302 370
2303 420
2304 424
2305 358
2306 392
2307 381
2308 387
2309 398
2310 414
2311 394
2312 389
2313 363
2314 391
2315 396
2316 420
2317 415
2318 378
2319 406
2320 400
2321 398
2322 377
2323 397
2324 377
2325 402
2326 417
2327 425
2328 416
2329 415
2330 403
2331 374
2332 392
2333 388
2334 372
2335 393
2336 351
2337 383
2338 381
2339 387
2340 413
2341 413
2342 395
2343 438
2344 359
2345 379
2346 391
2347 383
2348 393
2349 393
2350 367
2351 351
2352 390
2353 433
2354 395
2355 425
2356 409
2357 398
2358 399
2359 355
2360 383
2361 402
2362 449
2363 380
2364 419
2365 390
2366 414
2367 375
2368 384
2369 405
2370 360
2371 406
2372 386
2373 332
2374 385
2375 404
2376 353
2377 366
2378 386
2379 384
2380 377
2381 393
2382 380
2383 382
2384 370
2385 379
2386 378
2387 377
2388 365
2389 364
2390 363
2391 378
2392 365
2393 379
2394 373
2395 377
2396 428
2397 385
2398 372
2399 371
2400 382
2401 381
2402 389
2403 382
2404 354
2405 393
2406 348
2407 378
2408 382
2409 395
2410 406
2411 335
2412 407
2413 393
2414 379
2415 364
2416 361
2417 394
2418 368
2419 351
2420 377
2421 357
2422 339
2423 384
2424 377
2425 380
2426 368
2427 364
2428 356
2429 382
2430 373
2431 336
2432 401
2433 355
2434 370
2435 385
2436 364
2437 407
2438 378
2439 361
2440 373
2441 401
2442 404
2443 384
2444 345
2445 382
2446 422
2447 383
2448 403
2449 380
2450 391
2451 398
2452 391
2453 393
2454 383
2455 382
2456 387
2457 373
2458 391
2459 380
2460 375
2461 367
2462 362
2463 408
2464 380
2465 384
2466 382
2467 390
2468 393
2469 386
2470 389
2471 348
2472 367
2473 355
2474 381
2475 386
2476 376
2477 336
2478 383
2479 413
2480 372
2481 366
2482 350
2483 350
2484 372
2485 382
2486 369
2487 388
2488 351
2489 359
2490 362
2491 379
2492 349
2493 362
2494 375
2495 371
2496 358
2497 348
2498 412
2499 358
2500 394
2501 358
2502 370
2503 381
2504 374
2505 352
2506 363
2507 369
2508 380
2509 366
2510 319
2511 366
2512 367
2513 376
2514 393
2515 406
2516 376
2517 400
2518 362
2519 409
2520 394
2521 384
2522 383
2523 378
2524 370
2525 385
2526 380
2527 368
2528 401
2529 364
2530 357
2531 379
2532 367
2533 380
2534 403
2535 388
2536 399
2537 401
2538 345
2539 361
2540 351
2541 364
2542 352
2543 347
2544 383
2545 356
2546 375
2547 357
2548 336
2549 376
2550 363
2551 371
2552 338
2553 387
2554 394
2555 372
2556 339
2557 368
2558 351
2559 348
2560 361
2561 362
2562 412
2563 372
2564 347
2565 392
2566 337
2567 368
2568 348
2569 343
2570 361
2571 347
2572 370
2573 362
2574 361
2575 394
2576 376
2577 377
2578 368
2579 390
2580 354
2581 350
2582 387
2583 345
2584 369
2585 384
2586 348
2587 363
2588 391
2589 363
2590 355
2591 364
2592 387
2593 312
2594 343
2595 346
2596 327
2597 359
2598 344
2599 347
2600 334
2601 412
2602 371
2603 388
2604 341
2605 381
2606 358
2607 352
2608 371
2609 381
2610 356
2611 381
2612 363
2613 379
2614 357
2615 343
2616 356
2617 358
2618 361
2619 363
2620 364
2621 344
2622 348
2623 367
2624 405
2625 327
2626 399
2627 335
2628 318
2629 328
2630 320
2631 351
2632 333
2633 369
2634 332
2635 327
2636 330
2637 343
2638 357
2639 346
2640 330
2641 357
2642 354
2643 372
2644 361
2645 349
2646 297
2647 340
2648 332
2649 306
2650 333
2651 375
2652 329
2653 332
2654 348
2655 329
2656 308
2657 301
2658 323
2659 317
2660 303
2661 355
2662 314
2663 325
2664 319
2665 325
2666 323
2667 336
2668 308
2669 333
2670 335
2671 329
2672 356
2673 342
2674 337
2675 280
2676 327
2677 313
2678 314
2679 300
2680 329
2681 344
2682 296
2683 285
2684 309
2685 328
2686 298
2687 326
2688 306
2689 320
2690 342
2691 323
2692 339
2693 332
2694 346
2695 317
2696 335
2697 321
2698 354
2699 324
2700 330
2701 301
2702 296
2703 299
2704 287
2705 319
2706 318
2707 337
2708 336
2709 310
2710 285
2711 297
2712 287
2713 320
2714 315
2715 324
2716 290
2717 296
2718 256
2719 333
2720 302
2721 313
2722 311
2723 329
2724 288
2725 273
2726 328
2727 308
2728 302
2729 291
2730 321
2731 318
2732 327
2733 283
2734 329
2735 338
2736 309
2737 335
2738 288
2739 328
2740 317
2741 321
2742 322
2743 331
2744 316
2745 300
2746 298
2747 306
2748 267
2749 308
2750 284
2751 297
2752 314
2753 323
2754 316
2755 275
2756 292
2757 295
2758 306
2759 297
2760 312
2761 314
2762 288
2763 302
2764 331
2765 272
2766 295
2767 308
2768 302
2769 273
2770 324
2771 299
2772 291
2773 305
2774 300
2775 305
2776 279
2777 283
2778 290
2779 276
2780 277
2781 307
2782 301
2783 266
2784 299
2785 284
2786 291
2787 281
2788 294
2789 287
2790 306
2791 304
2792 308
2793 307
2794 284
2795 285
2796 273
2797 291
2798 282
2799 294
2800 296
2801 258
2802 266
2803 314
2804 300
2805 282
2806 269
2807 299
2808 276
2809 269
2810 261
2811 280
2812 278
2813 286
2814 291
2815 256
2816 262
2817 295
2818 288
2819 252
2820 275
2821 290
2822 272
2823 274
2824 267
2825 318
2826 271
2827 282
2828 266
2829 268
2830 263
2831 302
2832 264
2833 269
2834 286
2835 277
2836 305
2837 264
2838 250
2839 246
2840 260
2841 299
2842 294
2843 268
2844 265
2845 275
2846 257
2847 263
2848 292
2849 283
2850 269
2851 252
2852 258
2853 264
2854 268
2855 249
2856 285
2857 249
2858 277
2859 256
2860 268
2861 247
2862 284
2863 253
2864 256
2865 306
2866 271
2867 266
2868 273
2869 283
2870 249
2871 255
2872 255
2873 275
2874 266
2875 274
2876 257
2877 281
2878 294
2879 248
2880 262
2881 252
2882 263
2883 279
2884 258
2885 254
2886 244
2887 240
2888 238
2889 275
2890 260
2891 257
2892 251
2893 255
2894 277
2895 258
2896 269
2897 270
2898 276
2899 300
2900 259
2901 245
2902 290
2903 274
2904 225
2905 258
2906 262
2907 281
2908 254
2909 273
2910 290
2911 240
2912 278
2913 294
2914 245
2915 243
2916 262
2917 294
2918 275
2919 257
2920 269
2921 239
2922 274
2923 269
2924 244
2925 276
2926 262
2927 260
2928 276
2929 274
2930 261
2931 294
2932 248
2933 282
2934 270
2935 260
2936 289
2937 277
2938 258
2939 261
2940 269
2941 249
2942 250
2943 259
2944 239
2945 254
2946 249
2947 268
2948 214
2949 281
2950 256
2951 261
2952 252
2953 262
2954 289
2955 268
2956 239
2957 275
2958 276
2959 276
2960 244
2961 257
2962 260
2963 271
2964 272
2965 273
2966 266
2967 232
2968 246
2969 274
2970 261
2971 246
2972 254
2973 251
2974 274
2975 258
2976 277
2977 255
2978 263
2979 251
2980 235
2981 273
2982 263
2983 245
2984 293
2985 237
2986 269
2987 267
2988 252
2989 260
2990 233
2991 286
2992 257
2993 244
2994 235
2995 252
2996 267
2997 263
2998 232
2999 279
3000 246
3001 253
3002 262
3003 246
3004 260
3005 244
3006 238
3007 254
3008 232
3009 260
3010 259
3011 271
3012 261
3013 247
3014 242
3015 220
3016 295
3017 242
3018 270
3019 272
3020 276
3021 245
3022 247
3023 228
3024 231
3025 260
3026 247
3027 260
3028 247
3029 255
3030 245
3031 230
3032 274
3033 266
3034 258
3035 238
3036 227
3037 251
3038 234
3039 251
3040 245
3041 274
3042 266
3043 246
3044 233
3045 240
3046 242
3047 250
3048 253
3049 282
3050 232
3051 289
3052 270
3053 222
3054 244
3055 264
3056 244
3057 256
3058 263
3059 253
3060 235
3061 254
3062 238
3063 252
3064 239
3065 238
3066 215
3067 272
3068 209
3069 241
3070 229
3071 244
3072 247
3073 220
3074 230
3075 224
3076 218
3077 223
3078 243
3079 243
3080 233
3081 246
3082 274
3083 240
3084 247
3085 218
3086 225
3087 257
3088 269
3089 218
3090 259
3091 217
3092 245
3093 258
3094 235
3095 241
3096 239
3097 262
3098 233
3099 225
3100 264
3101 252
3102 245
3103 225
3104 268
3105 258
3106 247
3107 257
3108 233
3109 253
3110 250
3111 250
3112 243
3113 241
3114 214
3115 233
3116 256
3117 203
3118 249
3119 238
3120 256
3121 237
3122 212
3123 232
3124 237
3125 252
3126 246
3127 236
3128 219
3129 238
3130 252
3131 224
3132 231
3133 264
3134 248
3135 225
3136 265
3137 251
3138 246
3139 243
3140 210
3141 239
3142 263
3143 254
3144 241
3145 230
3146 238
3147 242
3148 225
3149 231
3150 231
3151 239
3152 225
3153 291
3154 242
3155 236
3156 255
3157 251
3158 245
3159 247
3160 261
3161 249
3162 241
3163 218
3164 212
3165 245
3166 257
3167 235
3168 262
3169 225
3170 236
3171 242
3172 236
3173 203
3174 212
3175 232
3176 193
3177 248
3178 215
3179 256
3180 254
3181 217
3182 243
3183 242
3184 242
3185 218
3186 219
3187 263
3188 225
3189 266
3190 212
3191 256
3192 212
3193 205
3194 239
3195 233
3196 215
3197 262
3198 248
3199 236
3200 240
3201 239
3202 220
3203 243
3204 230
3205 237
3206 208
3207 235
3208 237
3209 268
3210 203
3211 239
3212 219
3213 220
3214 245
3215 215
3216 213
3217 244
3218 201
3219 203
3220 216
3221 212
3222 190
3223 215
3224 214
3225 236
3226 239
3227 210
3228 209
3229 241
3230 236
3231 223
3232 214
3233 204
3234 215
3235 232
3236 213
3237 233
3238 237
3239 211
3240 209
3241 219
3242 194
3243 189
3244 184
3245 204
3246 237
3247 237
3248 196
3249 251
3250 230
3251 208
3252 244
3253 186
3254 212
3255 219
3256 225
3257 210
3258 217
3259 208
3260 208
3261 198
3262 230
3263 218
3264 214
3265 215
3266 195
3267 221
3268 229
3269 216
3270 229
3271 205
3272 192
3273 186
3274 209
3275 225
3276 224
3277 212
3278 183
3279 202
3280 198
3281 232
3282 197
3283 207
3284 204
3285 219
3286 198
3287 195
3288 220
3289 217
3290 216
3291 189
3292 183
3293 209
3294 211
3295 186
3296 227
3297 213
3298 228
3299 162
3300 203
3301 212
3302 215
3303 243
3304 212
3305 191
3306 190
3307 217
3308 205
3309 197
3310 198
3311 214
3312 202
3313 191
3314 173
3315 211
3316 207
3317 202
3318 184
3319 204
3320 203
3321 192
3322 190
3323 194
3324 218
3325 197
3326 209
3327 220
3328 227
3329 212
3330 198
3331 209
3332 207
3333 183
3334 204
3335 198
3336 197
3337 201
3338 201
3339 203
3340 206
3341 211
3342 198
3343 205
3344 202
3345 189
3346 205
3347 196
3348 174
3349 199
3350 200
3351 216
3352 179
3353 238
3354 204
3355 200
3356 192
3357 199
3358 209
3359 188
3360 207
3361 184
3362 197
3363 202
3364 188
3365 181
3366 197
3367 160
3368 204
3369 192
3370 217
3371 188
3372 228
3373 225
3374 201
3375 228
3376 209
3377 184
3378 215
3379 220
3380 194
3381 227
3382 205
3383 177
3384 199
3385 173
3386 187
3387 217
3388 195
3389 196
3390 191
3391 210
3392 215
3393 196
3394 197
3395 198
3396 190
3397 206
3398 194
3399 185
3400 202
3401 192
3402 214
3403 180
3404 179
3405 189
3406 203
3407 203
3408 194
3409 174
3410 235
3411 188
3412 205
3413 196
3414 177
3415 167
3416 180
3417 210
3418 199
3419 189
3420 199
3421 206
3422 188
3423 198
3424 195
3425 184
3426 194
3427 186
3428 182
3429 178
3430 196
3431 224
3432 169
3433 196
3434 194
3435 195
3436 222
3437 186
3438 221
3439 180
3440 196
3441 194
3442 186
3443 173
3444 171
3445 173
3446 182
3447 204
3448 202
3449 181
3450 168
3451 199
3452 211
3453 201
3454 174
3455 209
3456 179
3457 193
3458 189
3459 197
3460 197
3461 176
3462 196
3463 195
3464 192
3465 207
3466 207
3467 196
3468 204
3469 231
3470 193
3471 208
3472 185
3473 194
3474 200
3475 174
3476 185
3477 172
3478 190
3479 223
3480 191
3481 186
3482 200
3483 173
3484 197
3485 207
3486 172
3487 194
3488 186
3489 165
3490 217
3491 193
3492 177
3493 200
3494 180
3495 189
3496 168
3497 197
3498 191
3499 176
3500 188
3501 184
3502 206
3503 173
3504 179
3505 203
3506 188
3507 159
3508 183
3509 195
3510 167
3511 178
3512 179
3513 180
3514 159
3515 188
3516 172
3517 172
3518 168
3519 184
3520 207
3521 179
3522 207
3523 172
3524 162
3525 196
3526 183
3527 202
3528 203
3529 164
3530 169
3531 180
3532 162
3533 165
3534 201
3535 206
3536 188
3537 174
3538 173
3539 212
3540 161
3541 161
3542 167
3543 188
3544 185
3545 175
3546 165
3547 200
3548 173
3549 183
3550 163
3551 175
3552 196
3553 177
3554 213
3555 180
3556 166
3557 197
3558 167
3559 185
3560 185
3561 179
3562 171
3563 163
3564 183
3565 174
3566 175
3567 183
3568 127
3569 197
3570 207
3571 171
3572 188
3573 173
3574 191
3575 170
3576 209
3577 155
3578 178
3579 168
3580 182
3581 171
3582 184
3583 157
3584 189
3585 183
3586 169
3587 185
3588 168
3589 193
3590 193
3591 160
3592 181
3593 183
3594 150
3595 172
3596 174
3597 184
3598 161
3599 146
3600 175
3601 162
3602 175
3603 169
3604 176
3605 181
3606 184
3607 148
3608 169
3609 169
3610 178
3611 175
3612 167
3613 174
3614 154
3615 173
3616 158
3617 153
3618 179
3619 169
3620 154
3621 203
3622 179
3623 168
3624 172
3625 171
3626 178
3627 166
3628 163
3629 176
3630 175
3631 159
3632 153
3633 178
3634 161
3635 176
3636 168
3637 164
3638 170
3639 188
3640 145
3641 169
3642 160
3643 167
3644 170
3645 160
3646 152
3647 154
3648 155
3649 149
3650 173
3651 173
3652 192
3653 144
3654 177
3655 195
3656 166
3657 161
3658 152
3659 155
3660 158
3661 176
3662 174
3663 184
3664 141
3665 169
3666 168
3667 196
3668 162
3669 164
3670 180
3671 196
3672 166
3673 173
3674 165
3675 156
3676 169
3677 159
3678 176
3679 160
3680 178
3681 185
3682 175
3683 143
3684 149
3685 148
3686 146
3687 167
3688 168
3689 167
3690 191
3691 155
3692 163
3693 162
3694 171
3695 167
3696 148
3697 143
3698 183
3699 195
3700 183
3701 145
3702 166
3703 163
3704 188
3705 156
3706 163
3707 178
3708 156
3709 172
3710 148
3711 149
3712 168
3713 152
3714 163
3715 152
3716 138
3717 191
3718 161
3719 160
3720 153
3721 170
3722 181
3723 149
3724 150
3725 154
3726 153
3727 145
3728 176
3729 166
3730 178
3731 166
3732 167
3733 170
3734 174
3735 161
3736 175
3737 166
3738 158
3739 159
3740 149
3741 165
3742 177
3743 165
3744 138
3745 172
3746 154
3747 160
3748 163
3749 136
3750 129
3751 163
3752 165
3753 185
3754 141
3755 184
3756 162
3757 149
3758 144
3759 185
3760 162
3761 157
3762 130
3763 167
3764 150
3765 157
3766 149
3767 176
3768 160
3769 163
3770 154
3771 146
3772 161
3773 150
3774 159
3775 147
3776 158
3777 163
3778 154
3779 132
3780 155
3781 144
3782 143
3783 166
3784 132
3785 178
3786 144
3787 153
3788 163
3789 149
3790 157
3791 173
3792 139
3793 148
3794 156
3795 159
3796 127
3797 133
3798 184
3799 145
3800 147
3801 131
3802 150
3803 158
3804 158
3805 133
3806 171
3807 147
3808 139
3809 166
3810 136
3811 177
3812 145
3813 186
3814 168
3815 162
3816 175
3817 128
3818 151
3819 162
3820 150
3821 150
3822 131
3823 143
3824 139
3825 138
3826 147
3827 149
3828 161
3829 129
3830 139
3831 154
3832 144
3833 156
3834 159
3835 149
3836 162
3837 141
3838 151
3839 140
3840 149
3841 145
3842 160
3843 126
3844 155
3845 158
3846 148
3847 145
3848 145
3849 140
3850 127
3851 141
3852 160
3853 171
3854 135
3855 158
3856 145
3857 161
3858 156
3859 154
3860 153
3861 155
3862 131
3863 179
3864 151
3865 140
3866 158
3867 162
3868 152
3869 160
3870 159
3871 127
3872 150
3873 123
3874 153
3875 178
3876 124
3877 138
3878 147
3879 145
3880 139
3881 145
3882 153
3883 130
3884 150
3885 146
3886 144
3887 153
3888 141
3889 120
3890 136
3891 149
3892 155
3893 148
3894 144
3895 146
3896 147
3897 163
3898 142
3899 156
3900 155
3901 151
3902 138
3903 131
3904 149
3905 138
3906 135
3907 136
3908 145
3909 152
3910 130
3911 163
3912 154
3913 136
3914 138
3915 162
3916 163
3917 142
3918 162
3919 141
3920 146
3921 135
3922 147
3923 159
3924 145
3925 145
3926 145
3927 150
3928 132
3929 143
3930 133
3931 161
3932 152
3933 147
3934 153
3935 141
3936 149
3937 158
3938 155
3939 156
3940 131
3941 158
3942 142
3943 169
3944 143
3945 135
3946 140
3947 132
3948 132
3949 162
3950 155
3951 172
3952 143
3953 143
3954 149
3955 152
3956 135
3957 171
3958 137
3959 154
3960 138
3961 145
3962 140
3963 133
3964 133
3965 158
3966 133
3967 115
3968 133
3969 120
3970 135
3971 138
3972 141
3973 165
3974 129
3975 133
3976 154
3977 129
3978 152
3979 148
3980 156
3981 150
3982 131
3983 126
3984 152
3985 129
3986 129
3987 156
3988 168
3989 142
3990 134
3991 146
3992 143
3993 131
3994 129
3995 146
3996 136
3997 143
3998 156
3999 137
4000 149
4001 148
4002 120
4003 168
4004 114
4005 143
4006 130
4007 144
4008 148
4009 130
4010 141
4011 144
4012 150
4013 151
4014 155
4015 145
4016 134
4017 130
4018 163
4019 148
4020 141
4021 139
4022 150
4023 135
4024 132
4025 148
4026 137
4027 151
4028 136
4029 153
4030 136
4031 155
4032 132
4033 133
4034 133
4035 137
4036 134
4037 141
4038 132
4039 120
4040 142
4041 129
4042 125
4043 126
4044 123
4045 129
4046 130
4047 158
4048 125
4049 119
4050 137
4051 123
4052 146
4053 123
4054 129
4055 127
4056 135
4057 138
4058 126
4059 163
4060 122
4061 148
4062 136
4063 134
4064 125
4065 138
4066 122
4067 139
4068 145
4069 135
4070 136
4071 143
4072 129
4073 116
4074 118
4075 125
4076 120
4077 124
4078 141
4079 144
4080 120
4081 128
4082 114
4083 114
4084 130
4085 112
4086 149
4087 124
4088 134
4089 143
4090 119
4091 121
4092 128
4093 134
4094 134
4095 118
4096 167
4097 131
4098 117
4099 119
4100 153
4101 143
4102 109
4103 140
4104 120
4105 154
4106 129
4107 150
4108 131
4109 159
4110 128
4111 128
4112 133
4113 133
4114 151
4115 151
4116 133
4117 126
4118 144
4119 140
4120 137
4121 150
4122 144
4123 145
4124 138
4125 148
4126 134
4127 132
4128 138
4129 163
4130 132
4131 121
4132 142
4133 137
4134 130
4135 150
4136 140
4137 159
4138 133
4139 133
4140 138
4141 124
4142 136
4143 120
4144 136
4145 128
4146 127
4147 133
4148 142
4149 156
4150 140
4151 139
4152 123
4153 115
4154 128
4155 139
4156 140
4157 122
4158 118
4159 154
4160 145
4161 126
4162 135
4163 151
4164 143
4165 145
4166 128
4167 150
4168 158
4169 150
4170 145
4171 152
4172 133
4173 124
4174 154
4175 132
4176 122
4177 115
4178 177
4179 133
4180 134
4181 142
4182 153
4183 123
4184 159
4185 143
4186 171
4187 160
4188 154
4189 147
4190 145
4191 151
4192 152
4193 164
4194 135
4195 145
4196 129
4197 136
4198 150
4199 145
4200 144
4201 156
4202 154
4203 164
4204 156
4205 159
4206 152
4207 138
4208 136
4209 152
4210 139
4211 158
4212 147
4213 152
4214 147
4215 148
4216 130
4217 157
4218 144
4219 149
4220 149
4221 136
4222 146
4223 148
4224 161
4225 148
4226 166
4227 142
4228 147
4229 133
4230 147
4231 169
4232 133
4233 149
4234 160
4235 156
4236 162
4237 163
4238 150
4239 133
4240 165
4241 126
4242 170
4243 159
4244 140
4245 144
4246 125
4247 147
4248 161
4249 150
4250 117
4251 139
4252 129
4253 142
4254 164
4255 160
4256 151
4257 140
4258 140
4259 137
4260 143
4261 145
4262 161
4263 164
4264 158
4265 158
4266 170
4267 165
4268 159
4269 151
4270 138
4271 127
4272 142
4273 135
4274 138
4275 146
4276 152
4277 131
4278 159
4279 147
4280 136
4281 152
4282 150
4283 164
4284 141
4285 129
4286 132
4287 168
4288 154
4289 147
4290 143
4291 155
4292 154
4293 147
4294 153
4295 159
4296 141
4297 171
4298 155
4299 145
4300 151
4301 141
4302 147
4303 154
4304 153
4305 150
4306 150
4307 149
4308 148
4309 147
4310 183
4311 153
4312 138
4313 153
4314 155
4315 161
4316 134
4317 141
4318 150
4319 158
4320 165
4321 149
4322 165
4323 147
4324 157
4325 150
4326 154
4327 140
4328 143
4329 153
4330 160
4331 154
4332 156
4333 153
4334 171
4335 131
4336 170
4337 167
4338 174
4339 143
4340 172
4341 154
4342 153
4343 153
4344 155
4345 157
4346 159
4347 147
4348 150
4349 141
4350 161
4351 144
4352 158
4353 156
4354 167
4355 153
4356 161
4357 150
4358 152
4359 161
4360 144
4361 165
4362 149
4363 149
4364 137
4365 166
4366 157
4367 133
4368 140
4369 172
4370 144
4371 186
4372 141
4373 157
4374 164
4375 168
4376 146
4377 166
4378 143
4379 157
4380 177
4381 172
4382 181
4383 151
4384 161
4385 143
4386 150
4387 155
4388 151
4389 149
4390 147
4391 181
4392 151
4393 145
4394 189
4395 165
4396 155
4397 149
4398 163
4399 148
4400 160
4401 175
4402 171
4403 138
4404 189
4405 156
4406 158
4407 157
4408 168
4409 151
4410 162
4411 161
4412 169
4413 170
4414 179
4415 147
4416 164
4417 154
4418 174
4419 154
4420 180
4421 165
4422 198
4423 166
4424 159
4425 155
4426 162
4427 170
4428 183
4429 182
4430 161
4431 159
4432 175
4433 171
4434 175
4435 169
4436 189
4437 170
4438 185
4439 180
4440 171
4441 143
4442 166
4443 177
4444 169
4445 169
4446 161
4447 141
4448 135
4449 191
4450 159
4451 170
4452 187
4453 193
4454 171
4455 169
4456 173
4457 184
4458 182
4459 168
4460 151
4461 186
4462 180
4463 179
4464 181
4465 208
4466 166
4467 168
4468 169
4469 181
4470 194
4471 184
4472 198
4473 206
4474 177
4475 193
4476 181
4477 207
4478 193
4479 213
4480 159
4481 165
4482 207
4483 165
4484 169
4485 154
4486 192
4487 178
4488 198
4489 153
4490 191
4491 202
4492 182
4493 176
4494 173
4495 187
4496 180
4497 176
4498 192
4499 184
4500 182
4501 215
4502 214
4503 224
4504 160
4505 190
4506 205
4507 192
4508 180
4509 175
4510 190
4511 174
4512 188
4513 202
4514 210
4515 206
4516 194
4517 169
4518 221
4519 181
4520 192
4521 189
4522 197
4523 221
4524 183
4525 197
4526 187
4527 211
4528 211
4529 180
4530 194
4531 212
4532 203
4533 234
4534 194
4535 230
4536 218
4537 213
4538 206
4539 216
4540 187
4541 220
4542 195
4543 195
4544 198
4545 199
4546 199
4547 223
4548 208
4549 191
4550 201
4551 240
4552 222
4553 219
4554 163
4555 208
4556 203
4557 192
4558 205
4559 210
4560 217
4561 192
4562 192
4563 213
4564 210
4565 209
4566 220
4567 199
4568 254
4569 211
4570 187
4571 193
4572 204
4573 172
4574 210
4575 223
4576 223
4577 198
4578 211
4579 200
4580 231
4581 212
4582 182
4583 221
4584 205
4585 219
4586 222
4587 214
4588 220
4589 217
4590 217
4591 203
4592 228
4593 228
4594 215
4595 219
4596 222
4597 226
4598 177
4599 191
4600 242
4601 222
4602 193
4603 224
4604 199
4605 210
4606 208
4607 207
4608 226
4609 201
4610 206
4611 230
4612 227
4613 253
4614 224
4615 207
4616 226
4617 211
4618 188
4619 189
4620 228
4621 225
4622 212
4623 215
4624 199
4625 227
4626 185
4627 191
4628 219
4629 208
4630 194
4631 221
4632 191
4633 209
4634 231
4635 214
4636 240
4637 222
4638 219
4639 216
4640 219
4641 200
4642 211
4643 197
4644 211
4645 193
4646 207
4647 197
4648 210
4649 209
4650 223
4651 199
4652 175
4653 225
4654 198
4655 215
4656 207
4657 215
4658 202
4659 228
4660 201
4661 182
4662 225
4663 231
4664 223
4665 207
4666 203
4667 226
4668 210
4669 205
4670 200
4671 219
4672 211
4673 206
4674 213
4675 201
4676 254
4677 199
4678 226
4679 223
4680 233
4681 209
4682 203
4683 204
4684 197
4685 210
4686 203
4687 211
4688 226
4689 207
4690 195
4691 204
4692 218
4693 204
4694 205
4695 219
4696 223
4697 226
4698 198
4699 202
4700 200
4701 195
4702 212
4703 204
4704 218
4705 232
4706 205
4707 237
4708 201
4709 216
4710 228
4711 223
4712 244
4713 192
4714 232
4715 209
4716 230
4717 205
4718 188
4719 185
4720 209
4721 221
4722 193
4723 217
4724 198
4725 220
4726 175
4727 233
4728 195
4729 201
4730 221
4731 222
4732 224
4733 201
4734 233
4735 204
4736 239
4737 220
4738 201
4739 209
4740 231
4741 228
4742 191
4743 183
4744 202
4745 195
4746 204
4747 213
4748 187
4749 182
4750 185
4751 203
4752 218
4753 198
4754 203
4755 225
4756 216
4757 191
4758 197
4759 199
4760 212
4761 207
4762 195
4763 212
4764 174
4765 200
4766 201
4767 208
4768 193
4769 184
4770 222
4771 197
4772 188
4773 200
4774 203
4775 207
4776 183
4777 184
4778 225
4779 212
4780 227
4781 203
4782 203
4783 206
4784 178
4785 198
4786 184
4787 219
4788 194
4789 186
4790 199
4791 221
4792 228
4793 200
4794 213
4795 216
4796 220
4797 213
4798 217
4799 207
4800 213
4801 196
4802 212
4803 210
4804 215
4805 216
4806 223
4807 206
4808 201
4809 198
4810 237
4811 214
4812 207
4813 199
4814 215
4815 225
4816 210
4817 221
4818 215
4819 211
4820 227
4821 183
4822 213
4823 209
4824 193
4825 204
4826 193
4827 184
4828 208
4829 187
4830 217
4831 202
4832 223
4833 206
4834 187
4835 232
4836 202
4837 205
4838 226
4839 207
4840 183
4841 213
4842 226
4843 204
4844 220
4845 208
4846 176
4847 201
4848 184
4849 216
4850 209
4851 216
4852 198
4853 229
4854 204
4855 194
4856 216
4857 212
4858 189
4859 188
4860 202
4861 214
4862 225
4863 228
4864 235
4865 195
4866 212
4867 207
4868 186
4869 205
4870 217
4871 194
4872 244
4873 198
4874 218
4875 209
4876 207
4877 221
4878 235
4879 208
4880 234
4881 193
4882 188
4883 202
4884 199
4885 214
4886 224
4887 202
4888 214
4889 206
4890 235
4891 241
4892 183
4893 212
4894 227
4895 193
4896 233
4897 203
4898 212
4899 212
4900 205
4901 227
4902 205
4903 232
4904 180
4905 218
4906 219
4907 213
4908 210
4909 192
4910 208
4911 236
4912 199
4913 194
4914 229
4915 222
4916 192
4917 188
4918 213
4919 200
4920 227
4921 210
4922 216
4923 215
4924 213
4925 214
4926 211
4927 217
4928 222
4929 219
4930 208
4931 201
4932 185
4933 195
4934 196
4935 189
4936 210
4937 205
4938 190
4939 205
4940 209
4941 194
4942 201
4943 209
4944 227
4945 208
4946 202
4947 199
4948 216
4949 200
4950 229
4951 193
4952 205
4953 225
4954 210
4955 203
4956 223
4957 218
4958 206
4959 222
4960 203
4961 206
4962 206
4963 211
4964 219
4965 193
4966 190
4967 182
4968 235
4969 222
4970 204
4971 215
4972 206
4973 206
4974 191
4975 162
4976 215
4977 221
4978 221
4979 192
4980 208
4981 201
4982 206
4983 219
4984 215
4985 191
4986 212
4987 212
4988 223
4989 209
4990 211
4991 212
4992 184
4993 197
4994 227
4995 193
4996 187
4997 205
4998 174
4999 207
5000 210
5001 204
5002 206
5003 221
5004 214
5005 202
5006 202
5007 198
5008 194
5009 206
5010 186
5011 179
5012 187
5013 213
5014 190
5015 206
5016 201
5017 197
5018 212
5019 196
5020 189
5021 192
5022 192
5023 208
5024 181
5025 189
5026 192
5027 203
5028 191
5029 179
5030 215
5031 195
5032 200
5033 191
5034 196
5035 176
5036 198
5037 173
5038 204
5039 191
5040 201
5041 207
5042 221
5043 219
5044 208
5045 195
5046 190
5047 206
5048 211
5049 203
5050 164
5051 192
5052 188
5053 192
5054 200
5055 209
5056 209
5057 200
5058 186
5059 213
5060 191
5061 213
5062 200
5063 210
5064 211
5065 186
5066 211
5067 191
5068 184
5069 201
5070 192
5071 199
5072 194
5073 194
5074 214
5075 182
5076 213
5077 204
5078 174
5079 196
5080 195
5081 208
5082 216
5083 209
5084 181
5085 191
5086 194
5087 190
5088 201
5089 204
5090 201
5091 197
5092 212
5093 212
5094 185
5095 206
5096 212
5097 191
5098 185
5099 200
5100 199
5101 226
5102 183
5103 193
5104 182
5105 233
5106 186
5107 190
5108 194
5109 191
5110 168
5111 213
5112 200
5113 189
5114 198
5115 183
5116 162
5117 209
5118 200
5119 206
5120 193
5121 189
5122 220
5123 191
5124 191
5125 191
5126 204
5127 174
5128 187
5129 192
5130 197
5131 195
5132 176
5133 192
5134 203
5135 195
5136 192
5137 203
5138 209
5139 188
5140 178
5141 192
5142 188
5143 218
5144 191
5145 201
5146 164
5147 189
5148 183
5149 197
5150 188
5151 205
5152 208
5153 190
5154 192
5155 180
5156 210
5157 189
5158 186
5159 171
5160 200
5161 206
5162 184
5163 203
5164 234
5165 204
5166 187
5167 198
5168 174
5169 184
5170 185
5171 189
5172 175
5173 187
5174 184
5175 188
5176 197
5177 163
5178 188
5179 175
5180 172
5181 174
5182 193
5183 178
5184 186
5185 174
5186 193
5187 202
5188 201
5189 171
5190 188
5191 178
5192 182
5193 188
5194 184
5195 171
5196 194
5197 178
5198 182
5199 172
5200 220
5201 176
5202 187
5203 178
5204 202
5205 181
5206 177
5207 179
5208 182
5209 183
5210 170
5211 175
5212 196
5213 184
5214 168
5215 200
5216 202
5217 158
5218 180
5219 148
5220 181
5221 180
5222 181
5223 182
5224 170
5225 209
5226 199
5227 158
5228 189
5229 198
5230 175
5231 174
5232 172
5233 189
5234 201
5235 173
5236 185
5237 149
5238 181
5239 166
5240 185
5241 168
5242 164
5243 177
5244 193
5245 161
5246 149
5247 188
5248 169
5249 172
5250 176
5251 163
5252 159
5253 169
5254 164
5255 172
5256 157
5257 179
5258 191
5259 166
5260 150
5261 151
5262 179
5263 159
5264 189
5265 161
5266 164
5267 145
5268 148
5269 162
5270 157
5271 199
5272 179
5273 162
5274 165
5275 146
5276 163
5277 156
5278 156
5279 148
5280 154
5281 143
5282 175
5283 157
5284 139
5285 168
5286 178
5287 160
5288 194
5289 152
5290 176
5291 170
5292 151
5293 169
5294 161
5295 152
5296 167
5297 165
5298 180
5299 153
5300 181
5301 146
5302 156
5303 156
5304 187
5305 156
5306 149
5307 166
5308 173
5309 182
5310 182
5311 163
5312 156
5313 162
5314 179
5315 172
5316 141
5317 163
5318 152
5319 168
5320 151
5321 160
5322 151
5323 128
5324 169
5325 127
5326 141
5327 144
5328 147
5329 151
5330 167
5331 144
5332 148
5333 157
5334 165
5335 171
5336 162
5337 159
5338 137
5339 132
5340 136
5341 141
5342 147
5343 162
5344 140
5345 147
5346 136
5347 170
5348 157
5349 154
5350 170
5351 157
5352 148
5353 144
5354 150
5355 136
5356 174
5357 152
5358 147
5359 164
5360 144
5361 138
5362 137
5363 173
5364 149
5365 129
5366 167
5367 168
5368 139
5369 154
5370 147
5371 143
5372 157
5373 140
5374 135
5375 143
5376 141
5377 143
5378 130
5379 151
5380 127
5381 140
5382 161
5383 145
5384 131
5385 157
5386 145
5387 140
5388 126
5389 139
5390 157
5391 171
5392 140
5393 146
5394 133
5395 156
5396 132
5397 142
5398 144
5399 153
5400 146
5401 141
5402 145
5403 156
5404 123
5405 153
5406 130
5407 137
5408 140
5409 143
5410 140
5411 124
5412 132
5413 139
5414 128
5415 155
5416 131
5417 141
5418 128
5419 145
5420 133
5421 115
5422 146
5423 158
5424 133
5425 146
5426 123
5427 137
5428 148
5429 121
5430 149
5431 140
5432 134
5433 147
5434 139
5435 111
5436 128
5437 119
5438 124
5439 130
5440 137
5441 131
5442 128
5443 128
5444 135
5445 117
5446 134
5447 144
5448 111
5449 145
5450 137
5451 141
5452 149
5453 134
5454 107
5455 126
5456 124
5457 126
5458 108
5459 133
5460 126
5461 135
5462 117
5463 110
5464 146
5465 132
5466 113
5467 126
5468 129
5469 133
5470 112
5471 115
5472 125
5473 110
5474 112
5475 115
5476 114
5477 134
5478 117
5479 111
5480 120
5481 121
5482 116
5483 124
5484 132
5485 109
5486 128
5487 126
5488 139
5489 114
5490 129
5491 106
5492 124
5493 123
5494 118
5495 123
5496 125
5497 101
5498 120
5499 126
5500 118
5501 108
5502 115
5503 113
5504 115
5505 111
5506 96
5507 102
5508 115
5509 125
5510 119
5511 126
5512 121
5513 121
5514 114
5515 148
5516 124
5517 106
5518 102
5519 119
5520 106
5521 129
5522 110
5523 121
5524 107
5525 133
5526 110
5527 114
5528 108
5529 89
5530 119
5531 108
5532 104
5533 82
5534 115
5535 113
5536 82
5537 104
5538 108
5539 108
5540 108
5541 110
5542 111
5543 99
5544 112
5545 121
5546 100
5547 111
5548 109
5549 110
5550 111
5551 124
5552 99
5553 104
5554 116
5555 109
5556 114
5557 121
5558 81
5559 97
5560 86
5561 96
5562 104
5563 89
5564 109
5565 94
5566 109
5567 107
5568 115
5569 92
5570 104
5571 119
5572 93
5573 95
5574 94
5575 119
5576 97
5577 103
5578 103
5579 103
5580 98
5581 120
5582 85
5583 94
5584 93
5585 78
5586 101
5587 103
5588 108
5589 94
5590 81
5591 85
5592 102
5593 83
5594 110
5595 105
5596 90
5597 106
5598 90
5599 106
5600 108
5601 83
5602 96
5603 100
5604 85
5605 108
5606 102
5607 95
5608 83
5609 85
5610 100
5611 113
5612 111
5613 95
5614 87
5615 95
5616 104
5617 83
5618 81
5619 112
5620 72
5621 97
5622 83
5623 96
5624 105
5625 104
5626 92
5627 92
5628 88
5629 83
5630 92
5631 94
5632 104
5633 97
5634 100
5635 87
5636 111
5637 92
5638 84
5639 78
5640 82
5641 90
5642 73
5643 97
5644 91
5645 88
5646 84
5647 79
5648 90
5649 93
5650 91
5651 95
5652 95
5653 71
5654 80
5655 92
5656 77
5657 76
5658 68
5659 89
5660 84
5661 84
5662 96
5663 89
5664 79
5665 84
5666 82
5667 95
5668 93
5669 90
5670 83
5671 92
5672 78
5673 80
5674 91
5675 86
5676 76
5677 91
5678 94
5679 87
5680 105
5681 91
5682 69
5683 87
5684 94
5685 81
5686 81
5687 82
5688 72
5689 79
5690 83
5691 75
5692 79
5693 89
5694 86
5695 76
5696 86
5697 80
5698 79
5699 93
5700 60
5701 79
5702 89
5703 86
5704 76
5705 77
5706 73
5707 94
5708 89
5709 68
5710 77
5711 79
5712 81
5713 74
5714 85
5715 85
5716 70
5717 78
5718 71
5719 71
5720 65
5721 78
5722 61
5723 76
5724 73
5725 82
5726 59
5727 81
5728 87
5729 83
5730 71
5731 73
5732 79
5733 67
5734 80
5735 70
5736 63
5737 68
5738 75
5739 68
5740 79
5741 60
5742 66
5743 63
5744 66
5745 80
5746 65
5747 79
5748 65
5749 62
5750 74
5751 66
5752 71
5753 68
5754 92
5755 66
5756 75
5757 66
5758 58
5759 69
5760 74
5761 63
5762 60
5763 60
5764 64
5765 68
5766 72
5767 77
5768 77
5769 79
5770 71
5771 82
5772 82
5773 55
5774 72
5775 61
5776 68
5777 70
5778 59
5779 73
5780 65
5781 78
5782 74
5783 68
5784 76
5785 70
5786 63
5787 70
5788 61
5789 55
5790 65
5791 75
5792 80
5793 54
5794 83
5795 77
5796 59
5797 82
5798 74
5799 71
5800 60
5801 79
5802 72
5803 62
5804 78
5805 69
5806 80
5807 66
5808 69
5809 71
5810 67
5811 66
5812 72
5813 57
5814 66
5815 56
5816 61
5817 75
5818 62
5819 67
5820 53
5821 51
5822 71
5823 72
5824 65
5825 63
5826 76
5827 73
5828 68
5829 78
5830 65
5831 64
5832 64
5833 69
5834 65
5835 68
5836 52
5837 51
5838 70
5839 58
5840 80
5841 85
5842 62
5843 58
5844 68
5845 80
5846 63
5847 62
5848 57
5849 72
5850 54
5851 62
5852 72
5853 67
5854 68
5855 73
5856 67
5857 69
5858 80
5859 66
5860 63
5861 59
5862 64
5863 81
5864 60
5865 70
5866 55
5867 63
5868 75
5869 73
5870 74
5871 70
5872 65
5873 70
5874 54
5875 68
5876 64
5877 68
5878 65
5879 74
5880 54
5881 73
5882 75
5883 72
5884 61
5885 57
5886 63
5887 70
5888 62
5889 60
5890 73
5891 61
5892 65
5893 71
5894 67
5895 64
5896 72
5897 53
5898 63
5899 56
5900 64
5901 61
5902 74
5903 65
5904 58
5905 64
5906 67
5907 51
5908 81
5909 78
5910 57
5911 80
5912 65
5913 56
5914 65
5915 72
5916 70
5917 61
5918 74
5919 79
5920 71
5921 69
5922 68
5923 67
5924 66
5925 57
5926 64
5927 62
5928 74
5929 70
5930 51
5931 61
5932 73
5933 59
5934 70
5935 54
5936 68
5937 71
5938 75
5939 71
5940 54
5941 63
5942 59
5943 60
5944 75
5945 52
5946 59
5947 67
5948 53
5949 81
5950 60
5951 66
5952 64
5953 65
5954 54
5955 89
5956 59
5957 73
5958 72
5959 64
5960 64
5961 60
5962 52
5963 67
5964 65
5965 73
5966 66
5967 68
5968 66
5969 61
5970 77
5971 71
5972 69
5973 71
5974 62
5975 81
5976 80
5977 72
5978 55
5979 64
5980 65
5981 57
5982 51
5983 51
5984 62
5985 54
5986 61
5987 72
5988 60
5989 69
5990 74
5991 62
5992 59
5993 70
5994 78
5995 71
5996 56
5997 55
5998 57
5999 76
6000 74
6001 75
6002 67
6003 71
6004 53
6005 64
6006 70
6007 54
6008 59
6009 58
6010 65
6011 73
6012 66
6013 57
6014 53
6015 63
6016 56
6017 57
6018 70
6019 53
6020 58
6021 76
6022 52
6023 71
6024 73
6025 69
6026 51
6027 63
6028 59
6029 69
6030 60
6031 70
6032 59
6033 71
6034 60
6035 69
6036 53
6037 51
6038 59
6039 50
6040 66
6041 55
6042 63
6043 81
6044 67
6045 56
6046 50
6047 76
6048 47
6049 63
6050 50
6051 69
6052 67
6053 61
6054 72
6055 69
6056 52
6057 60
6058 56
6059 64
6060 63
6061 63
6062 54
6063 66
6064 60
6065 49
6066 61
6067 61
6068 61
6069 58
6070 57
6071 63
6072 77
6073 80
6074 74
6075 74
6076 69
6077 65
6078 63
6079 59
6080 65
6081 69
6082 64
6083 52
6084 56
6085 69
6086 52
6087 72
6088 67
6089 63
6090 60
6091 71
6092 76
6093 52
6094 81
6095 64
6096 78
6097 54
6098 65
6099 58
6100 55
6101 61
6102 61
6103 60
6104 59
6105 70
6106 65
6107 60
6108 74
6109 55
6110 49
6111 50
6112 53
6113 57
6114 61
6115 67
6116 66
6117 50
6118 71
6119 69
6120 66
6121 55
6122 66
6123 68
6124 69
6125 56
6126 61
6127 65
6128 58
6129 58
6130 46
6131 77
6132 53
6133 54
6134 63
6135 71
6136 54
6137 63
6138 54
6139 54
6140 58
6141 54
6142 65
6143 61
6144 62
6145 57
6146 62
6147 80
6148 45
6149 59
6150 72
6151 54
6152 67
6153 51
6154 59
6155 64
6156 73
6157 59
6158 67
6159 60
6160 60
6161 65
6162 63
6163 55
6164 58
6165 65
6166 53
6167 40
6168 72
6169 58
6170 76
6171 54
6172 59
6173 63
6174 66
6175 59
6176 50
6177 54
6178 70
6179 49
6180 54
6181 53
6182 63
6183 54
6184 54
6185 52
6186 51
6187 53
6188 47
6189 64
6190 63
6191 61
6192 58
6193 63
6194 45
6195 51
6196 54
6197 71
6198 55
6199 64
6200 67
6201 65
6202 86
6203 79
6204 66
6205 51
6206 53
6207 73
6208 63
6209 48
6210 57
6211 47
6212 50
6213 59
6214 55
6215 62
6216 54
6217 54
6218 59
6219 53
6220 43
6221 62
6222 59
6223 60
6224 53
6225 56
6226 67
6227 61
6228 47
6229 58
6230 49
6231 52
6232 37
6233 47
6234 46
6235 68
6236 56
6237 54
6238 54
6239 64
6240 55
6241 60
6242 59
6243 61
6244 66
6245 67
6246 57
6247 64
6248 40
6249 58
6250 53
6251 60
6252 67
6253 71
6254 59
6255 54
6256 58
6257 59
6258 57
6259 62
6260 69
6261 63
6262 67
6263 60
6264 62
6265 52
6266 59
6267 57
6268 60
6269 54
6270 76
6271 63
6272 55
6273 76
6274 75
6275 56
6276 51
6277 52
6278 51
6279 58
6280 52
6281 52
6282 70
6283 62
6284 65
6285 54
6286 62
6287 62
6288 55
6289 69
6290 61
6291 63
6292 67
6293 58
6294 46
6295 59
6296 64
6297 49
6298 64
6299 53
6300 65
6301 67
6302 67
6303 65
6304 68
6305 64
6306 51
6307 65
6308 53
6309 59
6310 63
6311 57
6312 57
6313 59
6314 63
6315 69
6316 52
6317 67
6318 50
6319 70
6320 64
6321 72
6322 56
6323 53
6324 62
6325 46
6326 68
6327 44
6328 73
6329 58
6330 81
6331 66
6332 59
6333 76
6334 61
6335 71
6336 53
6337 62
6338 64
6339 66
6340 53
6341 67
6342 60
6343 59
6344 61
6345 47
6346 57
6347 54
6348 56
6349 70
6350 56
6351 50
6352 66
6353 57
6354 50
6355 53
6356 68
6357 76
6358 45
6359 60
6360 57
6361 57
6362 51
6363 62
6364 61
6365 68
6366 53
6367 63
6368 59
6369 53
6370 59
6371 62
6372 52
6373 68
6374 70
6375 55
6376 50
6377 67
6378 71
6379 70
6380 59
6381 50
6382 59
6383 61
6384 57
6385 47
6386 65
6387 57
6388 59
6389 48
6390 67
6391 47
6392 62
6393 64
6394 58
6395 49
6396 53
6397 68
6398 65
6399 63
6400 53
6401 56
6402 61
6403 49
6404 48
6405 71
6406 56
6407 61
6408 60
6409 60
6410 43
6411 73
6412 62
6413 56
6414 63
6415 54
6416 62
6417 57
6418 52
6419 40
6420 62
6421 51
6422 64
6423 58
6424 46
6425 55
6426 65
6427 59
6428 44
6429 54
6430 54
6431 60
6432 50
6433 54
6434 50
6435 47
6436 74
6437 53
6438 54
6439 59
6440 56
6441 66
6442 50
6443 65
6444 55
6445 67
6446 53
6447 44
6448 50
6449 50
6450 56
6451 60
6452 53
6453 55
6454 50
6455 54
6456 48
6457 44
6458 61
6459 50
6460 51
6461 66
6462 58
6463 55
6464 56
6465 68
6466 54
6467 52
6468 62
6469 54
6470 49
6471 59
6472 54
6473 51
6474 60
6475 52
6476 51
6477 52
6478 50
6479 49
6480 59
6481 63
6482 72
6483 49
6484 52
6485 55
6486 45
6487 57
6488 65
6489 43
6490 46
6491 57
6492 71
6493 63
6494 64
6495 48
6496 63
6497 45
6498 42
6499 48
6500 61
6501 58
6502 57
6503 55
6504 61
6505 61
6506 61
6507 61
6508 64
6509 66
6510 52
6511 60
6512 50
6513 56
6514 47
6515 45
6516 66
6517 55
6518 47
6519 61
6520 51
6521 54
6522 45
6523 62
6524 64
6525 54
6526 57
6527 55
6528 46
6529 60
6530 57
6531 52
6532 62
6533 59
6534 53
6535 50
6536 51
6537 62
6538 53
6539 57
6540 47
6541 57
6542 50
6543 65
6544 56
6545 53
6546 56
6547 46
6548 49
6549 48
6550 57
6551 52
6552 43
6553 40
6554 60
6555 40
6556 46
6557 62
6558 69
6559 56
6560 65
6561 56
6562 62
6563 52
6564 37
6565 63
6566 52
6567 55
6568 49
6569 51
6570 54
6571 44
6572 43
6573 42
6574 64
6575 60
6576 60
6577 48
6578 63
6579 52
6580 48
6581 45
6582 53
6583 45
6584 48
6585 50
6586 56
6587 51
6588 43
6589 58
6590 63
6591 60
6592 50
6593 49
6594 67
6595 44
6596 57
6597 57
6598 60
6599 54
6600 54
6601 59
6602 43
6603 75
6604 58
6605 63
6606 60
6607 52
6608 76
6609 50
6610 51
6611 62
6612 47
6613 54
6614 62
6615 53
6616 41
6617 46
6618 56
6619 62
6620 53
6621 63
6622 47
6623 57
6624 47
6625 57
6626 62
6627 65
6628 52
6629 64
6630 50
6631 51
6632 58
6633 55
6634 60
6635 64
6636 47
6637 55
6638 59
6639 57
6640 45
6641 50
6642 53
6643 59
6644 47
6645 66
6646 53
6647 49
6648 64
6649 41
6650 50
6651 55
6652 53
6653 57
6654 46
6655 50
6656 45
6657 65
6658 49
6659 61
6660 51
6661 46
6662 60
6663 58
6664 56
6665 43
6666 53
6667 52
6668 57
6669 57
6670 43
6671 50
6672 62
6673 54
6674 53
6675 34
6676 58
6677 49
6678 55
6679 52
6680 67
6681 58
6682 60
6683 50
6684 44
6685 47
6686 59
6687 48
6688 51
6689 52
6690 51
6691 52
6692 52
6693 62
6694 53
6695 53
6696 52
6697 55
6698 53
6699 51
6700 54
6701 54
6702 53
6703 64
6704 42
6705 56
6706 39
6707 57
6708 48
6709 53
6710 56
6711 64
6712 45
6713 49
6714 53
6715 53
6716 65
6717 60
6718 62
6719 57
6720 58
6721 49
6722 41
6723 51
6724 37
6725 49
6726 45
6727 59
6728 42
6729 61
6730 41
6731 50
6732 47
6733 52
6734 44
6735 50
6736 49
6737 43
6738 29
6739 41
6740 43
6741 60
6742 52
6743 50
6744 61
6745 39
6746 48
6747 49
6748 37
6749 53
6750 51
6751 64
6752 37
6753 46
6754 43
6755 64
6756 56
6757 59
6758 48
6759 57
6760 66
6761 46
6762 56
6763 44
6764 51
6765 51
6766 46
6767 53
6768 57
6769 40
6770 48
6771 49
6772 46
6773 49
6774 44
6775 48
6776 59
6777 56
6778 55
6779 56
6780 65
6781 54
6782 52
6783 61
6784 57
6785 53
6786 55
6787 48
6788 51
6789 42
6790 49
6791 67
6792 41
6793 46
6794 48
6795 60
6796 56
6797 46
6798 50
6799 55
6800 49
6801 55
6802 56
6803 44
6804 47
6805 55
6806 45
6807 60
6808 42
6809 56
6810 50
6811 41
6812 32
6813 46
6814 39
6815 46
6816 44
6817 44
6818 39
6819 53
6820 58
6821 50
6822 45
6823 55
6824 45
6825 45
6826 53
6827 56
6828 54
6829 36
6830 44
6831 61
6832 47
6833 42
6834 43
6835 42
6836 51
6837 42
6838 45
6839 51
6840 52
6841 47
6842 49
6843 48
6844 50
6845 47
6846 47
6847 38
6848 62
6849 43
6850 46
6851 25
6852 51
6853 58
6854 39
6855 40
6856 48
6857 58
6858 57
6859 37
6860 58
6861 47
6862 45
6863 45
6864 38
6865 47
6866 48
6867 52
6868 46
6869 43
6870 46
6871 34
6872 53
6873 44
6874 46
6875 43
6876 54
6877 49
6878 42
6879 44
6880 57
6881 40
6882 51
6883 41
6884 37
6885 35
6886 49
6887 36
6888 44
6889 41
6890 49
6891 37
6892 36
6893 43
6894 43
6895 49
6896 38
6897 49
6898 38
6899 44
6900 56
6901 50
6902 51
6903 46
6904 45
6905 48
6906 44
6907 41
6908 46
6909 47
6910 41
6911 47
6912 65
6913 38
6914 55
6915 56
6916 39
6917 37
6918 46
6919 63
6920 48
6921 49
6922 41
6923 52
6924 45
6925 39
6926 55
6927 38
6928 48
6929 37
6930 37
6931 50
6932 38
6933 46
6934 44
6935 40
6936 48
6937 37
6938 36
6939 53
6940 38
6941 59
6942 45
6943 51
6944 38
6945 42
6946 36
6947 35
6948 58
6949 41
6950 53
6951 44
6952 56
6953 58
6954 45
6955 50
6956 37
6957 47
6958 46
6959 50
6960 30
6961 46
6962 52
6963 47
6964 50
6965 40
6966 52
6967 48
6968 46
6969 47
6970 46
6971 52
6972 38
6973 42
6974 33
6975 50
6976 45
6977 46
6978 45
6979 39
6980 40
6981 42
6982 37
6983 52
6984 33
6985 45
6986 50
6987 46
6988 40
6989 55
6990 42
6991 49
6992 49
6993 52
6994 33
6995 49
6996 43
6997 41
6998 41
6999 40
7000 40
7001 50
7002 58
7003 45
7004 35
7005 40
7006 45
7007 38
7008 46
7009 59
7010 40
7011 36
7012 50
7013 38
7014 36
7015 49
7016 50
7017 46
7018 48
7019 40
7020 52
7021 41
7022 45
7023 42
7024 50
7025 30
7026 43
7027 45
7028 54
7029 32
7030 44
7031 24
7032 40
7033 34
7034 39
7035 33
7036 47
7037 48
7038 32
7039 43
7040 42
7041 55
7042 40
7043 38
7044 65
7045 41
7046 41
7047 45
7048 46
7049 48
7050 38
7051 42
7052 45
7053 43
7054 42
7055 37
7056 49
7057 37
7058 42
7059 41
7060 52
7061 51
7062 48
7063 54
7064 53
7065 52
7066 38
7067 51
7068 48
7069 36
7070 55
7071 58
7072 46
7073 47
7074 48
7075 44
7076 45
7077 52
7078 50
7079 50
7080 40
7081 42
7082 37
7083 51
7084 51
7085 38
7086 40
7087 30
7088 48
7089 38
7090 48
7091 50
7092 53
7093 42
7094 47
7095 48
7096 46
7097 32
7098 43
7099 34
7100 44
7101 43
7102 45
7103 35
7104 43
7105 38
7106 39
7107 39
7108 43
7109 51
7110 36
7111 48
7112 40
7113 37
7114 53
7115 44
7116 55
7117 61
7118 35
7119 54
7120 30
7121 54
7122 40
7123 40
7124 49
7125 41
7126 52
7127 41
7128 39
7129 39
7130 38
7131 39
7132 53
7133 60
7134 46
7135 36
7136 50
7137 42
7138 51
7139 50
7140 54
7141 52
7142 47
7143 39
7144 47
7145 46
7146 36
7147 48
7148 34
7149 51
7150 53
7151 48
7152 50
7153 49
7154 43
7155 48
7156 47
7157 40
7158 49
7159 30
7160 37
7161 39
7162 39
7163 41
7164 38
7165 39
7166 40
7167 37
7168 42
7169 36
7170 41
7171 42
7172 41
7173 36
7174 38
7175 34
7176 45
7177 56
7178 39
7179 45
7180 49
7181 46
7182 46
7183 41
7184 47
7185 47
7186 47
7187 42
7188 44
7189 40
7190 28
7191 31
7192 33
7193 40
7194 37
7195 36
7196 43
7197 31
7198 52
7199 38
7200 45
7201 50
7202 43
7203 48
7204 38
7205 61
7206 44
7207 51
7208 47
7209 39
7210 37
7211 35
7212 49
7213 43
7214 40
7215 49
7216 53
7217 48
7218 45
7219 40
7220 35
7221 51
7222 42
7223 44
7224 40
7225 43
7226 42
7227 47
7228 32
7229 44
7230 38
7231 50
7232 44
7233 47
7234 50
7235 39
7236 36
7237 44
7238 38
7239 37
7240 39
7241 38
7242 43
7243 37
7244 37
7245 31
7246 43
7247 35
7248 38
7249 41
7250 41
7251 39
7252 28
7253 28
7254 36
7255 31
7256 35
7257 41
7258 41
7259 44
7260 46
7261 43
7262 36
7263 40
7264 35
7265 47
7266 45
7267 41
7268 41
7269 43
7270 37
7271 48
7272 34
7273 36
7274 53
7275 41
7276 46
7277 24
7278 53
7279 34
7280 35
7281 34
7282 34
7283 43
7284 45
7285 41
7286 42
7287 39
7288 33
7289 55
7290 62
7291 40
7292 48
7293 48
7294 47
7295 40
7296 45
7297 45
7298 34
7299 42
7300 32
7301 34
7302 44
7303 37
7304 33
7305 40
7306 38
7307 43
7308 35
7309 35
7310 38
7311 51
7312 30
7313 41
7314 40
7315 41
7316 44
7317 41
7318 45
7319 46
7320 37
7321 41
7322 43
7323 46
7324 42
7325 37
7326 44
7327 36
7328 41
7329 39
7330 44
7331 37
7332 48
7333 43
7334 52
7335 33
7336 39
7337 43
7338 44
7339 37
7340 41
7341 40
7342 36
7343 36
7344 46
7345 42
7346 36
7347 41
7348 32
7349 34
7350 46
7351 43
7352 35
7353 36
7354 34
7355 49
7356 36
7357 34
7358 38
7359 37
7360 49
7361 36
7362 43
7363 46
7364 48
7365 39
7366 36
7367 35
7368 47
7369 45
7370 24
7371 44
7372 40
7373 40
7374 39
7375 41
7376 42
7377 37
7378 38
7379 36
7380 39
7381 36
7382 34
7383 30
7384 39
7385 39
7386 51
7387 36
7388 40
7389 42
7390 38
7391 43
7392 46
7393 39
7394 42
7395 36
7396 44
7397 54
7398 53
7399 28
7400 32
7401 48
7402 39
7403 42
7404 48
7405 48
7406 41
7407 37
7408 49
7409 52
7410 51
7411 49
7412 43
7413 42
7414 40
7415 42
7416 30
7417 39
7418 47
7419 36
7420 37
7421 49
7422 26
7423 43
7424 48
7425 39
7426 46
7427 44
7428 35
7429 32
7430 33
7431 44
7432 45
7433 35
7434 47
7435 41
7436 51
7437 41
7438 31
7439 39
7440 52
7441 37
7442 58
7443 46
7444 46
7445 45
7446 44
7447 43
7448 44
7449 52
7450 47
7451 45
7452 39
7453 42
7454 56
7455 47
7456 49
7457 45
7458 43
7459 37
7460 42
7461 37
7462 50
7463 41
7464 51
7465 39
7466 40
7467 46
7468 38
7469 41
7470 38
7471 51
7472 54
7473 49
7474 40
7475 41
7476 45
7477 51
7478 39
7479 47
7480 39
7481 41
7482 38
7483 41
7484 34
7485 35
7486 43
7487 46
7488 35
7489 37
7490 44
7491 47
7492 57
7493 34
7494 55
7495 40
7496 51
7497 46
7498 34
7499 46
7500 46
7501 49
7502 42
7503 50
7504 47
7505 39
7506 50
7507 39
7508 57
7509 47
7510 45
7511 47
7512 39
7513 53
7514 46
7515 37
7516 32
7517 39
7518 34
7519 35
7520 51
7521 52
7522 43
7523 36
7524 43
7525 38
7526 40
7527 42
7528 41
7529 34
7530 34
7531 57
7532 40
7533 46
7534 41
7535 40
7536 42
7537 44
7538 42
7539 42
7540 47
7541 44
7542 54
7543 50
7544 39
7545 57
7546 45
7547 49
7548 31
7549 54
7550 52
7551 64
7552 53
7553 56
7554 36
7555 50
7556 41
7557 50
7558 43
7559 59
7560 37
7561 47
7562 39
7563 41
7564 62
7565 42
7566 42
7567 65
7568 60
7569 46
7570 40
7571 48
7572 46
7573 50
7574 41
7575 55
7576 41
7577 46
7578 46
7579 37
7580 49
7581 60
7582 44
7583 47
7584 42
7585 53
7586 49
7587 45
7588 48
7589 58
7590 48
7591 50
7592 44
7593 52
7594 45
7595 38
7596 41
7597 42
7598 37
7599 51
7600 47
7601 48
7602 50
7603 33
7604 52
7605 51
7606 54
7607 52
7608 39
7609 45
7610 42
7611 42
7612 48
7613 41
7614 29
7615 46
7616 35
7617 38
7618 40
7619 43
7620 48
7621 39
7622 36
7623 43
7624 41
7625 53
7626 55
7627 45
7628 40
7629 50
7630 46
7631 39
7632 36
7633 41
7634 47
7635 41
7636 46
7637 32
7638 36
7639 45
7640 42
7641 43
7642 42
7643 53
7644 44
7645 46
7646 46
7647 53
7648 32
7649 39
7650 29
7651 46
7652 39
7653 39
7654 42
7655 48
7656 62
7657 41
7658 35
7659 43
7660 43
7661 38
7662 36
7663 44
7664 39
7665 38
7666 46
7667 47
7668 36
7669 39
7670 37
7671 39
7672 41
7673 47
7674 51
7675 41
7676 47
7677 34
7678 47
7679 49
7680 42
7681 44
7682 48
7683 34
7684 48
7685 35
7686 48
7687 54
7688 38
7689 48
7690 37
7691 43
7692 56
7693 47
7694 46
7695 44
7696 35
7697 47
7698 46
7699 44
7700 40
7701 34
7702 44
7703 38
7704 47
7705 48
7706 37
7707 34
7708 52
7709 52
7710 37
7711 37
7712 53
7713 50
7714 40
7715 60
7716 47
7717 32
7718 51
7719 44
7720 37
7721 37
7722 27
7723 35
7724 44
7725 47
7726 51
7727 47
7728 41
7729 43
7730 47
7731 34
7732 32
7733 43
7734 39
7735 35
7736 48
7737 47
7738 47
7739 41
7740 44
7741 41
7742 40
7743 37
7744 47
7745 46
7746 36
7747 38
7748 38
7749 41
7750 40
7751 44
7752 42
7753 42
7754 49
7755 37
7756 31
7757 32
7758 25
7759 40
7760 44
7761 42
7762 39
7763 47
7764 44
7765 34
7766 36
7767 41
7768 40
7769 52
7770 37
7771 41
7772 46
7773 50
7774 34
7775 52
7776 47
7777 44
7778 44
7779 31
7780 38
7781 36
7782 41
7783 39
7784 40
7785 49
7786 26
7787 52
7788 36
7789 34
7790 44
7791 48
7792 45
7793 48
7794 41
7795 40
7796 37
7797 35
7798 47
7799 39
7800 45
7801 41
7802 46
7803 35
7804 41
7805 47
7806 41
7807 33
7808 33
7809 42
7810 40
7811 34
7812 42
7813 24
7814 51
7815 32
7816 33
7817 41
7818 25
7819 31
7820 39
7821 37
7822 43
7823 38
7824 46
7825 46
7826 41
7827 53
7828 34
7829 45
7830 46
7831 26
7832 32
7833 42
7834 32
7835 30
7836 47
7837 41
7838 59
7839 47
7840 51
7841 48
7842 45
7843 49
7844 47
7845 34
7846 42
7847 38
7848 40
7849 46
7850 39
7851 40
7852 38
7853 32
7854 44
7855 46
7856 41
7857 38
7858 32
7859 42
7860 43
7861 37
7862 49
7863 39
7864 35
7865 44
7866 26
7867 44
7868 43
7869 31
7870 40
7871 51
7872 32
7873 36
7874 43
7875 44
7876 41
7877 28
7878 43
7879 39
7880 41
7881 38
7882 42
7883 55
7884 35
7885 39
7886 45
7887 37
7888 40
7889 33
7890 35
7891 42
7892 51
7893 42
7894 38
7895 37
7896 41
7897 49
7898 38
7899 35
7900 40
7901 38
7902 36
7903 48
7904 46
7905 39
7906 50
7907 27
7908 30
7909 42
7910 33
7911 37
7912 43
7913 44
7914 28
7915 34
7916 27
7917 33
7918 52
7919 38
7920 36
7921 34
7922 32
7923 42
7924 44
7925 29
7926 40
7927 27
7928 37
7929 31
7930 38
7931 35
7932 48
7933 41
7934 37
7935 51
7936 40
7937 52
7938 33
7939 46
7940 54
7941 52
7942 46
7943 37
7944 42
7945 40
7946 43
7947 30
7948 30
7949 33
7950 35
7951 35
7952 42
7953 38
7954 46
7955 36
7956 34
7957 29
7958 34
7959 28
7960 40
7961 36
7962 40
7963 32
7964 42
7965 36
7966 41
7967 39
7968 39
7969 26
7970 33
7971 34
7972 36
7973 35
7974 32
7975 41
7976 42
7977 37
7978 43
7979 37
7980 37
7981 42
7982 32
7983 35
7984 32
7985 42
7986 41
7987 30
7988 35
7989 40
7990 44
7991 35
7992 40
7993 38
7994 37
7995 38
7996 43
7997 42
7998 45
7999 49
8000 41
8001 37
8002 44
8003 40
8004 32
8005 39
8006 44
8007 39
8008 30
8009 50
8010 36
8011 48
8012 32
8013 29
8014 37
8015 46
8016 35
8017 33
8018 34
8019 44
8020 40
8021 23
8022 40
8023 35
8024 39
8025 31
8026 30
8027 43
8028 40
8029 40
8030 31
8031 33
8032 31
8033 43
8034 55
8035 37
8036 36
8037 34
8038 35
8039 41
8040 31
8041 37
8042 31
8043 43
8044 47
8045 35
8046 50
8047 39
8048 32
8049 34
8050 39
8051 45
8052 39
8053 34
8054 35
8055 47
8056 38
8057 36
8058 58
8059 34
8060 37
8061 41
8062 38
8063 39
8064 40
8065 42
8066 43
8067 30
8068 32
8069 28
8070 34
8071 37
8072 36
8073 25
8074 35
8075 32
8076 27
8077 48
8078 36
8079 37
8080 44
8081 34
8082 38
8083 32
8084 28
8085 39
8086 38
8087 40
8088 42
8089 41
8090 38
8091 38
8092 33
8093 27
8094 48
8095 36
8096 38
8097 31
8098 36
8099 41
8100 41
8101 35
8102 32
8103 44
8104 43
8105 41
8106 28
8107 34
8108 40
8109 37
8110 34
8111 41
8112 37
8113 37
8114 33
8115 43
8116 39
8117 32
8118 25
8119 37
8120 34
8121 28
8122 41
8123 34
8124 26
8125 29
8126 39
8127 30
8128 39
8129 40
8130 32
8131 26
8132 42
8133 48
8134 43
8135 32
8136 31
8137 39
8138 36
8139 37
8140 36
8141 42
8142 35
8143 35
8144 43
8145 25
8146 24
8147 39
8148 28
8149 39
8150 36
8151 35
8152 32
8153 31
8154 28
8155 43
8156 36
8157 33
8158 27
8159 35
8160 34
8161 35
8162 32
8163 44
8164 35
8165 27
8166 47
8167 39
8168 40
8169 38
8170 41
8171 32
8172 39
8173 45
8174 30
8175 40
8176 35
8177 34
8178 32
8179 33
8180 39
8181 34
8182 34
8183 24
8184 30
8185 34
8186 25
8187 41
8188 37
8189 22
8190 34
8191 27
8192 37
8193 36
8194 31
8195 49
8196 34
8197 44
8198 28
8199 43
8200 31
8201 41
8202 29
8203 36
8204 39
8205 35
8206 23
8207 31
8208 34
8209 32
8210 38
8211 40
8212 27
8213 43
8214 35
8215 38
8216 41
8217 30
8218 28
8219 35
8220 26
8221 40
8222 25
8223 29
8224 47
8225 31
8226 41
8227 35
8228 36
8229 38
8230 35
8231 37
8232 43
8233 50
8234 39
8235 39
8236 47
8237 34
8238 41
8239 42
8240 44
8241 29
8242 38
8243 33
8244 37
8245 39
8246 45
8247 44
8248 37
8249 43
8250 42
8251 42
8252 48
8253 37
8254 32
8255 39
8256 35
8257 43
8258 53
8259 31
8260 46
8261 36
8262 36
8263 40
8264 44
8265 39
8266 47
8267 37
8268 48
8269 30
8270 44
8271 40
8272 32
8273 49
8274 35
8275 39
8276 30
8277 55
8278 37
8279 30
8280 32
8281 49
8282 35
8283 35
8284 50
8285 37
8286 50
8287 33
8288 38
8289 26
8290 32
8291 33
8292 36
8293 49
8294 34
8295 28
8296 34
8297 36
8298 26
8299 32
8300 35
8301 28
8302 39
8303 45
8304 46
8305 50
8306 34
8307 43
8308 30
8309 45
8310 40
8311 45
8312 37
8313 34
8314 31
8315 31
8316 47
8317 40
8318 34
8319 32
8320 39
8321 34
8322 28
8323 35
8324 37
8325 49
8326 37
8327 43
8328 42
8329 35
8330 26
8331 59
8332 41
8333 35
8334 48
8335 35
8336 51
8337 36
8338 37
8339 41
8340 47
8341 29
8342 37
8343 37
8344 33
8345 29
8346 34
8347 36
8348 32
8349 36
8350 38
8351 35
8352 41
8353 40
8354 33
8355 22
8356 45
8357 29
8358 39
8359 42
8360 32
8361 35
8362 38
8363 47
8364 43
8365 38
8366 33
8367 48
8368 34
8369 46
8370 44
8371 27
8372 33
8373 33
8374 34
8375 43
8376 31
8377 38
8378 41
8379 42
8380 41
8381 38
8382 26
8383 33
8384 35
8385 38
8386 36
8387 20
8388 35
8389 37
8390 36
8391 34
8392 25
8393 35
8394 34
8395 27
8396 30
8397 41
8398 30
8399 41
8400 45
8401 42
8402 27
8403 25
8404 29
8405 39
8406 45
8407 41
8408 45
8409 43
8410 33
8411 38
8412 36
8413 37
8414 33
8415 33
8416 29
8417 33
8418 42
8419 37
8420 43
8421 37
8422 33
8423 37
8424 34
8425 32
8426 28
8427 47
8428 32
8429 44
8430 32
8431 40
8432 28
8433 29
8434 26
8435 29
8436 41
8437 35
8438 36
8439 38
8440 37
8441 43
8442 33
8443 33
8444 39
8445 33
8446 35
8447 24
8448 41
8449 40
8450 26
8451 35
8452 41
8453 28
8454 38
8455 38
8456 31
8457 33
8458 39
8459 31
8460 53
8461 41
8462 38
8463 36
8464 26
8465 43
8466 36
8467 26
8468 33
8469 30
8470 28
8471 43
8472 37
8473 34
8474 25
8475 37
8476 36
8477 29
8478 33
8479 26
8480 31
8481 31
8482 42
8483 39
8484 33
8485 41
8486 41
8487 34
8488 41
8489 33
8490 39
8491 30
8492 27
8493 36
8494 40
8495 34
8496 27
8497 42
8498 25
8499 36
8500 39
8501 32
8502 41
8503 35
8504 38
8505 38
8506 40
8507 30
8508 30
8509 34
8510 39
8511 36
8512 40
8513 44
8514 33
8515 26
8516 39
8517 40
8518 31
8519 46
8520 35
8521 31
8522 45
8523 33
8524 35
8525 32
8526 36
8527 44
8528 42
8529 38
8530 33
8531 36
8532 37
8533 58
8534 25
8535 45
8536 26
8537 44
8538 34
8539 33
8540 39
8541 37
8542 25
8543 43
8544 30
8545 29
8546 44
8547 41
8548 32
8549 39
8550 41
8551 27
8552 46
8553 41
8554 37
8555 33
8556 33
8557 29
8558 36
8559 28
8560 32
8561 40
8562 36
8563 34
8564 28
8565 31
8566 29
8567 34
8568 35
8569 33
8570 40
8571 32
8572 38
8573 39
8574 38
8575 37
8576 29
8577 39
8578 39
8579 43
8580 39
8581 26
8582 41
8583 28
8584 43
8585 40
8586 37
8587 24
8588 34
8589 47
8590 31
8591 39
8592 35
8593 29
8594 31
8595 41
8596 43
8597 31
8598 17
8599 49
8600 31
8601 37
8602 36
8603 30
8604 38
8605 35
8606 28
8607 38
8608 37
8609 29
8610 36
8611 36
8612 32
8613 33
8614 34
8615 36
8616 43
8617 35
8618 32
8619 33
8620 31
8621 28
8622 32
8623 40
8624 32
8625 38
8626 37
8627 37
8628 32
8629 38
8630 30
8631 35
8632 39
8633 26
8634 38
8635 31
8636 28
8637 28
8638 30
8639 33
8640 30
8641 31
8642 38
8643 36
8644 43
8645 31
8646 44
8647 35
8648 36
8649 39
8650 30
8651 43
8652 44
8653 23
8654 34
8655 30
8656 32
8657 38
8658 28
8659 33
8660 35
8661 37
8662 33
8663 46
8664 32
8665 28
8666 32
8667 38
8668 34
8669 29
8670 26
8671 47
8672 36
8673 35
8674 34
8675 36
8676 30
8677 33
8678 29
8679 28
8680 27
8681 37
8682 36
8683 37
8684 38
8685 36
8686 28
8687 28
8688 35
8689 29
8690 27
8691 25
8692 45
8693 29
8694 20
8695 37
8696 27
8697 35
8698 49
8699 30
8700 32
8701 33
8702 25
8703 36
8704 25
8705 29
8706 30
8707 30
8708 34
8709 30
8710 24
8711 35
8712 24
8713 27
8714 28
8715 33
8716 37
8717 36
8718 39
8719 33
8720 30
8721 38
8722 32
8723 36
8724 37
8725 30
8726 22
8727 27
8728 29
8729 31
8730 29
8731 33
8732 38
8733 24
8734 30
8735 34
8736 30
8737 38
8738 30
8739 29
8740 37
8741 22
8742 34
8743 30
8744 33
8745 28
8746 30
8747 31
8748 24
8749 41
8750 23
8751 44
8752 23
8753 26
8754 39
8755 33
8756 30
8757 35
8758 35
8759 38
8760 35
8761 26
8762 28
8763 38
8764 31
8765 38
8766 28
8767 24
8768 36
8769 38
8770 31
8771 27
8772 31
8773 36
8774 20
8775 27
8776 31
8777 34
8778 33
8779 34
8780 32
8781 44
8782 32
8783 34
8784 35
8785 34
8786 32
8787 22
8788 30
8789 31
8790 25
8791 35
8792 26
8793 43
8794 38
8795 35
8796 27
8797 39
8798 30
8799 29
8800 33
8801 31
8802 30
8803 33
8804 38
8805 24
8806 30
8807 28
8808 45
8809 41
8810 26
8811 36
8812 30
8813 32
8814 28
8815 38
8816 26
8817 39
8818 30
8819 34
8820 34
8821 27
8822 36
8823 32
8824 29
8825 25
8826 44
8827 29
8828 25
8829 27
8830 34
8831 41
8832 37
8833 46
8834 31
8835 27
8836 36
8837 38
8838 34
8839 34
8840 43
8841 33
8842 31
8843 32
8844 37
8845 38
8846 45
8847 33
8848 39
8849 41
8850 31
8851 37
8852 27
8853 32
8854 28
8855 30
8856 31
8857 34
8858 32
8859 28
8860 34
8861 36
8862 36
8863 38
8864 31
8865 32
8866 36
8867 27
8868 36
8869 33
8870 31
8871 33
8872 27
8873 29
8874 33
8875 35
8876 37
8877 37
8878 36
8879 26
8880 27
8881 34
8882 47
8883 35
8884 31
8885 32
8886 35
8887 33
8888 36
8889 29
8890 27
8891 36
8892 40
8893 27
8894 26
8895 21
8896 33
8897 35
8898 35
8899 30
8900 36
8901 33
8902 32
8903 40
8904 31
8905 40
8906 36
8907 32
8908 40
8909 36
8910 28
8911 33
8912 31
8913 29
8914 36
8915 35
8916 38
8917 35
8918 31
8919 38
8920 36
8921 40
8922 33
8923 32
8924 32
8925 35
8926 28
8927 29
8928 46
8929 25
8930 46
8931 31
8932 35
8933 29
8934 29
8935 33
8936 32
8937 39
8938 38
8939 34
8940 29
8941 30
8942 35
8943 35
8944 32
8945 26
8946 39
8947 38
8948 29
8949 34
8950 25
8951 42
8952 29
8953 38
8954 33
8955 35
8956 46
8957 34
8958 32
8959 33
8960 29
8961 31
8962 44
8963 28
8964 38
8965 40
8966 46
8967 45
8968 27
8969 44
8970 30
8971 46
8972 42
8973 38
8974 26
8975 38
8976 28
8977 38
8978 25
8979 38
8980 39
8981 38
8982 30
8983 31
8984 35
8985 36
8986 37
8987 29
8988 40
8989 42
8990 37
8991 27
8992 30
8993 29
8994 38
8995 32
8996 38
8997 28
8998 41
8999 20
9000 33
9001 26
9002 32
9003 36
9004 30
9005 43
9006 28
9007 42
9008 27
9009 35
9010 30
9011 36
9012 29
9013 35
9014 38
9015 37
9016 30
9017 32
9018 34
9019 37
9020 49
9021 41
9022 31
9023 28
9024 25
9025 32
9026 24
9027 40
9028 30
9029 46
9030 36
9031 27
9032 28
9033 27
9034 41
9035 32
9036 23
9037 21
9038 33
9039 38
9040 32
9041 33
9042 29
9043 27
9044 24
9045 47
9046 30
9047 32
9048 45
9049 24
9050 34
9051 29
9052 34
9053 36
9054 37
9055 25
9056 28
9057 32
9058 34
9059 43
9060 35
9061 31
9062 24
9063 27
9064 31
9065 29
9066 37
9067 37
9068 33
9069 37
9070 32
9071 39
9072 32
9073 34
9074 26
9075 36
9076 31
9077 51
9078 41
9079 45
9080 30
9081 34
9082 21
9083 41
9084 43
9085 34
9086 38
9087 34
9088 30
9089 34
9090 33
9091 32
9092 30
9093 33
9094 39
9095 35
9096 37
9097 36
9098 35
9099 33
9100 22
9101 35
9102 43
9103 46
9104 34
9105 29
9106 39
9107 38
9108 33
9109 38
9110 26
9111 34
9112 37
9113 32
9114 33
9115 21
9116 40
9117 31
9118 28
9119 40
9120 45
9121 34
9122 28
9123 24
9124 26
9125 26
9126 28
9127 32
9128 32
9129 30
9130 37
9131 34
9132 43
9133 37
9134 28
9135 38
9136 49
9137 21
9138 29
9139 29
9140 24
9141 37
9142 43
9143 26
9144 36
9145 37
9146 33
9147 26
9148 31
9149 24
9150 42
9151 34
9152 35
9153 34
9154 32
9155 36
9156 25
9157 29
9158 42
9159 31
9160 28
9161 39
9162 33
9163 38
9164 26
9165 36
9166 34
9167 30
9168 36
9169 27
9170 25
9171 38
9172 29
9173 31
9174 34
9175 26
9176 33
9177 37
9178 34
9179 33
9180 37
9181 33
9182 28
9183 37
9184 32
9185 52
9186 24
9187 35
9188 38
9189 36
9190 42
9191 43
9192 40
9193 35
9194 40
9195 38
9196 29
9197 39
9198 32
9199 25
9200 32
9201 45
9202 37
9203 28
9204 34
9205 32
9206 36
9207 41
9208 41
9209 39
9210 39
9211 34
9212 27
9213 41
9214 44
9215 40
9216 31
9217 29
9218 32
9219 29
9220 30
9221 35
9222 31
9223 34
9224 37
9225 31
9226 32
9227 38
9228 31
9229 38
9230 35
9231 36
9232 46
9233 39
9234 35
9235 38
9236 38
9237 40
9238 33
9239 24
9240 24
9241 43
9242 16
9243 46
9244 27
9245 36
9246 27
9247 27
9248 48
9249 33
9250 33
9251 28
9252 46
9253 28
9254 31
9255 36
9256 35
9257 29
9258 38
9259 33
9260 24
9261 32
9262 38
9263 37
9264 44
9265 29
9266 41
9267 32
9268 42
9269 30
9270 31
9271 41
9272 43
9273 32
9274 36
9275 33
9276 44
9277 28
9278 36
9279 30
9280 35
9281 26
9282 24
9283 30
9284 39
9285 42
9286 39
9287 32
9288 30
9289 31
9290 38
9291 40
9292 35
9293 34
9294 38
9295 32
9296 37
9297 24
9298 44
9299 48
9300 36
9301 38
9302 36
9303 26
9304 27
9305 53
9306 27
9307 27
9308 42
9309 38
9310 29
9311 34
9312 33
9313 34
9314 41
9315 34
9316 36
9317 38
9318 40
9319 40
9320 31
9321 31
9322 27
9323 26
9324 33
9325 23
9326 45
9327 24
9328 23
9329 23
9330 37
9331 36
9332 42
9333 24
9334 31
9335 44
9336 45
9337 34
9338 31
9339 31
9340 45
9341 37
9342 35
9343 36
9344 38
9345 42
9346 32
9347 40
9348 28
9349 32
9350 46
9351 34
9352 32
9353 38
9354 39
9355 33
9356 32
9357 25
9358 26
9359 40
9360 26
9361 39
9362 24
9363 35
9364 40
9365 28
9366 36
9367 29
9368 28
9369 33
9370 36
9371 28
9372 28
9373 31
9374 42
9375 33
9376 29
9377 33
9378 30
9379 35
9380 33
9381 40
9382 22
9383 31
9384 32
9385 37
9386 20
9387 38
9388 36
9389 39
9390 26
9391 35
9392 32
9393 24
9394 32
9395 29
9396 29
9397 31
9398 37
9399 34
9400 28
9401 37
9402 27
9403 47
9404 33
9405 34
9406 33
9407 34
9408 44
9409 37
9410 38
9411 25
9412 36
9413 42
9414 31
9415 36
9416 35
9417 38
9418 41
9419 48
9420 39
9421 35
9422 33
9423 39
9424 37
9425 44
9426 43
9427 32
9428 44
9429 37
9430 24
9431 28
9432 34
9433 30
9434 34
9435 35
9436 27
9437 41
9438 22
9439 36
9440 36
9441 36
9442 29
9443 45
9444 45
9445 45
9446 32
9447 37
9448 44
9449 40
9450 26
9451 35
9452 47
9453 47
9454 42
9455 29
9456 39
9457 40
9458 33
9459 36
9460 39
9461 28
9462 31
9463 28
9464 37
9465 39
9466 38
9467 38
9468 41
9469 34
9470 39
9471 33
9472 34
9473 35
9474 25
9475 30
9476 35
9477 42
9478 44
9479 34
9480 45
9481 29
9482 43
9483 37
9484 38
9485 44
9486 39
9487 33
9488 42
9489 52
9490 50
9491 36
9492 36
9493 44
9494 39
9495 37
9496 44
9497 40
9498 35
9499 39
9500 46
9501 32
9502 42
9503 43
9504 51
9505 43
9506 39
9507 45
9508 24
9509 40
9510 34
9511 34
9512 27
9513 35
9514 39
9515 42
9516 34
9517 42
9518 51
9519 29
9520 37
9521 40
9522 31
9523 52
9524 33
9525 28
9526 44
9527 44
9528 31
9529 32
9530 33
9531 40
9532 37
9533 36
9534 37
9535 36
9536 41
9537 36
9538 33
9539 39
9540 40
9541 40
9542 44
9543 36
9544 46
9545 37
9546 35
9547 41
9548 48
9549 32
9550 47
9551 42
9552 43
9553 34
9554 38
9555 46
9556 35
9557 33
9558 36
9559 33
9560 34
9561 43
9562 34
9563 38
9564 40
9565 33
9566 26
9567 27
9568 38
9569 35
9570 41
9571 31
9572 54
9573 33
9574 35
9575 40
9576 35
9577 35
9578 25
9579 32
9580 41
9581 39
9582 34
9583 50
9584 43
9585 47
9586 33
9587 37
9588 42
9589 26
9590 31
9591 51
9592 41
9593 45
9594 41
9595 30
9596 35
9597 40
9598 34
9599 38
9600 26
9601 31
9602 36
9603 34
9604 31
9605 35
9606 40
9607 38
9608 45
9609 44
9610 40
9611 27
9612 46
9613 37
9614 34
9615 42
9616 44
9617 23
9618 33
9619 45
9620 35
9621 47
9622 33
9623 42
9624 37
9625 38
9626 39
9627 43
9628 38
9629 48
9630 48
9631 40
9632 37
9633 33
9634 36
9635 37
9636 51
9637 32
9638 47
9639 41
9640 45
9641 36
9642 40
9643 38
9644 42
9645 35
9646 43
9647 32
9648 41
9649 33
9650 43
9651 49
9652 38
9653 37
9654 38
9655 36
9656 40
9657 33
9658 37
9659 21
9660 38
9661 48
9662 40
9663 42
9664 38
9665 39
9666 38
9667 40
9668 38
9669 33
9670 48
9671 42
9672 44
9673 32
9674 34
9675 32
9676 38
9677 32
9678 43
9679 45
9680 33
9681 33
9682 42
9683 34
9684 33
9685 39
9686 32
9687 28
9688 45
9689 32
9690 39
9691 37
9692 41
9693 32
9694 31
9695 35
9696 43
9697 39
9698 38
9699 35
9700 43
9701 40
9702 33
9703 36
9704 39
9705 36
9706 41
9707 26
9708 46
9709 28
9710 28
9711 29
9712 23
9713 46
9714 41
9715 34
9716 36
9717 29
9718 30
9719 43
9720 40
9721 38
9722 42
9723 40
9724 43
9725 39
9726 37
9727 39
9728 38
9729 34
9730 36
9731 31
9732 41
9733 36
9734 21
9735 36
9736 38
9737 38
9738 35
9739 27
9740 25
9741 34
9742 24
9743 32
9744 33
9745 39
9746 40
9747 36
9748 32
9749 40
9750 33
9751 35
9752 35
9753 44
9754 33
9755 42
9756 38
9757 35
9758 41
9759 47
9760 29
9761 32
9762 29
9763 46
9764 37
9765 33
9766 36
9767 36
9768 33
9769 34
9770 35
9771 25
9772 38
9773 35
9774 34
9775 32
9776 38
9777 41
9778 34
9779 36
9780 37
9781 37
9782 40
9783 31
9784 32
9785 35
9786 32
9787 24
9788 26
9789 39
9790 38
9791 42
9792 32
9793 39
9794 32
9795 26
9796 26
9797 30
9798 27
9799 37
9800 33
9801 26
9802 35
9803 42
9804 41
9805 36
9806 37
9807 40
9808 42
9809 29
9810 45
9811 43
9812 41
9813 39
9814 43
9815 44
9816 31
9817 32
9818 35
9819 28
9820 30
9821 32
9822 32
9823 40
9824 31
9825 24
9826 36
9827 26
9828 32
9829 36
9830 37
9831 30
9832 39
9833 33
9834 36
9835 36
9836 35
9837 44
9838 33
9839 36
9840 30
9841 35
9842 32
9843 39
9844 39
9845 40
9846 34
9847 35
9848 48
9849 31
9850 42
9851 33
9852 28
9853 33
9854 28
9855 44
9856 29
9857 28
9858 32
9859 34
9860 39
9861 34
9862 42
9863 32
9864 31
9865 37
9866 35
9867 31
9868 29
9869 34
9870 24
9871 40
9872 34
9873 29
9874 35
9875 25
9876 33
9877 34
9878 32
9879 39
9880 41
9881 27
9882 30
9883 37
9884 38
9885 44
9886 28
9887 45
9888 31
9889 33
9890 49
9891 29
9892 37
9893 28
9894 43
9895 42
9896 33
9897 41
9898 34
9899 27
9900 34
9901 29
9902 23
9903 30
9904 29
9905 33
9906 34
9907 26
9908 33
9909 28
9910 38
9911 28
9912 38
9913 30
9914 34
9915 36
9916 29
9917 37
9918 46
9919 32
9920 27
9921 34
9922 37
9923 38
9924 42
9925 33
9926 26
9927 33
9928 39
9929 27
9930 24
9931 22
9932 33
9933 40
9934 27
9935 27
9936 35
9937 29
9938 36
9939 33
9940 24
9941 37
9942 36
9943 37
9944 43
9945 15
9946 30
9947 28
9948 28
9949 22
9950 26
9951 44
9952 26
9953 23
9954 31
9955 40
9956 36
9957 31
9958 39
9959 33
9960 39
9961 24
9962 35
9963 36
9964 34
9965 25
9966 37
9967 36
9968 28
9969 29
9970 38
9971 26
9972 38
9973 31
9974 33
9975 33
9976 21
9977 31
9978 35
9979 36
9980 28
9981 34
9982 23
9983 24
9984 40
9985 28
9986 35
9987 20
9988 36
9989 30
9990 32
9991 23
9992 24
9993 39
9994 23
9995 37
9996 33
9997 40
9998 33
9999 38
10000 28
10001 208670
