# Title:27-mer spectra for: 63
# XLabel:27-mer frequency
# YLabel:# distinct 27-mers
# Kmer value:27
# Input 1:<pipe>
###
1 2150868139
2 147827355
3 43249869
4 21164683
5 12575700
6 8507907
7 6137807
8 4674209
9 3682294
10 2986466
11 2475339
12 2091693
13 1785661
14 1560349
15 1398657
16 1289326
17 1226550
18 1209887
19 1235228
20 1307916
21 1441435
22 1652000
23 1945802
24 2336907
25 2850151
26 3485064
27 4257613
28 5146571
29 6158752
30 7256142
31 8416196
32 9587215
33 10731675
34 11795648
35 12738373
36 13506783
37 14077118
38 14422289
39 14504938
40 14374259
41 14022999
42 13453184
43 12731736
44 11858186
45 10890319
46 9867828
47 8833002
48 7800276
49 6791002
50 5865359
51 5002299
52 4235228
53 3553081
54 2965047
55 2471181
56 2066575
57 1742854
58 1488542
59 1300931
60 1159707
61 1072104
62 1024892
63 1010225
64 1022008
65 1058921
66 1112353
67 1172882
68 1244885
69 1319963
70 1402696
71 1482974
72 1557715
73 1630323
74 1695706
75 1749599
76 1794115
77 1827338
78 1845524
79 1853026
80 1846990
81 1828829
82 1797403
83 1752737
84 1700864
85 1639403
86 1574749
87 1498083
88 1417181
89 1335799
90 1252936
91 1170175
92 1085191
93 1000752
94 920494
95 846508
96 776808
97 712207
98 652552
99 599418
100 552577
101 508005
102 470471
103 437881
104 409832
105 386071
106 367441
107 352117
108 339203
109 328353
110 319222
111 312309
112 307719
113 304075
114 300898
115 297974
116 295390
117 293157
118 293315
119 289074
120 286605
121 284547
122 280304
123 277354
124 273373
125 268003
126 263232
127 256108
128 251271
129 245747
130 239713
131 233777
132 227404
133 221352
134 215336
135 208790
136 202070
137 196132
138 190514
139 186002
140 181392
141 176288
142 173186
143 169378
144 166008
145 162099
146 159642
147 157882
148 155770
149 152828
150 150826
151 149349
152 147640
153 146280
154 144403
155 144259
156 142198
157 140376
158 141001
159 139667
160 138757
161 137845
162 136673
163 135526
164 132993
165 132310
166 130142
167 128515
168 126307
169 124491
170 122615
171 121571
172 118543
173 116762
174 115669
175 113653
176 111845
177 110216
178 108824
179 105552
180 104249
181 102249
182 100503
183 97889
184 96947
185 94993
186 94707
187 92383
188 91137
189 89899
190 89058
191 87171
192 86322
193 85367
194 83975
195 83538
196 82004
197 81252
198 80609
199 80334
200 79172
201 78254
202 77997
203 77100
204 76492
205 75963
206 75228
207 74159
208 73173
209 72326
210 72291
211 71045
212 69944
213 69567
214 68963
215 68183
216 67115
217 66596
218 66330
219 65562
220 64699
221 64055
222 63321
223 62303
224 61457
225 61122
226 60476
227 59408
228 59068
229 58484
230 58317
231 57265
232 56916
233 55551
234 55332
235 54982
236 54229
237 53974
238 53445
239 52925
240 52349
241 51537
242 51392
243 50829
244 50436
245 50230
246 49287
247 49165
248 48874
249 48191
250 47586
251 47149
252 47004
253 46611
254 45887
255 45666
256 45304
257 45257
258 44747
259 44346
260 44146
261 43786
262 43505
263 43231
264 42937
265 42645
266 42602
267 41719
268 41426
269 40983
270 40424
271 40659
272 40002
273 39456
274 39197
275 39256
276 38438
277 38108
278 38112
279 37506
280 37097
281 36706
282 36255
283 36311
284 36088
285 35827
286 35440
287 35160
288 34436
289 34491
290 33926
291 33901
292 33787
293 33359
294 33081
295 33278
296 32980
297 32321
298 32133
299 31834
300 32012
301 31793
302 31464
303 31307
304 30836
305 30858
306 30752
307 30530
308 30272
309 30388
310 29920
311 29609
312 29207
313 29294
314 28883
315 28893
316 28376
317 28149
318 27725
319 27791
320 27593
321 27531
322 27210
323 26869
324 26909
325 26943
326 26382
327 26554
328 26350
329 25871
330 25884
331 25666
332 25117
333 25133
334 25257
335 24792
336 24529
337 24766
338 24355
339 24229
340 24006
341 23972
342 23643
343 23573
344 23376
345 22903
346 23069
347 23254
348 22777
349 22970
350 22577
351 22273
352 22420
353 22123
354 21898
355 22075
356 21746
357 21786
358 21260
359 21067
360 21005
361 21063
362 20386
363 20898
364 20498
365 20275
366 20003
367 20005
368 19853
369 20054
370 19672
371 20008
372 19508
373 19985
374 19705
375 19617
376 19533
377 19310
378 19045
379 18594
380 18594
381 18483
382 18629
383 18392
384 18444
385 18097
386 18030
387 17942
388 17882
389 17700
390 17508
391 17642
392 17356
393 17328
394 17481
395 17345
396 17199
397 16938
398 16902
399 16703
400 16867
401 16611
402 16554
403 16538
404 16223
405 16382
406 16345
407 16001
408 16024
409 16095
410 15801
411 15885
412 15675
413 15753
414 15660
415 15677
416 15419
417 15321
418 15335
419 15528
420 15163
421 15106
422 15071
423 15026
424 14930
425 15046
426 14918
427 14543
428 14574
429 14480
430 14492
431 14379
432 14551
433 14283
434 14444
435 14337
436 14098
437 14267
438 13908
439 13964
440 13880
441 13923
442 13480
443 13648
444 13485
445 13423
446 13127
447 13217
448 13005
449 13254
450 13039
451 12827
452 13036
453 12733
454 12843
455 12735
456 12652
457 12785
458 12694
459 12513
460 12717
461 12528
462 12549
463 12320
464 12718
465 12441
466 12323
467 12458
468 12465
469 12355
470 12167
471 12006
472 12159
473 11850
474 11967
475 11874
476 11720
477 11603
478 11651
479 11864
480 11578
481 11587
482 11517
483 11497
484 11558
485 11311
486 11354
487 11430
488 11222
489 11244
490 11138
491 10967
492 11136
493 10913
494 10976
495 10933
496 10837
497 10939
498 10610
499 10787
500 10685
501 10586
502 10543
503 10469
504 10563
505 10721
506 10347
507 10658
508 10372
509 10358
510 10482
511 10168
512 10229
513 10204
514 10199
515 10280
516 10048
517 10221
518 10104
519 9904
520 9955
521 9982
522 9918
523 9740
524 9944
525 9775
526 9793
527 9655
528 9624
529 9931
530 9496
531 9401
532 9455
533 9264
534 9152
535 9388
536 9268
537 9132
538 9112
539 9154
540 9068
541 9192
542 8859
543 9077
544 9135
545 9124
546 8920
547 8855
548 8774
549 8936
550 8883
551 8781
552 8760
553 8747
554 8565
555 8466
556 8492
557 8659
558 8451
559 8417
560 8493
561 8426
562 8499
563 8566
564 8324
565 8463
566 8292
567 8183
568 8158
569 8292
570 8121
571 8125
572 7983
573 7966
574 7998
575 8180
576 8037
577 8230
578 7890
579 7954
580 8043
581 7836
582 7778
583 7820
584 7617
585 7767
586 7649
587 7734
588 7695
589 7635
590 7757
591 7566
592 7704
593 7604
594 7603
595 7560
596 7566
597 7458
598 7522
599 7355
600 7392
601 7289
602 7274
603 7409
604 7276
605 7246
606 7150
607 7053
608 7176
609 7153
610 7106
611 7022
612 6944
613 7215
614 6965
615 7147
616 7089
617 6826
618 7079
619 6993
620 6940
621 6891
622 6782
623 6925
624 6840
625 6761
626 6673
627 6861
628 6773
629 6672
630 6709
631 6693
632 6618
633 6479
634 6550
635 6505
636 6453
637 6662
638 6450
639 6466
640 6518
641 6394
642 6467
643 6549
644 6396
645 6493
646 6489
647 6362
648 6310
649 6319
650 6202
651 6315
652 6305
653 6165
654 6306
655 6200
656 6263
657 6182
658 6342
659 6233
660 6150
661 6010
662 5988
663 5980
664 5935
665 5973
666 5990
667 5945
668 6043
669 6066
670 5826
671 5786
672 5698
673 5922
674 5644
675 5708
676 5592
677 5729
678 5726
679 5645
680 5674
681 5666
682 5681
683 5657
684 5613
685 5636
686 5665
687 5478
688 5479
689 5310
690 5578
691 5458
692 5549
693 5504
694 5343
695 5290
696 5468
697 5412
698 5542
699 5400
700 5465
701 5370
702 5288
703 5392
704 5338
705 5254
706 5231
707 5079
708 5162
709 5274
710 5185
711 5121
712 5155
713 5035
714 5074
715 5034
716 5116
717 4990
718 4967
719 4934
720 5073
721 5000
722 4971
723 5033
724 4950
725 4939
726 4929
727 4988
728 4830
729 4757
730 4915
731 4824
732 4813
733 4872
734 4819
735 4696
736 4840
737 4833
738 4659
739 4851
740 4790
741 4657
742 4717
743 4552
744 4537
745 4732
746 4485
747 4620
748 4570
749 4536
750 4595
751 4471
752 4507
753 4427
754 4510
755 4329
756 4409
757 4467
758 4470
759 4492
760 4423
761 4444
762 4422
763 4424
764 4467
765 4458
766 4513
767 4297
768 4300
769 4337
770 4381
771 4377
772 4349
773 4392
774 4264
775 4355
776 4302
777 4271
778 4234
779 4232
780 4230
781 4212
782 4216
783 4188
784 4210
785 4033
786 4213
787 4177
788 4127
789 4047
790 4120
791 4137
792 4143
793 4086
794 3969
795 4130
796 4040
797 4098
798 4062
799 4017
800 3920
801 4019
802 3992
803 4012
804 3929
805 4042
806 3895
807 3951
808 3987
809 3872
810 4044
811 3904
812 3986
813 3910
814 3828
815 3886
816 3841
817 3771
818 3887
819 3872
820 3950
821 3904
822 3929
823 3864
824 3855
825 3728
826 3761
827 3761
828 3693
829 3900
830 3879
831 3735
832 3758
833 3710
834 3874
835 3702
836 3614
837 3664
838 3585
839 3640
840 3706
841 3624
842 3569
843 3707
844 3605
845 3526
846 3520
847 3580
848 3560
849 3599
850 3558
851 3636
852 3644
853 3587
854 3445
855 3362
856 3512
857 3466
858 3487
859 3486
860 3527
861 3432
862 3428
863 3468
864 3495
865 3480
866 3498
867 3457
868 3554
869 3368
870 3444
871 3301
872 3435
873 3321
874 3437
875 3349
876 3394
877 3375
878 3375
879 3200
880 3278
881 3360
882 3332
883 3291
884 3263
885 3328
886 3152
887 3283
888 3327
889 3296
890 3181
891 3311
892 3255
893 3261
894 3088
895 3207
896 3254
897 3106
898 3221
899 3171
900 3210
901 3212
902 3176
903 3141
904 3246
905 3195
906 3236
907 3220
908 3161
909 3119
910 3159
911 3252
912 3188
913 3041
914 3235
915 3086
916 3128
917 3259
918 3168
919 3137
920 3067
921 3127
922 3178
923 3151
924 3009
925 2992
926 3003
927 3060
928 3024
929 3018
930 2964
931 3005
932 2961
933 2939
934 2939
935 3050
936 2945
937 2953
938 2853
939 2923
940 2937
941 2904
942 2967
943 2947
944 2941
945 2833
946 2920
947 2864
948 2916
949 2890
950 2916
951 2879
952 2896
953 2970
954 2842
955 2868
956 2813
957 2849
958 2821
959 2872
960 2720
961 2862
962 2854
963 2830
964 2831
965 2750
966 2808
967 2735
968 2750
969 2797
970 2769
971 2689
972 2734
973 2838
974 2730
975 2889
976 2762
977 2653
978 2825
979 2663
980 2739
981 2696
982 2625
983 2627
984 2655
985 2649
986 2642
987 2596
988 2614
989 2677
990 2665
991 2656
992 2675
993 2637
994 2625
995 2694
996 2667
997 2618
998 2618
999 2764
1000 2616
1001 2677
1002 2588
1003 2578
1004 2633
1005 2696
1006 2527
1007 2589
1008 2519
1009 2451
1010 2599
1011 2684
1012 2711
1013 2560
1014 2471
1015 2680
1016 2482
1017 2581
1018 2560
1019 2538
1020 2494
1021 2602
1022 2496
1023 2546
1024 2522
1025 2501
1026 2506
1027 2502
1028 2501
1029 2425
1030 2386
1031 2294
1032 2490
1033 2424
1034 2424
1035 2358
1036 2355
1037 2450
1038 2443
1039 2318
1040 2383
1041 2453
1042 2412
1043 2355
1044 2342
1045 2335
1046 2317
1047 2306
1048 2364
1049 2425
1050 2335
1051 2257
1052 2265
1053 2306
1054 2265
1055 2348
1056 2363
1057 2365
1058 2335
1059 2294
1060 2232
1061 2296
1062 2300
1063 2323
1064 2270
1065 2302
1066 2231
1067 2347
1068 2314
1069 2287
1070 2190
1071 2286
1072 2204
1073 2268
1074 2164
1075 2249
1076 2344
1077 2233
1078 2183
1079 2371
1080 2300
1081 2183
1082 2247
1083 2174
1084 2269
1085 2210
1086 2232
1087 2248
1088 2113
1089 2191
1090 2233
1091 2232
1092 2180
1093 2155
1094 2172
1095 2235
1096 2213
1097 2247
1098 2168
1099 2152
1100 2086
1101 2163
1102 2181
1103 2156
1104 2127
1105 2121
1106 2139
1107 2111
1108 2204
1109 2106
1110 2092
1111 2181
1112 2140
1113 2109
1114 2083
1115 2159
1116 2160
1117 2160
1118 2176
1119 2116
1120 2156
1121 2175
1122 2073
1123 2163
1124 2089
1125 2075
1126 2153
1127 2100
1128 2057
1129 2107
1130 2066
1131 2135
1132 2127
1133 2113
1134 2127
1135 2033
1136 2097
1137 2129
1138 2064
1139 2048
1140 2098
1141 2030
1142 2006
1143 2092
1144 2120
1145 1997
1146 1996
1147 2074
1148 2040
1149 2008
1150 2062
1151 2089
1152 1984
1153 1997
1154 2023
1155 1992
1156 2059
1157 2007
1158 1950
1159 1957
1160 1964
1161 1915
1162 2056
1163 2044
1164 2063
1165 2003
1166 2006
1167 2054
1168 1970
1169 1946
1170 2000
1171 2011
1172 2016
1173 1992
1174 1970
1175 1964
1176 1926
1177 1989
1178 2044
1179 1958
1180 1882
1181 1913
1182 1895
1183 1891
1184 1967
1185 1893
1186 1905
1187 1972
1188 1984
1189 1925
1190 1883
1191 1914
1192 1912
1193 1928
1194 1906
1195 1856
1196 1859
1197 1872
1198 1832
1199 1869
1200 1815
1201 1817
1202 1892
1203 1853
1204 1915
1205 1961
1206 1863
1207 1968
1208 1884
1209 1875
1210 1814
1211 1835
1212 1873
1213 1882
1214 1833
1215 1868
1216 1875
1217 1945
1218 1832
1219 1790
1220 1803
1221 1790
1222 1773
1223 1853
1224 1830
1225 1849
1226 1790
1227 1857
1228 1811
1229 1848
1230 1863
1231 1813
1232 1769
1233 1817
1234 1869
1235 1823
1236 1785
1237 1788
1238 1783
1239 1746
1240 1794
1241 1837
1242 1903
1243 1803
1244 1825
1245 1780
1246 1796
1247 1761
1248 1777
1249 1839
1250 1811
1251 1812
1252 1777
1253 1766
1254 1829
1255 1861
1256 1781
1257 1785
1258 1777
1259 1759
1260 1776
1261 1745
1262 1718
1263 1761
1264 1805
1265 1770
1266 1790
1267 1731
1268 1754
1269 1774
1270 1734
1271 1748
1272 1732
1273 1795
1274 1769
1275 1758
1276 1804
1277 1736
1278 1625
1279 1773
1280 1755
1281 1711
1282 1734
1283 1691
1284 1823
1285 1746
1286 1715
1287 1731
1288 1719
1289 1741
1290 1702
1291 1785
1292 1698
1293 1766
1294 1786
1295 1714
1296 1743
1297 1640
1298 1764
1299 1776
1300 1732
1301 1727
1302 1741
1303 1728
1304 1693
1305 1763
1306 1678
1307 1769
1308 1778
1309 1708
1310 1714
1311 1724
1312 1771
1313 1725
1314 1832
1315 1692
1316 1663
1317 1744
1318 1784
1319 1678
1320 1730
1321 1712
1322 1747
1323 1797
1324 1699
1325 1759
1326 1721
1327 1688
1328 1700
1329 1782
1330 1749
1331 1719
1332 1803
1333 1750
1334 1659
1335 1745
1336 1764
1337 1682
1338 1791
1339 1772
1340 1770
1341 1741
1342 1800
1343 1714
1344 1681
1345 1735
1346 1802
1347 1769
1348 1738
1349 1795
1350 1697
1351 1759
1352 1690
1353 1835
1354 1770
1355 1734
1356 1821
1357 1721
1358 1753
1359 1744
1360 1754
1361 1795
1362 1751
1363 1734
1364 1780
1365 1701
1366 1817
1367 1767
1368 1816
1369 1745
1370 1874
1371 1883
1372 1781
1373 1856
1374 1746
1375 1811
1376 1749
1377 1775
1378 1789
1379 1800
1380 1812
1381 1745
1382 1816
1383 1849
1384 1789
1385 1750
1386 1767
1387 1769
1388 1759
1389 1826
1390 1784
1391 1797
1392 1780
1393 1766
1394 1822
1395 1742
1396 1757
1397 1855
1398 1774
1399 1835
1400 1776
1401 1762
1402 1858
1403 1827
1404 1788
1405 1783
1406 1824
1407 1855
1408 1812
1409 1845
1410 1882
1411 1874
1412 1740
1413 1916
1414 1939
1415 1854
1416 1843
1417 1843
1418 1868
1419 1882
1420 1849
1421 1832
1422 1799
1423 1800
1424 1798
1425 1865
1426 1804
1427 1871
1428 1922
1429 1833
1430 1878
1431 1879
1432 1877
1433 1918
1434 1839
1435 1783
1436 1871
1437 1948
1438 1932
1439 1866
1440 1917
1441 1871
1442 1817
1443 1841
1444 1877
1445 1929
1446 1878
1447 1959
1448 1847
1449 1926
1450 1892
1451 1908
1452 1947
1453 1943
1454 1958
1455 2006
1456 1934
1457 1842
1458 1976
1459 1996
1460 1905
1461 1886
1462 1897
1463 1825
1464 1995
1465 1805
1466 1961
1467 1832
1468 1901
1469 1914
1470 1896
1471 1967
1472 1885
1473 1965
1474 1874
1475 1879
1476 1960
1477 1874
1478 2040
1479 1934
1480 1929
1481 1930
1482 1910
1483 1927
1484 1920
1485 1955
1486 1965
1487 1885
1488 1993
1489 1973
1490 1935
1491 1885
1492 1934
1493 2001
1494 1984
1495 1883
1496 1984
1497 1996
1498 1919
1499 1999
1500 1966
1501 2048
1502 2050
1503 2020
1504 1922
1505 2095
1506 2104
1507 1992
1508 2009
1509 1959
1510 2028
1511 2027
1512 1971
1513 2009
1514 1931
1515 1978
1516 2018
1517 1973
1518 1992
1519 2030
1520 2007
1521 2003
1522 1936
1523 2002
1524 2024
1525 2035
1526 1979
1527 2039
1528 1964
1529 2009
1530 1961
1531 2010
1532 1961
1533 2054
1534 1941
1535 1937
1536 1934
1537 1954
1538 1984
1539 2073
1540 2027
1541 1945
1542 1969
1543 1964
1544 2026
1545 1938
1546 1998
1547 2017
1548 2055
1549 2096
1550 1991
1551 1988
1552 1999
1553 2015
1554 2016
1555 1942
1556 1926
1557 1961
1558 1995
1559 1962
1560 1965
1561 1968
1562 1982
1563 1920
1564 1930
1565 1995
1566 2032
1567 2020
1568 2024
1569 1880
1570 1978
1571 1976
1572 1969
1573 1967
1574 1907
1575 1933
1576 1965
1577 1969
1578 2003
1579 1838
1580 1892
1581 1929
1582 1902
1583 1886
1584 1883
1585 1880
1586 1853
1587 1850
1588 1838
1589 1946
1590 1880
1591 1761
1592 1791
1593 1833
1594 1791
1595 1774
1596 1862
1597 1795
1598 1908
1599 1832
1600 1865
1601 1930
1602 1815
1603 1903
1604 1876
1605 1920
1606 1766
1607 1818
1608 1854
1609 1813
1610 1799
1611 1901
1612 1841
1613 1806
1614 1837
1615 1763
1616 1838
1617 1734
1618 1714
1619 1741
1620 1761
1621 1740
1622 1777
1623 1875
1624 1784
1625 1679
1626 1702
1627 1642
1628 1807
1629 1755
1630 1729
1631 1725
1632 1697
1633 1714
1634 1765
1635 1759
1636 1675
1637 1712
1638 1695
1639 1737
1640 1763
1641 1789
1642 1767
1643 1757
1644 1803
1645 1809
1646 1781
1647 1825
1648 1768
1649 1778
1650 1767
1651 1760
1652 1719
1653 1718
1654 1760
1655 1804
1656 1756
1657 1790
1658 1845
1659 1812
1660 1685
1661 1735
1662 1651
1663 1705
1664 1771
1665 1695
1666 1721
1667 1708
1668 1680
1669 1736
1670 1634
1671 1620
1672 1604
1673 1701
1674 1703
1675 1701
1676 1639
1677 1612
1678 1645
1679 1681
1680 1585
1681 1681
1682 1747
1683 1637
1684 1655
1685 1646
1686 1642
1687 1672
1688 1633
1689 1648
1690 1676
1691 1636
1692 1636
1693 1659
1694 1657
1695 1653
1696 1615
1697 1635
1698 1563
1699 1610
1700 1683
1701 1646
1702 1650
1703 1690
1704 1691
1705 1587
1706 1596
1707 1623
1708 1528
1709 1627
1710 1595
1711 1549
1712 1511
1713 1556
1714 1490
1715 1546
1716 1612
1717 1497
1718 1542
1719 1617
1720 1660
1721 1531
1722 1551
1723 1571
1724 1617
1725 1503
1726 1610
1727 1520
1728 1584
1729 1571
1730 1518
1731 1503
1732 1515
1733 1512
1734 1563
1735 1493
1736 1497
1737 1525
1738 1498
1739 1569
1740 1539
1741 1580
1742 1538
1743 1441
1744 1607
1745 1578
1746 1588
1747 1517
1748 1504
1749 1555
1750 1579
1751 1524
1752 1490
1753 1545
1754 1526
1755 1435
1756 1505
1757 1516
1758 1483
1759 1532
1760 1492
1761 1497
1762 1581
1763 1467
1764 1527
1765 1454
1766 1446
1767 1434
1768 1453
1769 1475
1770 1419
1771 1390
1772 1384
1773 1387
1774 1337
1775 1439
1776 1376
1777 1406
1778 1387
1779 1460
1780 1409
1781 1363
1782 1446
1783 1442
1784 1325
1785 1404
1786 1345
1787 1409
1788 1379
1789 1303
1790 1399
1791 1336
1792 1447
1793 1318
1794 1409
1795 1366
1796 1381
1797 1319
1798 1335
1799 1355
1800 1335
1801 1287
1802 1294
1803 1270
1804 1296
1805 1336
1806 1298
1807 1329
1808 1308
1809 1296
1810 1240
1811 1404
1812 1323
1813 1304
1814 1324
1815 1284
1816 1283
1817 1242
1818 1295
1819 1344
1820 1277
1821 1230
1822 1280
1823 1256
1824 1184
1825 1264
1826 1199
1827 1292
1828 1233
1829 1281
1830 1232
1831 1243
1832 1179
1833 1246
1834 1260
1835 1209
1836 1189
1837 1212
1838 1216
1839 1119
1840 1160
1841 1146
1842 1195
1843 1197
1844 1200
1845 1134
1846 1154
1847 1146
1848 1123
1849 1144
1850 1090
1851 1143
1852 1063
1853 1155
1854 1069
1855 1131
1856 1095
1857 1102
1858 1120
1859 1104
1860 1053
1861 1113
1862 1110
1863 1033
1864 1076
1865 1061
1866 1091
1867 1008
1868 1083
1869 1071
1870 1008
1871 1090
1872 1038
1873 1052
1874 1036
1875 1066
1876 1090
1877 1040
1878 1033
1879 1003
1880 1026
1881 1014
1882 952
1883 1056
1884 1054
1885 1032
1886 1022
1887 1018
1888 1066
1889 1027
1890 1076
1891 1033
1892 1004
1893 972
1894 1026
1895 1038
1896 984
1897 1013
1898 993
1899 981
1900 1046
1901 1066
1902 1023
1903 1017
1904 988
1905 1056
1906 999
1907 1004
1908 992
1909 985
1910 1008
1911 983
1912 981
1913 1014
1914 985
1915 943
1916 981
1917 965
1918 972
1919 989
1920 1000
1921 945
1922 943
1923 908
1924 943
1925 941
1926 932
1927 955
1928 946
1929 900
1930 912
1931 837
1932 858
1933 944
1934 915
1935 878
1936 906
1937 876
1938 924
1939 904
1940 874
1941 893
1942 933
1943 895
1944 879
1945 858
1946 856
1947 891
1948 820
1949 873
1950 780
1951 877
1952 825
1953 789
1954 817
1955 795
1956 872
1957 835
1958 818
1959 794
1960 835
1961 839
1962 803
1963 770
1964 820
1965 778
1966 786
1967 801
1968 766
1969 783
1970 785
1971 766
1972 840
1973 769
1974 758
1975 805
1976 774
1977 765
1978 808
1979 796
1980 796
1981 723
1982 702
1983 742
1984 737
1985 746
1986 745
1987 732
1988 705
1989 752
1990 770
1991 767
1992 741
1993 742
1994 789
1995 755
1996 760
1997 726
1998 756
1999 721
2000 750
2001 719
2002 728
2003 749
2004 762
2005 740
2006 724
2007 728
2008 739
2009 691
2010 768
2011 714
2012 694
2013 733
2014 740
2015 704
2016 714
2017 697
2018 732
2019 674
2020 675
2021 735
2022 689
2023 676
2024 707
2025 701
2026 687
2027 708
2028 656
2029 682
2030 671
2031 734
2032 712
2033 696
2034 668
2035 769
2036 704
2037 708
2038 698
2039 746
2040 657
2041 601
2042 633
2043 675
2044 658
2045 660
2046 675
2047 662
2048 649
2049 617
2050 641
2051 673
2052 630
2053 650
2054 657
2055 694
2056 663
2057 630
2058 676
2059 659
2060 647
2061 633
2062 659
2063 675
2064 654
2065 635
2066 666
2067 625
2068 647
2069 631
2070 675
2071 618
2072 625
2073 595
2074 602
2075 669
2076 676
2077 619
2078 638
2079 618
2080 573
2081 660
2082 611
2083 651
2084 644
2085 658
2086 636
2087 634
2088 631
2089 604
2090 578
2091 616
2092 628
2093 640
2094 659
2095 613
2096 615
2097 645
2098 599
2099 629
2100 615
2101 611
2102 660
2103 661
2104 623
2105 640
2106 591
2107 668
2108 607
2109 656
2110 654
2111 647
2112 613
2113 623
2114 602
2115 620
2116 632
2117 619
2118 615
2119 617
2120 613
2121 590
2122 613
2123 632
2124 620
2125 586
2126 559
2127 632
2128 573
2129 562
2130 589
2131 568
2132 624
2133 553
2134 592
2135 572
2136 579
2137 599
2138 593
2139 600
2140 599
2141 587
2142 570
2143 628
2144 622
2145 565
2146 580
2147 590
2148 614
2149 613
2150 614
2151 571
2152 560
2153 628
2154 604
2155 592
2156 623
2157 677
2158 569
2159 602
2160 586
2161 625
2162 599
2163 615
2164 569
2165 614
2166 654
2167 573
2168 563
2169 570
2170 606
2171 575
2172 557
2173 594
2174 598
2175 565
2176 548
2177 599
2178 614
2179 601
2180 620
2181 599
2182 562
2183 626
2184 590
2185 583
2186 572
2187 555
2188 562
2189 565
2190 557
2191 556
2192 601
2193 591
2194 582
2195 576
2196 564
2197 571
2198 558
2199 601
2200 542
2201 582
2202 553
2203 570
2204 552
2205 591
2206 514
2207 574
2208 548
2209 525
2210 557
2211 552
2212 539
2213 583
2214 546
2215 555
2216 579
2217 544
2218 601
2219 527
2220 568
2221 560
2222 600
2223 538
2224 593
2225 516
2226 600
2227 563
2228 560
2229 519
2230 564
2231 551
2232 534
2233 559
2234 555
2235 555
2236 534
2237 552
2238 522
2239 559
2240 556
2241 519
2242 486
2243 525
2244 534
2245 561
2246 594
2247 529
2248 510
2249 553
2250 523
2251 574
2252 512
2253 514
2254 539
2255 528
2256 529
2257 584
2258 524
2259 543
2260 536
2261 508
2262 513
2263 520
2264 536
2265 535
2266 527
2267 506
2268 535
2269 532
2270 544
2271 531
2272 572
2273 543
2274 539
2275 507
2276 525
2277 540
2278 535
2279 527
2280 540
2281 485
2282 485
2283 483
2284 545
2285 501
2286 528
2287 480
2288 485
2289 472
2290 553
2291 486
2292 499
2293 476
2294 482
2295 537
2296 517
2297 491
2298 495
2299 490
2300 500
2301 476
2302 515
2303 473
2304 524
2305 578
2306 539
2307 517
2308 493
2309 514
2310 507
2311 517
2312 506
2313 507
2314 538
2315 534
2316 517
2317 520
2318 541
2319 526
2320 501
2321 484
2322 520
2323 517
2324 488
2325 513
2326 490
2327 544
2328 529
2329 494
2330 481
2331 479
2332 493
2333 539
2334 518
2335 521
2336 523
2337 482
2338 525
2339 484
2340 522
2341 476
2342 534
2343 507
2344 501
2345 507
2346 510
2347 488
2348 497
2349 459
2350 493
2351 472
2352 527
2353 493
2354 485
2355 462
2356 526
2357 487
2358 529
2359 490
2360 537
2361 514
2362 470
2363 456
2364 521
2365 540
2366 463
2367 469
2368 499
2369 540
2370 488
2371 456
2372 509
2373 480
2374 492
2375 484
2376 493
2377 510
2378 515
2379 502
2380 476
2381 512
2382 472
2383 507
2384 455
2385 495
2386 486
2387 507
2388 512
2389 442
2390 444
2391 430
2392 459
2393 507
2394 475
2395 496
2396 474
2397 500
2398 464
2399 456
2400 454
2401 453
2402 455
2403 452
2404 482
2405 464
2406 480
2407 489
2408 481
2409 517
2410 480
2411 478
2412 435
2413 451
2414 459
2415 462
2416 483
2417 454
2418 488
2419 448
2420 444
2421 438
2422 450
2423 427
2424 506
2425 462
2426 462
2427 477
2428 464
2429 496
2430 470
2431 458
2432 449
2433 478
2434 477
2435 461
2436 413
2437 436
2438 432
2439 443
2440 418
2441 485
2442 447
2443 449
2444 429
2445 433
2446 445
2447 441
2448 431
2449 399
2450 474
2451 466
2452 465
2453 457
2454 470
2455 479
2456 461
2457 454
2458 433
2459 456
2460 462
2461 442
2462 405
2463 457
2464 431
2465 433
2466 447
2467 487
2468 426
2469 458
2470 441
2471 449
2472 389
2473 455
2474 449
2475 450
2476 414
2477 461
2478 455
2479 406
2480 439
2481 448
2482 459
2483 440
2484 443
2485 444
2486 432
2487 435
2488 436
2489 440
2490 442
2491 464
2492 419
2493 436
2494 444
2495 416
2496 445
2497 450
2498 434
2499 445
2500 421
2501 432
2502 437
2503 435
2504 437
2505 421
2506 457
2507 442
2508 439
2509 422
2510 444
2511 379
2512 414
2513 445
2514 428
2515 432
2516 401
2517 444
2518 436
2519 439
2520 411
2521 457
2522 418
2523 448
2524 443
2525 443
2526 471
2527 418
2528 429
2529 403
2530 431
2531 472
2532 478
2533 397
2534 407
2535 416
2536 461
2537 433
2538 383
2539 445
2540 431
2541 393
2542 447
2543 439
2544 447
2545 427
2546 433
2547 404
2548 437
2549 422
2550 380
2551 446
2552 396
2553 446
2554 407
2555 468
2556 422
2557 417
2558 415
2559 437
2560 432
2561 450
2562 410
2563 438
2564 406
2565 409
2566 395
2567 387
2568 418
2569 394
2570 401
2571 429
2572 418
2573 391
2574 407
2575 407
2576 417
2577 427
2578 416
2579 425
2580 433
2581 423
2582 442
2583 433
2584 407
2585 407
2586 437
2587 401
2588 424
2589 430
2590 420
2591 408
2592 420
2593 450
2594 402
2595 429
2596 405
2597 417
2598 420
2599 433
2600 377
2601 451
2602 407
2603 406
2604 419
2605 413
2606 429
2607 409
2608 414
2609 411
2610 404
2611 437
2612 426
2613 415
2614 415
2615 410
2616 439
2617 378
2618 435
2619 401
2620 410
2621 404
2622 419
2623 407
2624 415
2625 402
2626 394
2627 425
2628 415
2629 398
2630 428
2631 390
2632 396
2633 436
2634 430
2635 392
2636 402
2637 412
2638 457
2639 410
2640 435
2641 402
2642 393
2643 431
2644 426
2645 415
2646 408
2647 405
2648 439
2649 401
2650 371
2651 407
2652 413
2653 424
2654 421
2655 421
2656 405
2657 408
2658 426
2659 407
2660 372
2661 393
2662 384
2663 383
2664 416
2665 399
2666 399
2667 389
2668 376
2669 397
2670 391
2671 352
2672 390
2673 403
2674 372
2675 384
2676 415
2677 402
2678 428
2679 387
2680 383
2681 375
2682 406
2683 372
2684 428
2685 385
2686 414
2687 406
2688 417
2689 421
2690 428
2691 430
2692 448
2693 413
2694 390
2695 408
2696 424
2697 413
2698 417
2699 429
2700 408
2701 391
2702 392
2703 414
2704 394
2705 419
2706 401
2707 420
2708 416
2709 424
2710 374
2711 380
2712 395
2713 379
2714 387
2715 398
2716 383
2717 411
2718 419
2719 357
2720 388
2721 386
2722 418
2723 385
2724 394
2725 385
2726 359
2727 392
2728 424
2729 411
2730 390
2731 385
2732 403
2733 400
2734 449
2735 393
2736 394
2737 417
2738 398
2739 380
2740 433
2741 419
2742 419
2743 392
2744 392
2745 383
2746 433
2747 384
2748 385
2749 419
2750 380
2751 394
2752 377
2753 384
2754 355
2755 395
2756 389
2757 380
2758 381
2759 394
2760 411
2761 413
2762 392
2763 418
2764 391
2765 370
2766 395
2767 341
2768 397
2769 375
2770 376
2771 397
2772 391
2773 360
2774 359
2775 395
2776 397
2777 402
2778 372
2779 409
2780 405
2781 422
2782 390
2783 410
2784 408
2785 374
2786 416
2787 393
2788 372
2789 368
2790 390
2791 360
2792 403
2793 372
2794 391
2795 381
2796 421
2797 422
2798 378
2799 392
2800 351
2801 373
2802 408
2803 382
2804 389
2805 376
2806 374
2807 391
2808 353
2809 369
2810 353
2811 380
2812 416
2813 369
2814 361
2815 365
2816 372
2817 411
2818 337
2819 378
2820 343
2821 384
2822 330
2823 385
2824 420
2825 361
2826 386
2827 375
2828 396
2829 360
2830 366
2831 353
2832 368
2833 411
2834 346
2835 355
2836 375
2837 399
2838 351
2839 376
2840 361
2841 321
2842 373
2843 377
2844 398
2845 367
2846 387
2847 359
2848 356
2849 379
2850 342
2851 340
2852 329
2853 356
2854 373
2855 359
2856 346
2857 348
2858 353
2859 396
2860 364
2861 347
2862 372
2863 347
2864 376
2865 319
2866 378
2867 386
2868 381
2869 400
2870 345
2871 387
2872 369
2873 381
2874 361
2875 322
2876 337
2877 383
2878 374
2879 357
2880 341
2881 374
2882 339
2883 313
2884 371
2885 388
2886 374
2887 351
2888 342
2889 348
2890 371
2891 364
2892 383
2893 357
2894 342
2895 342
2896 343
2897 323
2898 330
2899 349
2900 316
2901 326
2902 316
2903 333
2904 333
2905 323
2906 348
2907 344
2908 318
2909 313
2910 334
2911 327
2912 353
2913 301
2914 343
2915 356
2916 379
2917 361
2918 351
2919 320
2920 363
2921 330
2922 340
2923 393
2924 371
2925 352
2926 347
2927 334
2928 318
2929 333
2930 355
2931 283
2932 303
2933 344
2934 334
2935 343
2936 350
2937 349
2938 325
2939 355
2940 310
2941 339
2942 383
2943 346
2944 373
2945 337
2946 336
2947 294
2948 326
2949 337
2950 339
2951 361
2952 304
2953 358
2954 349
2955 318
2956 333
2957 320
2958 329
2959 326
2960 317
2961 329
2962 339
2963 342
2964 321
2965 313
2966 320
2967 319
2968 344
2969 297
2970 343
2971 299
2972 305
2973 316
2974 359
2975 306
2976 352
2977 322
2978 317
2979 321
2980 304
2981 326
2982 298
2983 294
2984 307
2985 304
2986 330
2987 339
2988 320
2989 299
2990 350
2991 326
2992 322
2993 303
2994 319
2995 335
2996 332
2997 320
2998 337
2999 347
3000 335
3001 327
3002 329
3003 341
3004 318
3005 316
3006 315
3007 286
3008 271
3009 305
3010 314
3011 334
3012 343
3013 299
3014 280
3015 329
3016 316
3017 292
3018 292
3019 342
3020 301
3021 305
3022 338
3023 309
3024 286
3025 307
3026 334
3027 318
3028 311
3029 313
3030 317
3031 297
3032 295
3033 324
3034 337
3035 287
3036 324
3037 309
3038 312
3039 283
3040 305
3041 321
3042 310
3043 342
3044 299
3045 325
3046 304
3047 306
3048 298
3049 291
3050 311
3051 306
3052 313
3053 348
3054 316
3055 304
3056 330
3057 314
3058 299
3059 320
3060 297
3061 296
3062 288
3063 307
3064 310
3065 327
3066 290
3067 323
3068 317
3069 316
3070 311
3071 281
3072 323
3073 334
3074 321
3075 290
3076 309
3077 305
3078 289
3079 319
3080 271
3081 332
3082 306
3083 304
3084 279
3085 316
3086 314
3087 266
3088 286
3089 277
3090 288
3091 296
3092 270
3093 296
3094 280
3095 316
3096 271
3097 290
3098 301
3099 282
3100 300
3101 296
3102 284
3103 280
3104 308
3105 261
3106 304
3107 313
3108 264
3109 303
3110 279
3111 294
3112 301
3113 290
3114 268
3115 290
3116 293
3117 267
3118 277
3119 281
3120 269
3121 290
3122 299
3123 275
3124 272
3125 280
3126 315
3127 290
3128 320
3129 279
3130 277
3131 285
3132 276
3133 286
3134 286
3135 281
3136 294
3137 270
3138 253
3139 316
3140 281
3141 264
3142 280
3143 285
3144 306
3145 269
3146 267
3147 280
3148 303
3149 255
3150 261
3151 261
3152 270
3153 294
3154 268
3155 312
3156 248
3157 262
3158 299
3159 253
3160 254
3161 276
3162 268
3163 288
3164 289
3165 293
3166 275
3167 254
3168 285
3169 285
3170 283
3171 280
3172 289
3173 287
3174 315
3175 296
3176 293
3177 265
3178 265
3179 295
3180 297
3181 300
3182 294
3183 292
3184 281
3185 270
3186 281
3187 325
3188 301
3189 279
3190 274
3191 261
3192 273
3193 263
3194 274
3195 275
3196 244
3197 276
3198 294
3199 281
3200 275
3201 297
3202 254
3203 281
3204 283
3205 276
3206 263
3207 279
3208 275
3209 288
3210 281
3211 288
3212 272
3213 271
3214 263
3215 292
3216 249
3217 247
3218 248
3219 252
3220 279
3221 265
3222 284
3223 283
3224 271
3225 267
3226 248
3227 260
3228 288
3229 301
3230 249
3231 277
3232 242
3233 257
3234 271
3235 267
3236 268
3237 239
3238 258
3239 249
3240 260
3241 264
3242 248
3243 256
3244 256
3245 269
3246 248
3247 301
3248 261
3249 265
3250 257
3251 270
3252 258
3253 256
3254 275
3255 266
3256 249
3257 261
3258 251
3259 274
3260 260
3261 267
3262 276
3263 281
3264 276
3265 266
3266 237
3267 243
3268 236
3269 259
3270 259
3271 248
3272 258
3273 276
3274 267
3275 256
3276 249
3277 264
3278 248
3279 267
3280 283
3281 229
3282 250
3283 242
3284 228
3285 259
3286 261
3287 284
3288 267
3289 266
3290 254
3291 229
3292 262
3293 274
3294 255
3295 266
3296 272
3297 259
3298 252
3299 263
3300 265
3301 259
3302 238
3303 276
3304 255
3305 266
3306 248
3307 245
3308 234
3309 248
3310 299
3311 260
3312 262
3313 249
3314 254
3315 251
3316 265
3317 232
3318 247
3319 251
3320 293
3321 250
3322 273
3323 238
3324 240
3325 251
3326 241
3327 272
3328 267
3329 259
3330 234
3331 239
3332 260
3333 243
3334 266
3335 247
3336 283
3337 242
3338 259
3339 245
3340 238
3341 250
3342 260
3343 249
3344 242
3345 266
3346 245
3347 248
3348 232
3349 262
3350 250
3351 262
3352 239
3353 271
3354 246
3355 267
3356 249
3357 249
3358 239
3359 230
3360 243
3361 230
3362 266
3363 267
3364 232
3365 250
3366 242
3367 254
3368 256
3369 225
3370 261
3371 242
3372 256
3373 240
3374 276
3375 236
3376 258
3377 257
3378 223
3379 234
3380 243
3381 252
3382 266
3383 251
3384 243
3385 241
3386 227
3387 260
3388 262
3389 283
3390 251
3391 249
3392 257
3393 249
3394 258
3395 226
3396 248
3397 253
3398 243
3399 266
3400 236
3401 244
3402 252
3403 285
3404 266
3405 256
3406 255
3407 273
3408 246
3409 238
3410 231
3411 250
3412 247
3413 267
3414 270
3415 246
3416 231
3417 232
3418 252
3419 218
3420 242
3421 243
3422 257
3423 242
3424 258
3425 253
3426 237
3427 235
3428 234
3429 260
3430 253
3431 236
3432 227
3433 238
3434 240
3435 229
3436 227
3437 269
3438 235
3439 218
3440 231
3441 245
3442 241
3443 214
3444 252
3445 263
3446 209
3447 247
3448 271
3449 258
3450 245
3451 223
3452 242
3453 277
3454 260
3455 256
3456 266
3457 254
3458 234
3459 226
3460 242
3461 248
3462 228
3463 199
3464 205
3465 245
3466 245
3467 218
3468 237
3469 217
3470 245
3471 267
3472 217
3473 228
3474 235
3475 233
3476 238
3477 230
3478 245
3479 245
3480 245
3481 224
3482 242
3483 201
3484 231
3485 240
3486 200
3487 228
3488 272
3489 230
3490 217
3491 252
3492 221
3493 235
3494 243
3495 235
3496 218
3497 213
3498 232
3499 245
3500 216
3501 228
3502 231
3503 230
3504 243
3505 229
3506 217
3507 234
3508 241
3509 229
3510 256
3511 217
3512 219
3513 245
3514 256
3515 228
3516 218
3517 231
3518 234
3519 225
3520 225
3521 255
3522 210
3523 241
3524 229
3525 258
3526 251
3527 248
3528 221
3529 228
3530 253
3531 245
3532 231
3533 229
3534 215
3535 239
3536 220
3537 220
3538 216
3539 208
3540 213
3541 246
3542 225
3543 252
3544 251
3545 244
3546 212
3547 258
3548 220
3549 235
3550 246
3551 226
3552 236
3553 197
3554 241
3555 224
3556 227
3557 216
3558 241
3559 247
3560 235
3561 211
3562 231
3563 228
3564 221
3565 213
3566 235
3567 224
3568 221
3569 232
3570 213
3571 220
3572 207
3573 232
3574 207
3575 217
3576 236
3577 210
3578 218
3579 240
3580 209
3581 227
3582 216
3583 198
3584 205
3585 252
3586 222
3587 209
3588 245
3589 214
3590 211
3591 222
3592 222
3593 196
3594 218
3595 224
3596 230
3597 230
3598 188
3599 199
3600 191
3601 224
3602 261
3603 204
3604 199
3605 202
3606 222
3607 239
3608 256
3609 202
3610 210
3611 240
3612 189
3613 206
3614 223
3615 228
3616 203
3617 215
3618 239
3619 222
3620 231
3621 220
3622 214
3623 197
3624 224
3625 199
3626 225
3627 211
3628 215
3629 213
3630 205
3631 188
3632 211
3633 210
3634 191
3635 212
3636 231
3637 214
3638 199
3639 226
3640 233
3641 229
3642 221
3643 199
3644 216
3645 221
3646 210
3647 253
3648 221
3649 216
3650 191
3651 222
3652 221
3653 245
3654 221
3655 222
3656 209
3657 231
3658 220
3659 220
3660 229
3661 201
3662 216
3663 205
3664 238
3665 221
3666 208
3667 224
3668 202
3669 184
3670 224
3671 201
3672 226
3673 210
3674 213
3675 237
3676 223
3677 212
3678 202
3679 202
3680 217
3681 225
3682 207
3683 188
3684 235
3685 224
3686 173
3687 210
3688 202
3689 228
3690 224
3691 201
3692 251
3693 204
3694 214
3695 203
3696 214
3697 222
3698 188
3699 240
3700 179
3701 220
3702 224
3703 213
3704 224
3705 225
3706 233
3707 210
3708 217
3709 214
3710 201
3711 212
3712 214
3713 215
3714 202
3715 228
3716 222
3717 205
3718 199
3719 211
3720 213
3721 204
3722 206
3723 215
3724 201
3725 219
3726 201
3727 224
3728 208
3729 199
3730 175
3731 217
3732 204
3733 234
3734 216
3735 243
3736 243
3737 224
3738 205
3739 216
3740 209
3741 204
3742 226
3743 223
3744 182
3745 214
3746 212
3747 203
3748 222
3749 187
3750 206
3751 210
3752 185
3753 189
3754 191
3755 209
3756 190
3757 209
3758 196
3759 206
3760 216
3761 188
3762 207
3763 205
3764 194
3765 205
3766 189
3767 178
3768 225
3769 183
3770 211
3771 214
3772 203
3773 192
3774 196
3775 207
3776 196
3777 202
3778 209
3779 178
3780 209
3781 190
3782 220
3783 193
3784 193
3785 187
3786 176
3787 218
3788 197
3789 192
3790 218
3791 215
3792 168
3793 182
3794 207
3795 196
3796 180
3797 191
3798 202
3799 203
3800 211
3801 174
3802 199
3803 204
3804 183
3805 195
3806 191
3807 213
3808 203
3809 170
3810 205
3811 210
3812 194
3813 176
3814 177
3815 209
3816 213
3817 204
3818 205
3819 213
3820 200
3821 198
3822 205
3823 166
3824 207
3825 169
3826 200
3827 202
3828 176
3829 222
3830 198
3831 207
3832 210
3833 210
3834 218
3835 193
3836 181
3837 185
3838 201
3839 182
3840 191
3841 207
3842 190
3843 186
3844 209
3845 173
3846 224
3847 207
3848 179
3849 209
3850 162
3851 200
3852 194
3853 203
3854 169
3855 189
3856 183
3857 197
3858 185
3859 186
3860 175
3861 197
3862 203
3863 193
3864 188
3865 172
3866 200
3867 220
3868 194
3869 188
3870 200
3871 203
3872 183
3873 219
3874 191
3875 175
3876 173
3877 195
3878 193
3879 207
3880 206
3881 193
3882 199
3883 188
3884 208
3885 197
3886 186
3887 205
3888 199
3889 164
3890 198
3891 194
3892 196
3893 174
3894 180
3895 178
3896 178
3897 177
3898 182
3899 188
3900 198
3901 182
3902 186
3903 186
3904 196
3905 204
3906 186
3907 199
3908 199
3909 174
3910 194
3911 205
3912 173
3913 206
3914 198
3915 201
3916 188
3917 173
3918 190
3919 224
3920 220
3921 190
3922 185
3923 181
3924 207
3925 205
3926 201
3927 205
3928 199
3929 198
3930 189
3931 171
3932 185
3933 200
3934 216
3935 207
3936 206
3937 173
3938 172
3939 209
3940 168
3941 189
3942 176
3943 193
3944 175
3945 179
3946 201
3947 188
3948 178
3949 163
3950 196
3951 188
3952 198
3953 194
3954 188
3955 192
3956 211
3957 189
3958 167
3959 200
3960 204
3961 185
3962 194
3963 210
3964 217
3965 191
3966 162
3967 177
3968 182
3969 169
3970 172
3971 208
3972 206
3973 207
3974 195
3975 171
3976 186
3977 209
3978 174
3979 170
3980 205
3981 191
3982 184
3983 172
3984 194
3985 189
3986 190
3987 178
3988 185
3989 161
3990 200
3991 199
3992 190
3993 180
3994 177
3995 183
3996 181
3997 160
3998 193
3999 179
4000 172
4001 167
4002 183
4003 153
4004 175
4005 163
4006 187
4007 193
4008 196
4009 170
4010 178
4011 191
4012 195
4013 198
4014 165
4015 177
4016 165
4017 178
4018 165
4019 168
4020 176
4021 178
4022 172
4023 161
4024 184
4025 185
4026 164
4027 157
4028 196
4029 174
4030 164
4031 158
4032 186
4033 191
4034 165
4035 161
4036 153
4037 180
4038 183
4039 154
4040 166
4041 164
4042 181
4043 169
4044 180
4045 170
4046 184
4047 191
4048 181
4049 170
4050 164
4051 149
4052 160
4053 197
4054 171
4055 183
4056 166
4057 170
4058 182
4059 181
4060 164
4061 169
4062 161
4063 176
4064 161
4065 161
4066 171
4067 187
4068 183
4069 152
4070 179
4071 173
4072 180
4073 160
4074 192
4075 179
4076 173
4077 164
4078 179
4079 161
4080 166
4081 167
4082 156
4083 159
4084 182
4085 154
4086 163
4087 166
4088 153
4089 173
4090 163
4091 166
4092 183
4093 190
4094 171
4095 188
4096 167
4097 173
4098 188
4099 147
4100 185
4101 173
4102 179
4103 184
4104 169
4105 159
4106 157
4107 183
4108 161
4109 164
4110 156
4111 166
4112 167
4113 161
4114 160
4115 186
4116 177
4117 169
4118 155
4119 160
4120 156
4121 160
4122 180
4123 174
4124 182
4125 164
4126 179
4127 182
4128 160
4129 156
4130 158
4131 164
4132 154
4133 173
4134 163
4135 171
4136 164
4137 150
4138 159
4139 159
4140 162
4141 167
4142 167
4143 163
4144 173
4145 158
4146 182
4147 151
4148 146
4149 168
4150 156
4151 164
4152 191
4153 154
4154 158
4155 167
4156 151
4157 147
4158 150
4159 174
4160 171
4161 149
4162 153
4163 147
4164 181
4165 166
4166 159
4167 161
4168 167
4169 165
4170 148
4171 167
4172 167
4173 161
4174 142
4175 167
4176 167
4177 171
4178 151
4179 163
4180 174
4181 149
4182 142
4183 146
4184 164
4185 161
4186 174
4187 144
4188 160
4189 143
4190 145
4191 164
4192 188
4193 161
4194 168
4195 154
4196 170
4197 140
4198 133
4199 155
4200 167
4201 154
4202 183
4203 183
4204 165
4205 166
4206 172
4207 176
4208 177
4209 174
4210 182
4211 137
4212 175
4213 149
4214 153
4215 145
4216 159
4217 156
4218 152
4219 180
4220 159
4221 166
4222 174
4223 196
4224 174
4225 182
4226 137
4227 159
4228 155
4229 137
4230 177
4231 172
4232 176
4233 176
4234 161
4235 142
4236 174
4237 143
4238 158
4239 154
4240 152
4241 169
4242 177
4243 159
4244 154
4245 141
4246 147
4247 175
4248 140
4249 161
4250 161
4251 152
4252 184
4253 162
4254 176
4255 171
4256 163
4257 156
4258 175
4259 152
4260 171
4261 157
4262 172
4263 146
4264 199
4265 175
4266 156
4267 154
4268 153
4269 155
4270 140
4271 159
4272 163
4273 165
4274 156
4275 143
4276 140
4277 176
4278 154
4279 142
4280 159
4281 169
4282 146
4283 168
4284 152
4285 166
4286 146
4287 181
4288 164
4289 160
4290 149
4291 140
4292 135
4293 142
4294 173
4295 146
4296 137
4297 149
4298 146
4299 150
4300 132
4301 166
4302 164
4303 156
4304 159
4305 143
4306 143
4307 173
4308 154
4309 144
4310 146
4311 145
4312 159
4313 159
4314 151
4315 137
4316 175
4317 158
4318 138
4319 149
4320 143
4321 172
4322 193
4323 147
4324 162
4325 139
4326 153
4327 144
4328 152
4329 141
4330 154
4331 150
4332 171
4333 176
4334 159
4335 168
4336 154
4337 146
4338 138
4339 160
4340 170
4341 147
4342 136
4343 150
4344 163
4345 157
4346 154
4347 128
4348 161
4349 161
4350 138
4351 162
4352 152
4353 142
4354 146
4355 141
4356 156
4357 157
4358 134
4359 162
4360 158
4361 150
4362 132
4363 145
4364 169
4365 154
4366 147
4367 172
4368 164
4369 165
4370 144
4371 151
4372 149
4373 170
4374 150
4375 152
4376 145
4377 162
4378 145
4379 139
4380 142
4381 146
4382 146
4383 157
4384 140
4385 127
4386 177
4387 141
4388 137
4389 142
4390 141
4391 157
4392 161
4393 149
4394 162
4395 140
4396 141
4397 155
4398 149
4399 152
4400 161
4401 144
4402 144
4403 136
4404 152
4405 141
4406 143
4407 140
4408 120
4409 148
4410 142
4411 131
4412 157
4413 146
4414 152
4415 154
4416 155
4417 168
4418 145
4419 147
4420 149
4421 147
4422 126
4423 148
4424 135
4425 136
4426 145
4427 161
4428 146
4429 151
4430 148
4431 161
4432 157
4433 134
4434 138
4435 133
4436 143
4437 124
4438 159
4439 144
4440 157
4441 162
4442 147
4443 150
4444 148
4445 155
4446 154
4447 149
4448 140
4449 133
4450 157
4451 144
4452 152
4453 130
4454 160
4455 142
4456 139
4457 132
4458 140
4459 156
4460 142
4461 169
4462 163
4463 137
4464 156
4465 134
4466 147
4467 159
4468 131
4469 133
4470 159
4471 159
4472 135
4473 145
4474 147
4475 147
4476 146
4477 148
4478 127
4479 129
4480 154
4481 166
4482 132
4483 139
4484 144
4485 150
4486 144
4487 142
4488 158
4489 149
4490 152
4491 141
4492 135
4493 137
4494 144
4495 128
4496 151
4497 141
4498 153
4499 143
4500 118
4501 142
4502 142
4503 112
4504 159
4505 136
4506 168
4507 164
4508 144
4509 139
4510 151
4511 134
4512 158
4513 160
4514 123
4515 150
4516 128
4517 132
4518 115
4519 157
4520 155
4521 157
4522 114
4523 163
4524 147
4525 147
4526 169
4527 134
4528 137
4529 138
4530 145
4531 156
4532 130
4533 160
4534 153
4535 140
4536 152
4537 153
4538 140
4539 150
4540 129
4541 158
4542 129
4543 139
4544 125
4545 153
4546 136
4547 175
4548 109
4549 134
4550 154
4551 142
4552 148
4553 150
4554 149
4555 140
4556 155
4557 138
4558 135
4559 140
4560 155
4561 130
4562 143
4563 147
4564 125
4565 148
4566 152
4567 137
4568 146
4569 151
4570 154
4571 136
4572 125
4573 139
4574 154
4575 147
4576 163
4577 174
4578 115
4579 150
4580 160
4581 137
4582 156
4583 137
4584 141
4585 128
4586 133
4587 142
4588 139
4589 133
4590 130
4591 141
4592 139
4593 164
4594 166
4595 139
4596 139
4597 141
4598 137
4599 134
4600 133
4601 126
4602 141
4603 125
4604 124
4605 133
4606 148
4607 122
4608 133
4609 139
4610 136
4611 150
4612 125
4613 122
4614 144
4615 135
4616 130
4617 126
4618 135
4619 151
4620 154
4621 143
4622 127
4623 175
4624 119
4625 127
4626 158
4627 171
4628 137
4629 138
4630 138
4631 124
4632 136
4633 136
4634 133
4635 142
4636 145
4637 130
4638 118
4639 157
4640 135
4641 134
4642 156
4643 133
4644 149
4645 121
4646 127
4647 129
4648 132
4649 140
4650 122
4651 119
4652 148
4653 141
4654 109
4655 150
4656 123
4657 171
4658 135
4659 121
4660 147
4661 125
4662 131
4663 131
4664 122
4665 135
4666 122
4667 125
4668 111
4669 117
4670 124
4671 152
4672 152
4673 144
4674 139
4675 139
4676 137
4677 126
4678 146
4679 119
4680 131
4681 139
4682 140
4683 125
4684 142
4685 127
4686 120
4687 144
4688 121
4689 156
4690 120
4691 141
4692 122
4693 124
4694 138
4695 120
4696 130
4697 141
4698 126
4699 117
4700 133
4701 131
4702 115
4703 99
4704 135
4705 130
4706 132
4707 119
4708 130
4709 117
4710 109
4711 132
4712 140
4713 142
4714 136
4715 127
4716 116
4717 140
4718 127
4719 128
4720 117
4721 112
4722 139
4723 119
4724 125
4725 136
4726 119
4727 138
4728 127
4729 135
4730 117
4731 129
4732 118
4733 111
4734 126
4735 120
4736 120
4737 131
4738 122
4739 124
4740 118
4741 106
4742 138
4743 126
4744 128
4745 126
4746 133
4747 112
4748 115
4749 137
4750 132
4751 127
4752 120
4753 114
4754 120
4755 136
4756 124
4757 131
4758 126
4759 127
4760 132
4761 110
4762 130
4763 114
4764 124
4765 110
4766 129
4767 135
4768 125
4769 120
4770 112
4771 130
4772 131
4773 109
4774 104
4775 121
4776 113
4777 115
4778 116
4779 134
4780 121
4781 114
4782 108
4783 142
4784 140
4785 130
4786 143
4787 115
4788 105
4789 117
4790 114
4791 127
4792 131
4793 125
4794 133
4795 118
4796 143
4797 108
4798 105
4799 117
4800 117
4801 106
4802 122
4803 123
4804 127
4805 116
4806 119
4807 121
4808 118
4809 116
4810 118
4811 133
4812 144
4813 114
4814 145
4815 116
4816 128
4817 100
4818 117
4819 114
4820 103
4821 113
4822 104
4823 132
4824 125
4825 129
4826 140
4827 104
4828 107
4829 100
4830 129
4831 103
4832 130
4833 130
4834 120
4835 93
4836 134
4837 113
4838 103
4839 125
4840 148
4841 109
4842 123
4843 132
4844 120
4845 122
4846 131
4847 123
4848 113
4849 123
4850 127
4851 124
4852 131
4853 129
4854 126
4855 112
4856 124
4857 111
4858 122
4859 125
4860 101
4861 118
4862 129
4863 119
4864 116
4865 120
4866 119
4867 114
4868 114
4869 135
4870 122
4871 119
4872 127
4873 104
4874 125
4875 119
4876 122
4877 106
4878 125
4879 114
4880 112
4881 94
4882 128
4883 109
4884 104
4885 121
4886 101
4887 119
4888 120
4889 108
4890 115
4891 99
4892 123
4893 126
4894 110
4895 109
4896 132
4897 129
4898 129
4899 116
4900 121
4901 122
4902 107
4903 101
4904 106
4905 103
4906 143
4907 122
4908 117
4909 127
4910 122
4911 105
4912 142
4913 130
4914 120
4915 127
4916 142
4917 98
4918 103
4919 105
4920 110
4921 112
4922 129
4923 125
4924 114
4925 127
4926 102
4927 123
4928 125
4929 99
4930 120
4931 104
4932 108
4933 137
4934 103
4935 130
4936 103
4937 133
4938 119
4939 105
4940 120
4941 112
4942 123
4943 120
4944 114
4945 137
4946 102
4947 104
4948 111
4949 97
4950 105
4951 114
4952 108
4953 113
4954 131
4955 129
4956 131
4957 117
4958 113
4959 101
4960 133
4961 114
4962 113
4963 124
4964 118
4965 118
4966 127
4967 112
4968 103
4969 114
4970 125
4971 110
4972 124
4973 132
4974 128
4975 118
4976 127
4977 122
4978 100
4979 112
4980 119
4981 112
4982 112
4983 116
4984 132
4985 121
4986 128
4987 118
4988 112
4989 104
4990 110
4991 110
4992 119
4993 120
4994 118
4995 113
4996 118
4997 137
4998 126
4999 114
5000 108
5001 92
5002 105
5003 115
5004 108
5005 132
5006 125
5007 124
5008 133
5009 105
5010 120
5011 111
5012 98
5013 111
5014 120
5015 126
5016 131
5017 119
5018 116
5019 99
5020 113
5021 105
5022 123
5023 104
5024 115
5025 104
5026 104
5027 144
5028 114
5029 121
5030 104
5031 99
5032 109
5033 94
5034 108
5035 120
5036 113
5037 99
5038 120
5039 104
5040 107
5041 120
5042 122
5043 135
5044 116
5045 100
5046 121
5047 104
5048 115
5049 135
5050 115
5051 109
5052 111
5053 126
5054 98
5055 116
5056 98
5057 119
5058 95
5059 109
5060 119
5061 119
5062 113
5063 118
5064 107
5065 102
5066 124
5067 112
5068 108
5069 125
5070 119
5071 101
5072 114
5073 108
5074 111
5075 95
5076 120
5077 96
5078 102
5079 106
5080 107
5081 125
5082 112
5083 102
5084 113
5085 87
5086 108
5087 117
5088 91
5089 120
5090 105
5091 113
5092 112
5093 110
5094 110
5095 112
5096 103
5097 124
5098 109
5099 102
5100 109
5101 108
5102 123
5103 109
5104 128
5105 97
5106 108
5107 138
5108 123
5109 117
5110 106
5111 106
5112 104
5113 110
5114 114
5115 107
5116 103
5117 93
5118 93
5119 106
5120 91
5121 89
5122 118
5123 110
5124 108
5125 104
5126 108
5127 112
5128 96
5129 106
5130 120
5131 106
5132 112
5133 121
5134 118
5135 103
5136 109
5137 128
5138 100
5139 109
5140 100
5141 103
5142 87
5143 129
5144 106
5145 102
5146 114
5147 89
5148 105
5149 92
5150 110
5151 106
5152 100
5153 116
5154 91
5155 118
5156 101
5157 104
5158 111
5159 115
5160 116
5161 112
5162 111
5163 107
5164 96
5165 116
5166 102
5167 90
5168 94
5169 108
5170 106
5171 105
5172 119
5173 110
5174 109
5175 114
5176 122
5177 126
5178 105
5179 92
5180 104
5181 115
5182 98
5183 120
5184 101
5185 107
5186 109
5187 121
5188 112
5189 112
5190 121
5191 119
5192 129
5193 111
5194 105
5195 97
5196 99
5197 114
5198 109
5199 93
5200 121
5201 101
5202 116
5203 109
5204 95
5205 114
5206 111
5207 124
5208 103
5209 108
5210 101
5211 104
5212 96
5213 113
5214 106
5215 109
5216 93
5217 105
5218 105
5219 109
5220 123
5221 102
5222 102
5223 116
5224 107
5225 95
5226 95
5227 107
5228 107
5229 101
5230 134
5231 109
5232 100
5233 107
5234 109
5235 115
5236 106
5237 126
5238 104
5239 108
5240 112
5241 93
5242 112
5243 109
5244 111
5245 95
5246 92
5247 108
5248 92
5249 84
5250 112
5251 108
5252 123
5253 103
5254 110
5255 91
5256 108
5257 99
5258 104
5259 103
5260 98
5261 110
5262 114
5263 103
5264 106
5265 111
5266 93
5267 111
5268 122
5269 105
5270 118
5271 107
5272 96
5273 100
5274 118
5275 94
5276 103
5277 89
5278 94
5279 125
5280 106
5281 108
5282 107
5283 108
5284 109
5285 103
5286 107
5287 114
5288 106
5289 110
5290 100
5291 107
5292 94
5293 84
5294 115
5295 112
5296 97
5297 102
5298 114
5299 109
5300 98
5301 83
5302 82
5303 103
5304 110
5305 85
5306 96
5307 107
5308 99
5309 86
5310 96
5311 89
5312 104
5313 102
5314 76
5315 106
5316 104
5317 94
5318 107
5319 92
5320 79
5321 103
5322 83
5323 84
5324 106
5325 113
5326 98
5327 106
5328 106
5329 106
5330 111
5331 101
5332 114
5333 91
5334 132
5335 98
5336 95
5337 99
5338 98
5339 102
5340 98
5341 115
5342 97
5343 122
5344 100
5345 79
5346 94
5347 94
5348 106
5349 114
5350 107
5351 114
5352 96
5353 110
5354 99
5355 98
5356 103
5357 111
5358 95
5359 108
5360 106
5361 122
5362 91
5363 91
5364 115
5365 93
5366 87
5367 94
5368 108
5369 96
5370 105
5371 93
5372 117
5373 91
5374 100
5375 94
5376 116
5377 83
5378 92
5379 92
5380 116
5381 92
5382 89
5383 98
5384 91
5385 103
5386 115
5387 104
5388 108
5389 111
5390 110
5391 111
5392 115
5393 107
5394 105
5395 107
5396 87
5397 94
5398 100
5399 111
5400 95
5401 108
5402 97
5403 102
5404 102
5405 93
5406 97
5407 87
5408 84
5409 97
5410 112
5411 98
5412 91
5413 90
5414 95
5415 86
5416 111
5417 89
5418 97
5419 92
5420 88
5421 100
5422 89
5423 114
5424 81
5425 97
5426 83
5427 112
5428 101
5429 95
5430 101
5431 92
5432 85
5433 100
5434 88
5435 90
5436 109
5437 102
5438 118
5439 98
5440 104
5441 106
5442 100
5443 119
5444 83
5445 93
5446 86
5447 123
5448 103
5449 85
5450 107
5451 101
5452 92
5453 99
5454 80
5455 105
5456 101
5457 101
5458 90
5459 98
5460 114
5461 93
5462 105
5463 120
5464 101
5465 106
5466 110
5467 88
5468 106
5469 105
5470 116
5471 93
5472 106
5473 108
5474 94
5475 123
5476 105
5477 110
5478 98
5479 95
5480 89
5481 113
5482 97
5483 99
5484 112
5485 90
5486 89
5487 93
5488 109
5489 92
5490 116
5491 93
5492 98
5493 87
5494 93
5495 76
5496 107
5497 97
5498 84
5499 98
5500 104
5501 95
5502 116
5503 109
5504 105
5505 95
5506 105
5507 98
5508 106
5509 105
5510 121
5511 104
5512 119
5513 104
5514 114
5515 104
5516 97
5517 95
5518 97
5519 93
5520 83
5521 118
5522 95
5523 105
5524 107
5525 96
5526 105
5527 102
5528 102
5529 115
5530 109
5531 117
5532 114
5533 97
5534 102
5535 105
5536 109
5537 85
5538 107
5539 104
5540 116
5541 111
5542 102
5543 97
5544 118
5545 128
5546 108
5547 104
5548 103
5549 124
5550 119
5551 107
5552 112
5553 106
5554 94
5555 101
5556 101
5557 112
5558 109
5559 108
5560 103
5561 96
5562 105
5563 101
5564 117
5565 116
5566 107
5567 98
5568 112
5569 122
5570 100
5571 99
5572 118
5573 99
5574 116
5575 107
5576 101
5577 115
5578 115
5579 125
5580 130
5581 117
5582 103
5583 104
5584 91
5585 117
5586 107
5587 114
5588 106
5589 115
5590 129
5591 94
5592 107
5593 97
5594 112
5595 96
5596 96
5597 115
5598 108
5599 103
5600 102
5601 130
5602 118
5603 108
5604 138
5605 113
5606 106
5607 125
5608 128
5609 110
5610 117
5611 106
5612 116
5613 115
5614 101
5615 111
5616 107
5617 111
5618 114
5619 106
5620 102
5621 119
5622 104
5623 124
5624 108
5625 128
5626 116
5627 124
5628 99
5629 116
5630 98
5631 120
5632 107
5633 118
5634 97
5635 111
5636 103
5637 95
5638 102
5639 93
5640 122
5641 109
5642 112
5643 114
5644 109
5645 108
5646 96
5647 109
5648 118
5649 99
5650 97
5651 125
5652 117
5653 108
5654 115
5655 104
5656 111
5657 94
5658 114
5659 90
5660 106
5661 112
5662 111
5663 113
5664 106
5665 119
5666 104
5667 111
5668 111
5669 103
5670 107
5671 122
5672 135
5673 127
5674 114
5675 105
5676 118
5677 96
5678 104
5679 109
5680 107
5681 113
5682 116
5683 101
5684 123
5685 128
5686 112
5687 111
5688 104
5689 100
5690 114
5691 113
5692 125
5693 111
5694 117
5695 118
5696 122
5697 122
5698 118
5699 89
5700 114
5701 115
5702 115
5703 105
5704 111
5705 125
5706 110
5707 89
5708 101
5709 105
5710 108
5711 115
5712 118
5713 111
5714 125
5715 97
5716 112
5717 98
5718 98
5719 99
5720 90
5721 109
5722 117
5723 107
5724 102
5725 116
5726 103
5727 110
5728 117
5729 113
5730 99
5731 108
5732 127
5733 101
5734 122
5735 120
5736 108
5737 119
5738 98
5739 115
5740 117
5741 123
5742 102
5743 131
5744 130
5745 114
5746 103
5747 119
5748 115
5749 130
5750 118
5751 110
5752 105
5753 120
5754 132
5755 124
5756 122
5757 117
5758 133
5759 120
5760 125
5761 114
5762 112
5763 121
5764 85
5765 96
5766 99
5767 123
5768 118
5769 118
5770 118
5771 99
5772 129
5773 116
5774 115
5775 130
5776 108
5777 98
5778 107
5779 92
5780 117
5781 112
5782 124
5783 115
5784 122
5785 118
5786 105
5787 101
5788 122
5789 125
5790 104
5791 129
5792 110
5793 114
5794 114
5795 108
5796 121
5797 108
5798 103
5799 102
5800 96
5801 100
5802 117
5803 121
5804 106
5805 133
5806 114
5807 112
5808 113
5809 117
5810 112
5811 123
5812 112
5813 124
5814 101
5815 119
5816 120
5817 107
5818 113
5819 127
5820 108
5821 116
5822 115
5823 113
5824 121
5825 96
5826 124
5827 126
5828 110
5829 105
5830 104
5831 128
5832 132
5833 119
5834 129
5835 128
5836 116
5837 125
5838 123
5839 122
5840 108
5841 126
5842 134
5843 116
5844 127
5845 132
5846 122
5847 135
5848 129
5849 126
5850 121
5851 102
5852 113
5853 134
5854 97
5855 137
5856 115
5857 128
5858 134
5859 135
5860 140
5861 130
5862 126
5863 104
5864 136
5865 142
5866 128
5867 123
5868 116
5869 123
5870 146
5871 121
5872 137
5873 117
5874 116
5875 135
5876 126
5877 108
5878 96
5879 127
5880 128
5881 119
5882 135
5883 122
5884 133
5885 155
5886 127
5887 133
5888 146
5889 124
5890 153
5891 117
5892 143
5893 140
5894 135
5895 134
5896 142
5897 152
5898 144
5899 128
5900 138
5901 131
5902 147
5903 134
5904 139
5905 124
5906 127
5907 135
5908 132
5909 120
5910 140
5911 110
5912 140
5913 118
5914 128
5915 141
5916 132
5917 144
5918 152
5919 120
5920 141
5921 157
5922 134
5923 130
5924 148
5925 127
5926 135
5927 153
5928 155
5929 136
5930 140
5931 141
5932 135
5933 146
5934 138
5935 142
5936 165
5937 142
5938 142
5939 136
5940 140
5941 136
5942 124
5943 150
5944 133
5945 148
5946 137
5947 158
5948 141
5949 143
5950 123
5951 136
5952 162
5953 149
5954 141
5955 145
5956 137
5957 138
5958 158
5959 149
5960 138
5961 144
5962 162
5963 143
5964 149
5965 148
5966 153
5967 150
5968 148
5969 132
5970 160
5971 137
5972 148
5973 133
5974 160
5975 145
5976 158
5977 134
5978 131
5979 157
5980 159
5981 149
5982 178
5983 173
5984 145
5985 149
5986 143
5987 141
5988 163
5989 133
5990 143
5991 144
5992 152
5993 146
5994 160
5995 165
5996 136
5997 136
5998 165
5999 146
6000 134
6001 141
6002 153
6003 162
6004 144
6005 131
6006 161
6007 117
6008 158
6009 158
6010 158
6011 154
6012 150
6013 120
6014 113
6015 145
6016 130
6017 154
6018 144
6019 142
6020 145
6021 159
6022 130
6023 166
6024 154
6025 165
6026 138
6027 162
6028 157
6029 135
6030 124
6031 141
6032 150
6033 131
6034 168
6035 130
6036 127
6037 135
6038 141
6039 160
6040 163
6041 155
6042 125
6043 137
6044 154
6045 142
6046 144
6047 153
6048 153
6049 143
6050 139
6051 154
6052 149
6053 136
6054 137
6055 141
6056 122
6057 135
6058 120
6059 132
6060 133
6061 155
6062 153
6063 147
6064 158
6065 148
6066 166
6067 152
6068 150
6069 146
6070 157
6071 147
6072 145
6073 160
6074 155
6075 159
6076 141
6077 157
6078 149
6079 160
6080 149
6081 154
6082 149
6083 155
6084 139
6085 161
6086 157
6087 144
6088 153
6089 143
6090 164
6091 157
6092 149
6093 156
6094 178
6095 151
6096 157
6097 148
6098 135
6099 142
6100 138
6101 171
6102 159
6103 141
6104 154
6105 183
6106 158
6107 154
6108 176
6109 144
6110 144
6111 148
6112 156
6113 159
6114 168
6115 144
6116 154
6117 167
6118 155
6119 165
6120 152
6121 151
6122 146
6123 160
6124 160
6125 143
6126 163
6127 153
6128 179
6129 144
6130 144
6131 139
6132 162
6133 159
6134 178
6135 156
6136 171
6137 161
6138 170
6139 136
6140 159
6141 175
6142 159
6143 172
6144 174
6145 152
6146 143
6147 173
6148 167
6149 183
6150 155
6151 158
6152 158
6153 185
6154 169
6155 164
6156 162
6157 148
6158 155
6159 146
6160 162
6161 175
6162 147
6163 174
6164 165
6165 163
6166 170
6167 147
6168 157
6169 167
6170 172
6171 159
6172 143
6173 175
6174 178
6175 172
6176 158
6177 143
6178 184
6179 170
6180 141
6181 161
6182 160
6183 174
6184 150
6185 170
6186 194
6187 161
6188 157
6189 154
6190 155
6191 170
6192 163
6193 175
6194 159
6195 159
6196 146
6197 144
6198 169
6199 170
6200 174
6201 123
6202 168
6203 148
6204 171
6205 160
6206 170
6207 166
6208 149
6209 156
6210 160
6211 131
6212 161
6213 160
6214 161
6215 134
6216 165
6217 164
6218 155
6219 173
6220 152
6221 153
6222 166
6223 182
6224 155
6225 144
6226 156
6227 182
6228 152
6229 156
6230 143
6231 162
6232 146
6233 160
6234 151
6235 152
6236 196
6237 137
6238 181
6239 148
6240 135
6241 156
6242 157
6243 154
6244 154
6245 156
6246 157
6247 160
6248 150
6249 148
6250 144
6251 140
6252 148
6253 168
6254 172
6255 177
6256 151
6257 166
6258 130
6259 170
6260 166
6261 164
6262 157
6263 153
6264 147
6265 165
6266 136
6267 169
6268 141
6269 154
6270 184
6271 174
6272 166
6273 149
6274 159
6275 142
6276 143
6277 175
6278 164
6279 166
6280 174
6281 169
6282 153
6283 163
6284 157
6285 157
6286 169
6287 173
6288 154
6289 173
6290 167
6291 163
6292 171
6293 202
6294 180
6295 169
6296 159
6297 149
6298 155
6299 171
6300 159
6301 152
6302 189
6303 168
6304 139
6305 165
6306 157
6307 174
6308 157
6309 164
6310 144
6311 157
6312 147
6313 152
6314 165
6315 154
6316 170
6317 156
6318 164
6319 164
6320 163
6321 159
6322 134
6323 178
6324 154
6325 152
6326 151
6327 169
6328 165
6329 164
6330 175
6331 156
6332 162
6333 152
6334 171
6335 143
6336 149
6337 150
6338 158
6339 166
6340 162
6341 169
6342 135
6343 180
6344 150
6345 138
6346 163
6347 176
6348 138
6349 148
6350 165
6351 156
6352 153
6353 152
6354 130
6355 134
6356 157
6357 158
6358 151
6359 154
6360 146
6361 156
6362 159
6363 159
6364 158
6365 133
6366 154
6367 144
6368 164
6369 183
6370 145
6371 168
6372 157
6373 169
6374 150
6375 155
6376 159
6377 135
6378 178
6379 160
6380 155
6381 152
6382 157
6383 143
6384 141
6385 141
6386 179
6387 131
6388 176
6389 142
6390 148
6391 151
6392 175
6393 168
6394 173
6395 127
6396 163
6397 149
6398 150
6399 137
6400 151
6401 173
6402 157
6403 168
6404 157
6405 136
6406 158
6407 127
6408 169
6409 153
6410 169
6411 172
6412 130
6413 151
6414 164
6415 135
6416 165
6417 162
6418 142
6419 152
6420 161
6421 141
6422 139
6423 147
6424 137
6425 169
6426 140
6427 145
6428 140
6429 122
6430 148
6431 165
6432 159
6433 165
6434 151
6435 138
6436 140
6437 160
6438 157
6439 175
6440 172
6441 161
6442 129
6443 134
6444 159
6445 139
6446 142
6447 156
6448 139
6449 157
6450 156
6451 144
6452 137
6453 165
6454 126
6455 137
6456 153
6457 161
6458 147
6459 133
6460 144
6461 144
6462 150
6463 151
6464 128
6465 149
6466 132
6467 138
6468 143
6469 140
6470 137
6471 123
6472 141
6473 129
6474 152
6475 136
6476 135
6477 133
6478 145
6479 152
6480 147
6481 158
6482 149
6483 143
6484 148
6485 134
6486 139
6487 153
6488 154
6489 138
6490 162
6491 134
6492 163
6493 139
6494 121
6495 131
6496 127
6497 159
6498 108
6499 133
6500 155
6501 158
6502 127
6503 145
6504 156
6505 128
6506 159
6507 148
6508 107
6509 136
6510 147
6511 149
6512 131
6513 125
6514 137
6515 152
6516 126
6517 155
6518 136
6519 146
6520 140
6521 131
6522 132
6523 126
6524 136
6525 140
6526 125
6527 143
6528 135
6529 152
6530 126
6531 162
6532 130
6533 155
6534 120
6535 163
6536 158
6537 141
6538 152
6539 131
6540 131
6541 134
6542 125
6543 160
6544 126
6545 124
6546 143
6547 145
6548 161
6549 143
6550 129
6551 130
6552 141
6553 138
6554 136
6555 146
6556 127
6557 123
6558 148
6559 141
6560 133
6561 136
6562 152
6563 132
6564 139
6565 125
6566 117
6567 124
6568 138
6569 111
6570 142
6571 113
6572 132
6573 124
6574 135
6575 127
6576 118
6577 140
6578 115
6579 107
6580 113
6581 101
6582 115
6583 122
6584 111
6585 114
6586 151
6587 144
6588 115
6589 135
6590 132
6591 119
6592 140
6593 119
6594 108
6595 136
6596 127
6597 120
6598 124
6599 110
6600 134
6601 123
6602 123
6603 120
6604 121
6605 108
6606 126
6607 134
6608 119
6609 145
6610 127
6611 140
6612 111
6613 146
6614 139
6615 115
6616 140
6617 138
6618 127
6619 108
6620 123
6621 129
6622 127
6623 128
6624 125
6625 121
6626 90
6627 114
6628 134
6629 114
6630 120
6631 128
6632 116
6633 126
6634 124
6635 129
6636 136
6637 114
6638 118
6639 114
6640 120
6641 107
6642 122
6643 126
6644 123
6645 136
6646 127
6647 126
6648 120
6649 108
6650 127
6651 127
6652 127
6653 104
6654 132
6655 124
6656 128
6657 131
6658 141
6659 142
6660 126
6661 122
6662 107
6663 144
6664 122
6665 126
6666 105
6667 131
6668 128
6669 112
6670 123
6671 143
6672 99
6673 137
6674 112
6675 138
6676 137
6677 117
6678 127
6679 130
6680 121
6681 126
6682 136
6683 132
6684 117
6685 114
6686 112
6687 105
6688 123
6689 108
6690 111
6691 110
6692 118
6693 116
6694 110
6695 95
6696 123
6697 130
6698 104
6699 109
6700 122
6701 115
6702 115
6703 111
6704 123
6705 101
6706 122
6707 106
6708 101
6709 115
6710 118
6711 118
6712 105
6713 118
6714 119
6715 100
6716 112
6717 107
6718 109
6719 115
6720 78
6721 119
6722 115
6723 116
6724 117
6725 106
6726 112
6727 108
6728 112
6729 117
6730 109
6731 102
6732 120
6733 113
6734 88
6735 95
6736 84
6737 98
6738 103
6739 85
6740 102
6741 101
6742 113
6743 92
6744 101
6745 101
6746 107
6747 101
6748 92
6749 83
6750 101
6751 100
6752 86
6753 97
6754 97
6755 95
6756 109
6757 79
6758 100
6759 116
6760 96
6761 96
6762 84
6763 94
6764 107
6765 79
6766 103
6767 84
6768 94
6769 94
6770 113
6771 82
6772 92
6773 101
6774 106
6775 91
6776 96
6777 83
6778 82
6779 96
6780 76
6781 91
6782 73
6783 88
6784 86
6785 90
6786 86
6787 103
6788 106
6789 89
6790 88
6791 101
6792 81
6793 81
6794 89
6795 102
6796 102
6797 89
6798 82
6799 104
6800 97
6801 85
6802 87
6803 97
6804 80
6805 104
6806 82
6807 98
6808 92
6809 73
6810 95
6811 85
6812 75
6813 98
6814 84
6815 82
6816 73
6817 101
6818 81
6819 104
6820 95
6821 64
6822 81
6823 79
6824 80
6825 86
6826 108
6827 69
6828 65
6829 98
6830 87
6831 90
6832 75
6833 91
6834 90
6835 85
6836 81
6837 74
6838 91
6839 88
6840 86
6841 92
6842 91
6843 89
6844 89
6845 93
6846 75
6847 81
6848 84
6849 85
6850 80
6851 82
6852 100
6853 87
6854 74
6855 86
6856 97
6857 89
6858 69
6859 75
6860 77
6861 104
6862 104
6863 83
6864 84
6865 82
6866 75
6867 82
6868 68
6869 81
6870 90
6871 84
6872 79
6873 91
6874 65
6875 97
6876 93
6877 73
6878 86
6879 90
6880 93
6881 107
6882 57
6883 75
6884 85
6885 73
6886 65
6887 77
6888 85
6889 82
6890 67
6891 77
6892 83
6893 80
6894 84
6895 74
6896 80
6897 80
6898 96
6899 77
6900 75
6901 72
6902 86
6903 72
6904 77
6905 66
6906 82
6907 78
6908 68
6909 71
6910 84
6911 83
6912 72
6913 75
6914 80
6915 80
6916 87
6917 68
6918 79
6919 86
6920 70
6921 95
6922 70
6923 89
6924 74
6925 73
6926 69
6927 81
6928 82
6929 83
6930 78
6931 88
6932 78
6933 79
6934 80
6935 66
6936 73
6937 66
6938 74
6939 65
6940 83
6941 90
6942 81
6943 76
6944 79
6945 69
6946 88
6947 65
6948 63
6949 74
6950 81
6951 82
6952 62
6953 76
6954 60
6955 61
6956 73
6957 78
6958 52
6959 77
6960 71
6961 67
6962 81
6963 70
6964 64
6965 73
6966 65
6967 73
6968 73
6969 74
6970 67
6971 67
6972 76
6973 58
6974 64
6975 76
6976 68
6977 74
6978 79
6979 78
6980 72
6981 62
6982 80
6983 63
6984 69
6985 60
6986 62
6987 74
6988 81
6989 68
6990 61
6991 65
6992 49
6993 61
6994 49
6995 61
6996 71
6997 60
6998 63
6999 62
7000 60
7001 56
7002 56
7003 80
7004 79
7005 61
7006 64
7007 66
7008 71
7009 65
7010 72
7011 66
7012 56
7013 63
7014 65
7015 65
7016 69
7017 60
7018 69
7019 64
7020 65
7021 55
7022 54
7023 58
7024 65
7025 57
7026 64
7027 71
7028 66
7029 53
7030 58
7031 61
7032 61
7033 71
7034 47
7035 51
7036 55
7037 64
7038 57
7039 71
7040 69
7041 74
7042 70
7043 67
7044 52
7045 64
7046 57
7047 57
7048 59
7049 68
7050 64
7051 49
7052 61
7053 73
7054 70
7055 57
7056 67
7057 60
7058 61
7059 80
7060 75
7061 78
7062 63
7063 65
7064 70
7065 71
7066 66
7067 48
7068 47
7069 45
7070 72
7071 64
7072 59
7073 52
7074 56
7075 57
7076 68
7077 54
7078 53
7079 62
7080 67
7081 64
7082 56
7083 63
7084 64
7085 59
7086 58
7087 64
7088 61
7089 57
7090 68
7091 63
7092 65
7093 70
7094 53
7095 56
7096 56
7097 61
7098 58
7099 61
7100 66
7101 58
7102 48
7103 60
7104 55
7105 62
7106 69
7107 71
7108 61
7109 56
7110 63
7111 42
7112 70
7113 50
7114 62
7115 65
7116 59
7117 75
7118 60
7119 64
7120 55
7121 56
7122 68
7123 62
7124 70
7125 70
7126 70
7127 55
7128 53
7129 48
7130 58
7131 42
7132 48
7133 51
7134 50
7135 79
7136 50
7137 66
7138 59
7139 68
7140 57
7141 60
7142 68
7143 58
7144 59
7145 49
7146 64
7147 60
7148 55
7149 67
7150 60
7151 71
7152 54
7153 59
7154 46
7155 60
7156 66
7157 58
7158 58
7159 55
7160 49
7161 63
7162 55
7163 60
7164 50
7165 64
7166 70
7167 58
7168 60
7169 52
7170 57
7171 57
7172 59
7173 67
7174 58
7175 59
7176 48
7177 53
7178 50
7179 65
7180 48
7181 55
7182 75
7183 66
7184 53
7185 54
7186 46
7187 63
7188 49
7189 59
7190 62
7191 62
7192 53
7193 56
7194 72
7195 54
7196 63
7197 49
7198 54
7199 67
7200 60
7201 51
7202 62
7203 50
7204 51
7205 58
7206 59
7207 54
7208 63
7209 70
7210 56
7211 60
7212 63
7213 56
7214 54
7215 52
7216 54
7217 65
7218 56
7219 53
7220 59
7221 60
7222 42
7223 54
7224 44
7225 59
7226 64
7227 46
7228 71
7229 57
7230 46
7231 57
7232 41
7233 56
7234 51
7235 56
7236 59
7237 60
7238 36
7239 63
7240 61
7241 39
7242 47
7243 48
7244 58
7245 58
7246 62
7247 56
7248 53
7249 51
7250 76
7251 54
7252 44
7253 56
7254 53
7255 52
7256 61
7257 49
7258 55
7259 51
7260 56
7261 67
7262 39
7263 56
7264 52
7265 70
7266 41
7267 57
7268 56
7269 37
7270 46
7271 65
7272 56
7273 54
7274 58
7275 58
7276 72
7277 48
7278 53
7279 54
7280 62
7281 59
7282 45
7283 58
7284 62
7285 56
7286 56
7287 56
7288 57
7289 49
7290 58
7291 63
7292 55
7293 54
7294 54
7295 42
7296 52
7297 56
7298 58
7299 51
7300 50
7301 49
7302 68
7303 51
7304 48
7305 46
7306 58
7307 54
7308 50
7309 44
7310 46
7311 63
7312 48
7313 39
7314 45
7315 55
7316 35
7317 63
7318 63
7319 61
7320 50
7321 53
7322 44
7323 60
7324 51
7325 47
7326 56
7327 39
7328 54
7329 53
7330 62
7331 41
7332 51
7333 42
7334 35
7335 50
7336 51
7337 56
7338 34
7339 43
7340 61
7341 61
7342 48
7343 64
7344 48
7345 51
7346 48
7347 54
7348 60
7349 59
7350 48
7351 44
7352 50
7353 61
7354 63
7355 59
7356 57
7357 37
7358 59
7359 62
7360 34
7361 56
7362 53
7363 50
7364 48
7365 54
7366 50
7367 41
7368 38
7369 42
7370 41
7371 50
7372 43
7373 48
7374 52
7375 44
7376 56
7377 48
7378 50
7379 50
7380 47
7381 59
7382 46
7383 48
7384 54
7385 40
7386 39
7387 50
7388 37
7389 50
7390 55
7391 53
7392 61
7393 59
7394 51
7395 38
7396 47
7397 46
7398 49
7399 38
7400 53
7401 43
7402 53
7403 55
7404 61
7405 55
7406 47
7407 58
7408 53
7409 53
7410 54
7411 54
7412 50
7413 51
7414 49
7415 55
7416 47
7417 57
7418 37
7419 33
7420 52
7421 44
7422 55
7423 47
7424 61
7425 54
7426 50
7427 51
7428 57
7429 51
7430 56
7431 50
7432 51
7433 57
7434 47
7435 59
7436 40
7437 49
7438 65
7439 42
7440 67
7441 50
7442 47
7443 51
7444 49
7445 53
7446 55
7447 51
7448 40
7449 51
7450 54
7451 52
7452 56
7453 47
7454 48
7455 49
7456 47
7457 33
7458 52
7459 58
7460 51
7461 42
7462 45
7463 46
7464 59
7465 43
7466 50
7467 45
7468 49
7469 42
7470 36
7471 48
7472 54
7473 42
7474 55
7475 48
7476 42
7477 59
7478 47
7479 50
7480 50
7481 48
7482 54
7483 54
7484 53
7485 52
7486 45
7487 45
7488 58
7489 46
7490 50
7491 41
7492 44
7493 41
7494 54
7495 36
7496 39
7497 51
7498 42
7499 42
7500 44
7501 53
7502 47
7503 47
7504 48
7505 47
7506 40
7507 61
7508 44
7509 45
7510 42
7511 57
7512 51
7513 56
7514 61
7515 60
7516 62
7517 47
7518 41
7519 58
7520 42
7521 52
7522 61
7523 55
7524 38
7525 50
7526 50
7527 49
7528 57
7529 57
7530 52
7531 38
7532 54
7533 54
7534 50
7535 57
7536 46
7537 57
7538 47
7539 38
7540 46
7541 41
7542 54
7543 48
7544 53
7545 45
7546 45
7547 47
7548 47
7549 54
7550 62
7551 57
7552 48
7553 42
7554 51
7555 55
7556 45
7557 47
7558 47
7559 57
7560 48
7561 43
7562 52
7563 54
7564 35
7565 45
7566 48
7567 49
7568 45
7569 65
7570 43
7571 49
7572 41
7573 47
7574 42
7575 41
7576 52
7577 49
7578 52
7579 47
7580 50
7581 52
7582 57
7583 54
7584 44
7585 61
7586 39
7587 41
7588 48
7589 47
7590 62
7591 54
7592 51
7593 64
7594 54
7595 57
7596 57
7597 63
7598 48
7599 46
7600 45
7601 53
7602 49
7603 54
7604 49
7605 50
7606 54
7607 55
7608 37
7609 41
7610 46
7611 69
7612 54
7613 40
7614 45
7615 48
7616 48
7617 47
7618 39
7619 48
7620 60
7621 50
7622 41
7623 54
7624 42
7625 38
7626 56
7627 54
7628 49
7629 54
7630 61
7631 51
7632 48
7633 37
7634 44
7635 44
7636 40
7637 47
7638 66
7639 43
7640 63
7641 48
7642 57
7643 54
7644 59
7645 60
7646 48
7647 57
7648 48
7649 56
7650 50
7651 57
7652 38
7653 41
7654 52
7655 55
7656 50
7657 44
7658 46
7659 45
7660 51
7661 60
7662 52
7663 42
7664 51
7665 42
7666 53
7667 35
7668 52
7669 36
7670 56
7671 51
7672 52
7673 48
7674 46
7675 56
7676 51
7677 53
7678 36
7679 45
7680 57
7681 43
7682 38
7683 42
7684 47
7685 45
7686 44
7687 49
7688 56
7689 57
7690 45
7691 46
7692 43
7693 53
7694 51
7695 58
7696 43
7697 56
7698 53
7699 51
7700 50
7701 63
7702 55
7703 53
7704 37
7705 41
7706 46
7707 42
7708 46
7709 50
7710 55
7711 51
7712 47
7713 63
7714 64
7715 53
7716 50
7717 53
7718 49
7719 45
7720 44
7721 61
7722 52
7723 53
7724 43
7725 50
7726 49
7727 41
7728 47
7729 52
7730 42
7731 48
7732 55
7733 40
7734 53
7735 52
7736 42
7737 42
7738 66
7739 52
7740 52
7741 37
7742 50
7743 65
7744 44
7745 49
7746 39
7747 38
7748 52
7749 50
7750 38
7751 37
7752 42
7753 43
7754 49
7755 49
7756 54
7757 46
7758 57
7759 40
7760 50
7761 41
7762 56
7763 53
7764 54
7765 46
7766 38
7767 38
7768 48
7769 63
7770 62
7771 47
7772 63
7773 39
7774 53
7775 53
7776 44
7777 53
7778 48
7779 56
7780 37
7781 51
7782 43
7783 59
7784 43
7785 45
7786 36
7787 46
7788 35
7789 50
7790 54
7791 66
7792 49
7793 42
7794 67
7795 46
7796 48
7797 51
7798 52
7799 55
7800 38
7801 52
7802 40
7803 55
7804 61
7805 37
7806 51
7807 65
7808 45
7809 58
7810 44
7811 52
7812 44
7813 33
7814 50
7815 55
7816 45
7817 38
7818 53
7819 41
7820 50
7821 43
7822 38
7823 52
7824 53
7825 36
7826 56
7827 40
7828 46
7829 62
7830 56
7831 55
7832 35
7833 47
7834 58
7835 54
7836 57
7837 51
7838 37
7839 49
7840 60
7841 50
7842 54
7843 52
7844 55
7845 58
7846 54
7847 49
7848 58
7849 40
7850 57
7851 44
7852 50
7853 45
7854 62
7855 47
7856 50
7857 43
7858 32
7859 41
7860 57
7861 51
7862 47
7863 45
7864 49
7865 44
7866 44
7867 57
7868 46
7869 46
7870 34
7871 40
7872 38
7873 42
7874 38
7875 48
7876 46
7877 51
7878 31
7879 42
7880 46
7881 57
7882 49
7883 43
7884 37
7885 41
7886 43
7887 66
7888 45
7889 58
7890 38
7891 39
7892 53
7893 34
7894 42
7895 43
7896 48
7897 38
7898 43
7899 55
7900 45
7901 54
7902 56
7903 47
7904 42
7905 58
7906 49
7907 44
7908 50
7909 54
7910 43
7911 45
7912 48
7913 47
7914 55
7915 35
7916 43
7917 43
7918 35
7919 57
7920 48
7921 54
7922 43
7923 51
7924 46
7925 36
7926 49
7927 43
7928 42
7929 49
7930 55
7931 41
7932 45
7933 53
7934 55
7935 35
7936 54
7937 39
7938 52
7939 51
7940 49
7941 49
7942 43
7943 49
7944 47
7945 54
7946 47
7947 42
7948 54
7949 44
7950 48
7951 54
7952 56
7953 42
7954 45
7955 42
7956 46
7957 43
7958 50
7959 57
7960 41
7961 41
7962 44
7963 46
7964 35
7965 46
7966 56
7967 47
7968 53
7969 45
7970 47
7971 41
7972 42
7973 53
7974 49
7975 47
7976 45
7977 41
7978 49
7979 42
7980 42
7981 36
7982 54
7983 38
7984 57
7985 50
7986 52
7987 54
7988 35
7989 46
7990 45
7991 49
7992 49
7993 45
7994 53
7995 52
7996 50
7997 42
7998 38
7999 44
8000 41
8001 55
8002 49
8003 51
8004 47
8005 52
8006 46
8007 53
8008 44
8009 44
8010 51
8011 40
8012 47
8013 40
8014 51
8015 59
8016 51
8017 43
8018 38
8019 43
8020 38
8021 46
8022 40
8023 39
8024 57
8025 43
8026 46
8027 49
8028 37
8029 45
8030 41
8031 46
8032 44
8033 40
8034 41
8035 52
8036 46
8037 30
8038 51
8039 60
8040 49
8041 52
8042 53
8043 41
8044 59
8045 41
8046 43
8047 36
8048 38
8049 43
8050 41
8051 51
8052 50
8053 45
8054 43
8055 50
8056 50
8057 56
8058 41
8059 46
8060 39
8061 42
8062 44
8063 47
8064 40
8065 46
8066 36
8067 58
8068 45
8069 35
8070 40
8071 45
8072 38
8073 39
8074 45
8075 34
8076 47
8077 44
8078 47
8079 46
8080 50
8081 44
8082 48
8083 60
8084 39
8085 45
8086 44
8087 60
8088 42
8089 33
8090 49
8091 51
8092 46
8093 41
8094 49
8095 48
8096 37
8097 42
8098 51
8099 48
8100 55
8101 50
8102 45
8103 44
8104 51
8105 61
8106 53
8107 56
8108 42
8109 34
8110 47
8111 47
8112 53
8113 60
8114 49
8115 38
8116 42
8117 54
8118 46
8119 46
8120 46
8121 55
8122 48
8123 52
8124 49
8125 44
8126 46
8127 49
8128 60
8129 50
8130 43
8131 47
8132 50
8133 36
8134 55
8135 45
8136 35
8137 50
8138 32
8139 37
8140 55
8141 50
8142 53
8143 43
8144 40
8145 37
8146 43
8147 49
8148 37
8149 56
8150 48
8151 42
8152 56
8153 52
8154 51
8155 46
8156 57
8157 51
8158 49
8159 40
8160 36
8161 51
8162 52
8163 42
8164 42
8165 36
8166 50
8167 47
8168 53
8169 39
8170 43
8171 46
8172 43
8173 40
8174 38
8175 46
8176 44
8177 50
8178 46
8179 54
8180 37
8181 37
8182 41
8183 45
8184 52
8185 50
8186 38
8187 39
8188 50
8189 40
8190 26
8191 51
8192 54
8193 43
8194 45
8195 47
8196 43
8197 43
8198 52
8199 47
8200 42
8201 60
8202 50
8203 34
8204 49
8205 38
8206 60
8207 37
8208 44
8209 48
8210 40
8211 41
8212 51
8213 38
8214 44
8215 34
8216 37
8217 38
8218 46
8219 42
8220 37
8221 44
8222 42
8223 42
8224 39
8225 39
8226 46
8227 42
8228 46
8229 39
8230 37
8231 47
8232 53
8233 48
8234 44
8235 42
8236 43
8237 42
8238 53
8239 50
8240 39
8241 42
8242 46
8243 45
8244 41
8245 49
8246 45
8247 39
8248 49
8249 38
8250 40
8251 33
8252 44
8253 46
8254 51
8255 33
8256 44
8257 51
8258 50
8259 45
8260 43
8261 37
8262 38
8263 59
8264 39
8265 38
8266 32
8267 45
8268 55
8269 23
8270 37
8271 42
8272 46
8273 45
8274 52
8275 36
8276 41
8277 42
8278 47
8279 41
8280 31
8281 36
8282 49
8283 46
8284 44
8285 44
8286 29
8287 44
8288 33
8289 57
8290 41
8291 48
8292 38
8293 40
8294 29
8295 48
8296 35
8297 44
8298 25
8299 38
8300 37
8301 33
8302 47
8303 46
8304 38
8305 48
8306 39
8307 40
8308 47
8309 47
8310 41
8311 49
8312 40
8313 27
8314 38
8315 48
8316 40
8317 36
8318 41
8319 45
8320 39
8321 49
8322 43
8323 47
8324 44
8325 35
8326 49
8327 53
8328 44
8329 40
8330 40
8331 40
8332 37
8333 43
8334 50
8335 52
8336 36
8337 29
8338 37
8339 41
8340 45
8341 36
8342 32
8343 47
8344 52
8345 38
8346 43
8347 44
8348 56
8349 36
8350 49
8351 45
8352 42
8353 44
8354 27
8355 46
8356 30
8357 41
8358 39
8359 44
8360 36
8361 47
8362 52
8363 38
8364 55
8365 44
8366 30
8367 42
8368 47
8369 54
8370 35
8371 42
8372 43
8373 29
8374 37
8375 38
8376 43
8377 33
8378 54
8379 42
8380 43
8381 37
8382 35
8383 39
8384 54
8385 43
8386 46
8387 43
8388 48
8389 40
8390 46
8391 36
8392 41
8393 33
8394 44
8395 38
8396 31
8397 48
8398 40
8399 41
8400 35
8401 41
8402 38
8403 40
8404 32
8405 46
8406 35
8407 42
8408 39
8409 54
8410 37
8411 45
8412 39
8413 43
8414 37
8415 36
8416 41
8417 34
8418 42
8419 39
8420 32
8421 44
8422 31
8423 34
8424 51
8425 49
8426 41
8427 39
8428 41
8429 46
8430 47
8431 51
8432 40
8433 38
8434 44
8435 40
8436 37
8437 39
8438 30
8439 48
8440 37
8441 35
8442 37
8443 37
8444 44
8445 26
8446 32
8447 55
8448 46
8449 34
8450 39
8451 50
8452 28
8453 45
8454 37
8455 33
8456 31
8457 39
8458 46
8459 52
8460 42
8461 31
8462 38
8463 48
8464 40
8465 40
8466 34
8467 46
8468 45
8469 37
8470 43
8471 36
8472 38
8473 43
8474 45
8475 44
8476 38
8477 33
8478 36
8479 43
8480 47
8481 35
8482 43
8483 51
8484 41
8485 36
8486 39
8487 43
8488 39
8489 43
8490 42
8491 39
8492 33
8493 46
8494 32
8495 28
8496 42
8497 40
8498 38
8499 38
8500 37
8501 39
8502 43
8503 41
8504 46
8505 29
8506 33
8507 33
8508 46
8509 39
8510 44
8511 27
8512 48
8513 33
8514 40
8515 39
8516 50
8517 39
8518 36
8519 45
8520 34
8521 33
8522 41
8523 32
8524 38
8525 33
8526 39
8527 36
8528 43
8529 29
8530 31
8531 32
8532 42
8533 42
8534 46
8535 32
8536 44
8537 43
8538 40
8539 40
8540 32
8541 34
8542 46
8543 42
8544 39
8545 35
8546 44
8547 31
8548 33
8549 38
8550 43
8551 33
8552 38
8553 48
8554 37
8555 36
8556 31
8557 47
8558 38
8559 31
8560 38
8561 39
8562 39
8563 31
8564 39
8565 29
8566 38
8567 56
8568 39
8569 41
8570 35
8571 38
8572 44
8573 30
8574 38
8575 33
8576 43
8577 29
8578 41
8579 39
8580 40
8581 40
8582 30
8583 36
8584 55
8585 42
8586 44
8587 28
8588 32
8589 44
8590 28
8591 40
8592 42
8593 47
8594 32
8595 34
8596 43
8597 29
8598 39
8599 34
8600 33
8601 47
8602 34
8603 34
8604 32
8605 29
8606 28
8607 44
8608 33
8609 32
8610 32
8611 35
8612 40
8613 37
8614 32
8615 39
8616 33
8617 39
8618 35
8619 33
8620 39
8621 35
8622 32
8623 40
8624 44
8625 36
8626 56
8627 39
8628 34
8629 28
8630 27
8631 45
8632 33
8633 21
8634 31
8635 40
8636 39
8637 48
8638 40
8639 39
8640 30
8641 40
8642 45
8643 32
8644 47
8645 34
8646 42
8647 28
8648 31
8649 37
8650 40
8651 39
8652 31
8653 38
8654 34
8655 32
8656 33
8657 41
8658 40
8659 23
8660 42
8661 33
8662 31
8663 33
8664 41
8665 43
8666 30
8667 33
8668 39
8669 33
8670 48
8671 36
8672 46
8673 41
8674 33
8675 32
8676 35
8677 32
8678 38
8679 29
8680 32
8681 31
8682 42
8683 34
8684 28
8685 49
8686 33
8687 51
8688 36
8689 39
8690 34
8691 36
8692 49
8693 30
8694 32
8695 31
8696 44
8697 41
8698 40
8699 32
8700 37
8701 35
8702 33
8703 47
8704 33
8705 46
8706 43
8707 33
8708 44
8709 33
8710 41
8711 45
8712 31
8713 35
8714 41
8715 39
8716 29
8717 36
8718 29
8719 41
8720 31
8721 25
8722 36
8723 45
8724 36
8725 36
8726 37
8727 44
8728 38
8729 40
8730 37
8731 32
8732 29
8733 37
8734 36
8735 38
8736 36
8737 45
8738 37
8739 36
8740 35
8741 30
8742 34
8743 25
8744 38
8745 37
8746 36
8747 41
8748 38
8749 35
8750 43
8751 40
8752 31
8753 34
8754 39
8755 45
8756 44
8757 30
8758 33
8759 33
8760 42
8761 31
8762 42
8763 36
8764 46
8765 35
8766 36
8767 37
8768 34
8769 42
8770 33
8771 41
8772 29
8773 34
8774 36
8775 37
8776 34
8777 38
8778 33
8779 28
8780 37
8781 45
8782 29
8783 27
8784 42
8785 33
8786 42
8787 28
8788 37
8789 34
8790 46
8791 35
8792 45
8793 36
8794 30
8795 46
8796 38
8797 44
8798 37
8799 41
8800 43
8801 44
8802 37
8803 25
8804 33
8805 45
8806 23
8807 37
8808 33
8809 27
8810 31
8811 41
8812 39
8813 32
8814 36
8815 40
8816 30
8817 36
8818 31
8819 31
8820 43
8821 32
8822 33
8823 42
8824 42
8825 34
8826 33
8827 30
8828 36
8829 34
8830 27
8831 29
8832 29
8833 43
8834 41
8835 30
8836 37
8837 33
8838 31
8839 31
8840 34
8841 34
8842 26
8843 41
8844 36
8845 35
8846 42
8847 32
8848 42
8849 31
8850 33
8851 48
8852 36
8853 30
8854 38
8855 24
8856 21
8857 38
8858 36
8859 38
8860 14
8861 42
8862 37
8863 45
8864 39
8865 38
8866 37
8867 31
8868 29
8869 40
8870 36
8871 40
8872 29
8873 29
8874 39
8875 20
8876 42
8877 31
8878 31
8879 45
8880 33
8881 34
8882 31
8883 43
8884 33
8885 42
8886 31
8887 38
8888 42
8889 44
8890 28
8891 30
8892 41
8893 40
8894 31
8895 24
8896 39
8897 34
8898 30
8899 36
8900 30
8901 25
8902 30
8903 36
8904 45
8905 29
8906 39
8907 44
8908 42
8909 41
8910 31
8911 31
8912 27
8913 33
8914 21
8915 33
8916 33
8917 37
8918 36
8919 46
8920 48
8921 38
8922 42
8923 25
8924 34
8925 37
8926 26
8927 32
8928 33
8929 28
8930 36
8931 35
8932 24
8933 26
8934 24
8935 31
8936 43
8937 31
8938 39
8939 36
8940 27
8941 37
8942 39
8943 30
8944 35
8945 36
8946 29
8947 33
8948 33
8949 40
8950 44
8951 34
8952 35
8953 40
8954 32
8955 31
8956 31
8957 32
8958 30
8959 33
8960 26
8961 40
8962 26
8963 29
8964 35
8965 30
8966 32
8967 45
8968 30
8969 36
8970 38
8971 37
8972 40
8973 29
8974 29
8975 30
8976 27
8977 36
8978 36
8979 31
8980 40
8981 44
8982 30
8983 28
8984 34
8985 32
8986 33
8987 41
8988 22
8989 36
8990 27
8991 30
8992 30
8993 32
8994 39
8995 43
8996 35
8997 23
8998 38
8999 34
9000 31
9001 29
9002 38
9003 33
9004 30
9005 27
9006 34
9007 34
9008 42
9009 35
9010 37
9011 38
9012 39
9013 31
9014 33
9015 29
9016 39
9017 29
9018 40
9019 46
9020 39
9021 41
9022 37
9023 37
9024 47
9025 25
9026 44
9027 33
9028 38
9029 29
9030 38
9031 34
9032 44
9033 32
9034 38
9035 35
9036 40
9037 39
9038 42
9039 35
9040 37
9041 36
9042 33
9043 19
9044 24
9045 36
9046 46
9047 34
9048 31
9049 35
9050 25
9051 32
9052 33
9053 42
9054 29
9055 46
9056 28
9057 20
9058 41
9059 23
9060 41
9061 28
9062 50
9063 42
9064 37
9065 21
9066 31
9067 36
9068 38
9069 32
9070 38
9071 28
9072 45
9073 34
9074 34
9075 33
9076 36
9077 30
9078 26
9079 36
9080 42
9081 30
9082 28
9083 31
9084 26
9085 33
9086 31
9087 18
9088 31
9089 36
9090 36
9091 36
9092 43
9093 34
9094 26
9095 32
9096 36
9097 30
9098 27
9099 36
9100 40
9101 35
9102 35
9103 34
9104 25
9105 36
9106 34
9107 36
9108 34
9109 34
9110 42
9111 33
9112 31
9113 34
9114 31
9115 33
9116 27
9117 41
9118 38
9119 39
9120 29
9121 39
9122 45
9123 32
9124 34
9125 39
9126 45
9127 33
9128 39
9129 29
9130 52
9131 29
9132 42
9133 35
9134 30
9135 34
9136 31
9137 29
9138 38
9139 29
9140 39
9141 45
9142 33
9143 28
9144 39
9145 29
9146 33
9147 39
9148 29
9149 37
9150 36
9151 34
9152 32
9153 34
9154 41
9155 39
9156 29
9157 29
9158 43
9159 24
9160 30
9161 32
9162 41
9163 35
9164 42
9165 22
9166 27
9167 33
9168 31
9169 26
9170 36
9171 30
9172 38
9173 30
9174 27
9175 33
9176 19
9177 34
9178 32
9179 33
9180 35
9181 26
9182 42
9183 32
9184 32
9185 29
9186 33
9187 37
9188 33
9189 31
9190 31
9191 41
9192 30
9193 40
9194 31
9195 37
9196 27
9197 39
9198 41
9199 25
9200 26
9201 32
9202 30
9203 34
9204 37
9205 30
9206 30
9207 30
9208 32
9209 27
9210 24
9211 29
9212 36
9213 32
9214 22
9215 31
9216 27
9217 32
9218 31
9219 35
9220 37
9221 31
9222 33
9223 36
9224 37
9225 44
9226 40
9227 21
9228 33
9229 36
9230 45
9231 26
9232 36
9233 31
9234 26
9235 25
9236 24
9237 40
9238 28
9239 29
9240 31
9241 37
9242 34
9243 26
9244 30
9245 31
9246 33
9247 26
9248 28
9249 39
9250 34
9251 38
9252 39
9253 38
9254 32
9255 35
9256 28
9257 26
9258 34
9259 33
9260 27
9261 24
9262 36
9263 38
9264 35
9265 25
9266 27
9267 25
9268 28
9269 43
9270 37
9271 28
9272 30
9273 31
9274 21
9275 32
9276 32
9277 36
9278 17
9279 33
9280 34
9281 26
9282 28
9283 32
9284 34
9285 39
9286 28
9287 37
9288 28
9289 34
9290 35
9291 37
9292 31
9293 35
9294 34
9295 37
9296 36
9297 36
9298 35
9299 37
9300 30
9301 31
9302 26
9303 33
9304 29
9305 20
9306 29
9307 28
9308 39
9309 32
9310 34
9311 31
9312 47
9313 40
9314 20
9315 19
9316 27
9317 29
9318 32
9319 35
9320 33
9321 26
9322 27
9323 51
9324 29
9325 35
9326 39
9327 21
9328 26
9329 37
9330 33
9331 34
9332 23
9333 27
9334 25
9335 36
9336 28
9337 35
9338 28
9339 32
9340 30
9341 30
9342 27
9343 42
9344 31
9345 34
9346 32
9347 42
9348 32
9349 36
9350 33
9351 31
9352 25
9353 27
9354 34
9355 43
9356 23
9357 44
9358 29
9359 23
9360 32
9361 30
9362 39
9363 43
9364 27
9365 23
9366 38
9367 20
9368 26
9369 32
9370 36
9371 41
9372 23
9373 31
9374 30
9375 33
9376 31
9377 31
9378 35
9379 28
9380 28
9381 29
9382 35
9383 37
9384 31
9385 29
9386 22
9387 33
9388 34
9389 31
9390 32
9391 33
9392 31
9393 34
9394 22
9395 36
9396 41
9397 30
9398 27
9399 33
9400 27
9401 26
9402 26
9403 25
9404 16
9405 35
9406 32
9407 27
9408 26
9409 33
9410 35
9411 36
9412 26
9413 37
9414 32
9415 33
9416 28
9417 34
9418 40
9419 23
9420 33
9421 30
9422 20
9423 31
9424 28
9425 42
9426 39
9427 34
9428 34
9429 23
9430 28
9431 36
9432 23
9433 19
9434 30
9435 30
9436 32
9437 27
9438 28
9439 45
9440 33
9441 39
9442 33
9443 33
9444 32
9445 27
9446 30
9447 28
9448 20
9449 32
9450 35
9451 22
9452 28
9453 40
9454 32
9455 36
9456 28
9457 30
9458 26
9459 24
9460 32
9461 28
9462 34
9463 32
9464 31
9465 19
9466 38
9467 31
9468 38
9469 28
9470 28
9471 39
9472 26
9473 23
9474 24
9475 28
9476 35
9477 39
9478 41
9479 37
9480 33
9481 40
9482 30
9483 32
9484 43
9485 17
9486 29
9487 26
9488 21
9489 23
9490 29
9491 32
9492 24
9493 29
9494 32
9495 34
9496 31
9497 19
9498 32
9499 38
9500 29
9501 26
9502 20
9503 42
9504 26
9505 35
9506 24
9507 34
9508 23
9509 25
9510 28
9511 29
9512 36
9513 24
9514 31
9515 37
9516 39
9517 30
9518 29
9519 25
9520 38
9521 25
9522 33
9523 22
9524 30
9525 31
9526 26
9527 29
9528 26
9529 33
9530 37
9531 27
9532 33
9533 37
9534 30
9535 41
9536 25
9537 32
9538 33
9539 34
9540 31
9541 28
9542 34
9543 29
9544 29
9545 28
9546 35
9547 32
9548 30
9549 26
9550 29
9551 26
9552 39
9553 32
9554 31
9555 36
9556 34
9557 33
9558 35
9559 32
9560 31
9561 27
9562 31
9563 23
9564 34
9565 33
9566 26
9567 39
9568 34
9569 24
9570 32
9571 34
9572 30
9573 38
9574 32
9575 32
9576 32
9577 27
9578 23
9579 20
9580 32
9581 31
9582 34
9583 26
9584 30
9585 36
9586 30
9587 34
9588 23
9589 25
9590 39
9591 21
9592 38
9593 25
9594 27
9595 33
9596 37
9597 36
9598 32
9599 35
9600 19
9601 36
9602 30
9603 32
9604 34
9605 27
9606 31
9607 40
9608 33
9609 34
9610 26
9611 40
9612 34
9613 28
9614 27
9615 34
9616 35
9617 25
9618 38
9619 21
9620 36
9621 29
9622 32
9623 33
9624 18
9625 33
9626 24
9627 27
9628 26
9629 38
9630 33
9631 30
9632 34
9633 29
9634 36
9635 27
9636 28
9637 27
9638 34
9639 39
9640 23
9641 18
9642 29
9643 26
9644 37
9645 24
9646 37
9647 25
9648 25
9649 28
9650 29
9651 34
9652 29
9653 24
9654 23
9655 29
9656 25
9657 33
9658 22
9659 27
9660 24
9661 35
9662 30
9663 29
9664 24
9665 26
9666 25
9667 42
9668 38
9669 41
9670 28
9671 28
9672 21
9673 31
9674 28
9675 23
9676 29
9677 20
9678 26
9679 25
9680 16
9681 26
9682 29
9683 33
9684 27
9685 38
9686 30
9687 18
9688 19
9689 23
9690 28
9691 33
9692 20
9693 30
9694 27
9695 31
9696 31
9697 30
9698 30
9699 44
9700 33
9701 37
9702 31
9703 31
9704 26
9705 25
9706 26
9707 30
9708 25
9709 25
9710 33
9711 32
9712 25
9713 29
9714 26
9715 34
9716 27
9717 26
9718 26
9719 28
9720 29
9721 32
9722 23
9723 20
9724 25
9725 31
9726 30
9727 29
9728 31
9729 28
9730 35
9731 33
9732 20
9733 21
9734 41
9735 27
9736 28
9737 30
9738 41
9739 31
9740 24
9741 29
9742 24
9743 29
9744 35
9745 35
9746 30
9747 25
9748 28
9749 23
9750 29
9751 29
9752 30
9753 23
9754 37
9755 23
9756 37
9757 33
9758 23
9759 26
9760 37
9761 22
9762 22
9763 35
9764 31
9765 40
9766 30
9767 23
9768 39
9769 41
9770 31
9771 23
9772 28
9773 23
9774 32
9775 33
9776 41
9777 33
9778 30
9779 29
9780 30
9781 24
9782 31
9783 25
9784 33
9785 29
9786 31
9787 35
9788 30
9789 35
9790 27
9791 40
9792 26
9793 27
9794 38
9795 37
9796 18
9797 32
9798 36
9799 40
9800 21
9801 24
9802 35
9803 30
9804 23
9805 30
9806 37
9807 35
9808 33
9809 39
9810 26
9811 35
9812 32
9813 34
9814 29
9815 31
9816 29
9817 32
9818 36
9819 33
9820 30
9821 27
9822 20
9823 34
9824 32
9825 30
9826 28
9827 27
9828 42
9829 37
9830 32
9831 25
9832 26
9833 28
9834 31
9835 20
9836 36
9837 27
9838 30
9839 34
9840 36
9841 30
9842 31
9843 23
9844 35
9845 32
9846 35
9847 24
9848 24
9849 30
9850 30
9851 31
9852 37
9853 34
9854 24
9855 25
9856 40
9857 20
9858 36
9859 26
9860 33
9861 32
9862 33
9863 27
9864 36
9865 25
9866 29
9867 37
9868 42
9869 32
9870 29
9871 32
9872 31
9873 38
9874 27
9875 36
9876 32
9877 37
9878 36
9879 30
9880 18
9881 23
9882 32
9883 26
9884 24
9885 32
9886 32
9887 21
9888 31
9889 26
9890 21
9891 34
9892 28
9893 31
9894 34
9895 33
9896 31
9897 30
9898 29
9899 27
9900 29
9901 27
9902 29
9903 35
9904 31
9905 24
9906 29
9907 32
9908 32
9909 34
9910 21
9911 41
9912 33
9913 27
9914 40
9915 33
9916 29
9917 21
9918 28
9919 36
9920 31
9921 22
9922 32
9923 32
9924 23
9925 24
9926 25
9927 27
9928 33
9929 34
9930 36
9931 34
9932 29
9933 29
9934 22
9935 27
9936 34
9937 25
9938 27
9939 29
9940 30
9941 39
9942 23
9943 29
9944 36
9945 22
9946 29
9947 22
9948 26
9949 40
9950 37
9951 32
9952 29
9953 23
9954 33
9955 32
9956 30
9957 27
9958 30
9959 34
9960 31
9961 28
9962 38
9963 25
9964 32
9965 33
9966 27
9967 37
9968 37
9969 29
9970 35
9971 32
9972 33
9973 24
9974 35
9975 27
9976 22
9977 36
9978 29
9979 28
9980 28
9981 26
9982 35
9983 39
9984 42
9985 34
9986 25
9987 24
9988 29
9989 28
9990 38
9991 30
9992 22
9993 34
9994 43
9995 44
9996 29
9997 32
9998 28
9999 19
10000 32
10001 279057
