# Title:27-mer spectra for: 63
# XLabel:27-mer frequency
# YLabel:# distinct 27-mers
# Kmer value:27
# Input 1:<pipe>
###
1 1707786689
2 188017972
3 64377415
4 31113298
5 17424986
6 11144971
7 7772053
8 6037724
9 5242087
10 5069223
11 5293469
12 5755812
13 6269034
14 6762680
15 7141380
16 7332088
17 7392751
18 7325795
19 7200324
20 7076363
21 7036231
22 7120271
23 7380641
24 7819676
25 8405465
26 9136123
27 9949104
28 10797771
29 11606674
30 12318914
31 12893445
32 13284861
33 13446364
34 13375318
35 13087614
36 12589534
37 11930911
38 11124096
39 10247427
40 9305561
41 8348931
42 7405481
43 6510747
44 5667875
45 4914250
46 4249563
47 3674359
48 3179824
49 2777315
50 2445318
51 2187641
52 1992883
53 1850638
54 1750857
55 1687366
56 1650113
57 1638063
58 1645073
59 1662976
60 1689946
61 1717860
62 1752188
63 1782491
64 1806013
65 1830547
66 1841137
67 1845243
68 1838068
69 1828364
70 1798230
71 1764669
72 1717489
73 1667236
74 1605721
75 1537702
76 1464875
77 1390370
78 1312022
79 1236401
80 1157277
81 1082708
82 1006455
83 934567
84 864604
85 801127
86 742614
87 688127
88 638487
89 594052
90 551122
91 515707
92 484971
93 458325
94 434055
95 411299
96 393307
97 377347
98 362637
99 350814
100 339049
101 331452
102 322123
103 314138
104 305797
105 299039
106 292265
107 285795
108 278586
109 273412
110 266975
111 261974
112 255285
113 249266
114 243504
115 237504
116 232856
117 227053
118 221938
119 215512
120 211195
121 206663
122 201297
123 198530
124 193323
125 189411
126 185805
127 181976
128 178454
129 175220
130 172700
131 169743
132 167463
133 163281
134 161182
135 158812
136 155872
137 153340
138 151341
139 149798
140 147075
141 144738
142 142303
143 140310
144 137663
145 135162
146 133673
147 131967
148 129754
149 127076
150 125326
151 122924
152 121298
153 119575
154 117443
155 116073
156 113942
157 112275
158 110119
159 107841
160 106635
161 105058
162 102840
163 101230
164 100060
165 98459
166 96891
167 95894
168 94048
169 91822
170 91427
171 89967
172 89428
173 87402
174 86441
175 86140
176 84834
177 83848
178 82284
179 82307
180 81363
181 80192
182 78588
183 78058
184 76961
185 76100
186 74760
187 74071
188 72639
189 72039
190 71387
191 70300
192 69079
193 69227
194 67749
195 67502
196 66658
197 65952
198 64562
199 64613
200 63768
201 62567
202 62232
203 61285
204 61297
205 60439
206 59414
207 59019
208 58022
209 57587
210 57091
211 56249
212 55796
213 55085
214 54701
215 54520
216 53565
217 53301
218 52446
219 51998
220 50982
221 51080
222 50419
223 49744
224 48862
225 49059
226 48214
227 47627
228 47371
229 46756
230 46076
231 45968
232 45413
233 45042
234 45131
235 44391
236 43501
237 43880
238 43296
239 42876
240 41820
241 41476
242 40928
243 40441
244 40156
245 40379
246 39993
247 40034
248 38810
249 39052
250 38890
251 38517
252 38145
253 37726
254 37595
255 37148
256 36798
257 36256
258 35980
259 35863
260 35300
261 35192
262 34857
263 34638
264 34267
265 34060
266 33624
267 33703
268 32598
269 32670
270 32667
271 31971
272 31839
273 31527
274 31404
275 31086
276 31025
277 30845
278 30430
279 29824
280 29996
281 29565
282 29264
283 28997
284 29138
285 28512
286 28331
287 27786
288 27819
289 27386
290 27542
291 27233
292 26939
293 26986
294 26521
295 25990
296 26062
297 26053
298 25865
299 25573
300 25409
301 25076
302 24914
303 24680
304 24367
305 24311
306 24078
307 23785
308 23953
309 23820
310 23560
311 23634
312 23208
313 22823
314 22784
315 22679
316 22556
317 22367
318 22049
319 21944
320 21771
321 21568
322 21542
323 21533
324 21357
325 21021
326 21045
327 20645
328 20847
329 20640
330 20227
331 20275
332 20319
333 20141
334 20083
335 19853
336 19794
337 19608
338 19385
339 19179
340 19022
341 19251
342 18887
343 19195
344 18447
345 18340
346 18056
347 18320
348 18311
349 18126
350 17892
351 17947
352 17960
353 17730
354 17657
355 17429
356 17280
357 17360
358 17115
359 17004
360 16751
361 16714
362 16855
363 16816
364 16678
365 16641
366 16678
367 16323
368 16175
369 16070
370 16185
371 16002
372 15793
373 15757
374 15606
375 15592
376 15632
377 15429
378 15389
379 14923
380 15121
381 15033
382 14888
383 14845
384 14911
385 14720
386 14835
387 14514
388 14603
389 14297
390 14532
391 14328
392 13963
393 14046
394 13945
395 13824
396 13985
397 13707
398 13678
399 13487
400 13411
401 13557
402 13534
403 13160
404 13214
405 13115
406 13131
407 13026
408 12868
409 12847
410 12830
411 12880
412 12686
413 12842
414 12538
415 12402
416 12546
417 12688
418 12549
419 12387
420 12350
421 12159
422 12359
423 12116
424 12158
425 12046
426 11881
427 11833
428 11891
429 11883
430 11978
431 11769
432 11488
433 11443
434 11347
435 11292
436 11426
437 11382
438 11218
439 11207
440 10978
441 11124
442 11177
443 11116
444 10961
445 10956
446 10945
447 10924
448 10914
449 10670
450 10874
451 10677
452 10711
453 10700
454 10647
455 10441
456 10533
457 10260
458 10334
459 10400
460 10227
461 10159
462 10191
463 10232
464 10108
465 10235
466 10122
467 9819
468 9913
469 10007
470 10023
471 9914
472 9806
473 9832
474 9881
475 9806
476 9860
477 9673
478 9529
479 9546
480 9393
481 9631
482 9527
483 9638
484 9322
485 9142
486 9386
487 9134
488 9023
489 9044
490 9037
491 9027
492 9109
493 8875
494 9008
495 9012
496 8858
497 9003
498 8990
499 8890
500 8843
501 8760
502 8846
503 8752
504 8801
505 8738
506 8739
507 8723
508 8424
509 8634
510 8633
511 8501
512 8423
513 8363
514 8346
515 8320
516 8175
517 8303
518 8183
519 8300
520 8246
521 7953
522 8095
523 8185
524 8231
525 8279
526 7895
527 7979
528 7806
529 7943
530 7687
531 7724
532 7650
533 7831
534 7753
535 7667
536 7563
537 7698
538 7580
539 7683
540 7665
541 7632
542 7399
543 7439
544 7374
545 7512
546 7452
547 7328
548 7365
549 7286
550 7274
551 7168
552 7228
553 7345
554 7170
555 7191
556 7028
557 7094
558 7074
559 7153
560 7084
561 7035
562 7036
563 7065
564 7014
565 6902
566 6823
567 6884
568 6755
569 6876
570 6862
571 6710
572 6721
573 6715
574 6704
575 6621
576 6577
577 6664
578 6625
579 6557
580 6561
581 6610
582 6566
583 6517
584 6439
585 6618
586 6495
587 6559
588 6507
589 6395
590 6321
591 6342
592 6304
593 6440
594 6324
595 6393
596 6209
597 6201
598 6163
599 6256
600 6052
601 6157
602 6119
603 6052
604 5994
605 5826
606 5853
607 5978
608 5902
609 5955
610 5905
611 5863
612 5778
613 5867
614 5796
615 5606
616 5805
617 5659
618 5677
619 5490
620 5699
621 5668
622 5745
623 5733
624 5710
625 5503
626 5716
627 5660
628 5478
629 5516
630 5570
631 5526
632 5507
633 5444
634 5446
635 5350
636 5424
637 5375
638 5429
639 5353
640 5536
641 5277
642 5317
643 5362
644 5359
645 5261
646 5226
647 5074
648 5160
649 5177
650 5118
651 5333
652 5058
653 5176
654 5066
655 5147
656 5079
657 4979
658 4993
659 4928
660 4954
661 5096
662 4982
663 4931
664 4943
665 4893
666 4786
667 4819
668 4925
669 4874
670 4687
671 4892
672 4926
673 4714
674 4721
675 4793
676 4788
677 4663
678 4697
679 4849
680 4598
681 4691
682 4734
683 4606
684 4590
685 4617
686 4527
687 4593
688 4512
689 4435
690 4500
691 4589
692 4573
693 4569
694 4505
695 4517
696 4611
697 4507
698 4558
699 4533
700 4505
701 4476
702 4362
703 4426
704 4358
705 4403
706 4460
707 4312
708 4307
709 4312
710 4257
711 4327
712 4211
713 4247
714 4302
715 4195
716 4285
717 4166
718 4212
719 4241
720 4276
721 4318
722 4119
723 4230
724 4145
725 4166
726 4117
727 3885
728 4004
729 4128
730 3985
731 3934
732 3964
733 4046
734 4106
735 4018
736 3967
737 3949
738 3957
739 3901
740 4025
741 3944
742 3926
743 3930
744 4050
745 3930
746 3944
747 3791
748 3821
749 3880
750 3785
751 3905
752 3704
753 3743
754 3777
755 3766
756 3684
757 3858
758 3742
759 3752
760 3676
761 3632
762 3759
763 3696
764 3738
765 3709
766 3624
767 3621
768 3717
769 3656
770 3750
771 3655
772 3714
773 3685
774 3724
775 3685
776 3669
777 3594
778 3504
779 3636
780 3589
781 3419
782 3675
783 3518
784 3574
785 3603
786 3606
787 3606
788 3530
789 3442
790 3561
791 3398
792 3474
793 3452
794 3423
795 3429
796 3430
797 3419
798 3352
799 3428
800 3339
801 3449
802 3410
803 3392
804 3442
805 3418
806 3446
807 3259
808 3340
809 3361
810 3290
811 3295
812 3267
813 3312
814 3323
815 3285
816 3338
817 3165
818 3229
819 3374
820 3221
821 3245
822 3202
823 3236
824 3069
825 3328
826 3144
827 3167
828 3156
829 3168
830 3061
831 3145
832 3205
833 3283
834 3190
835 3209
836 3133
837 3062
838 3158
839 3180
840 3095
841 3214
842 3241
843 3117
844 3116
845 3124
846 3099
847 3137
848 3132
849 3050
850 3061
851 3006
852 2970
853 2963
854 2919
855 2928
856 2902
857 2875
858 2935
859 2973
860 2983
861 2910
862 2916
863 3003
864 3026
865 2939
866 2931
867 2827
868 2866
869 2859
870 2898
871 2875
872 2878
873 2880
874 2865
875 2792
876 2896
877 2927
878 2882
879 2894
880 2816
881 2773
882 2853
883 2689
884 2719
885 2824
886 2876
887 2881
888 2754
889 2763
890 2765
891 2782
892 2770
893 2793
894 2827
895 2734
896 2814
897 2738
898 2775
899 2706
900 2725
901 2700
902 2792
903 2749
904 2750
905 2671
906 2623
907 2659
908 2728
909 2654
910 2624
911 2683
912 2753
913 2730
914 2669
915 2637
916 2696
917 2712
918 2663
919 2705
920 2678
921 2635
922 2581
923 2589
924 2589
925 2590
926 2654
927 2640
928 2632
929 2495
930 2624
931 2561
932 2601
933 2574
934 2617
935 2522
936 2559
937 2633
938 2543
939 2616
940 2643
941 2613
942 2589
943 2570
944 2646
945 2599
946 2598
947 2535
948 2656
949 2609
950 2647
951 2567
952 2566
953 2585
954 2561
955 2579
956 2643
957 2587
958 2530
959 2530
960 2538
961 2544
962 2563
963 2614
964 2558
965 2622
966 2483
967 2625
968 2628
969 2676
970 2518
971 2593
972 2573
973 2500
974 2588
975 2683
976 2540
977 2580
978 2605
979 2546
980 2580
981 2495
982 2543
983 2653
984 2590
985 2479
986 2463
987 2447
988 2646
989 2551
990 2571
991 2510
992 2549
993 2584
994 2464
995 2509
996 2556
997 2497
998 2615
999 2523
1000 2572
1001 2604
1002 2478
1003 2563
1004 2548
1005 2564
1006 2676
1007 2599
1008 2568
1009 2651
1010 2566
1011 2607
1012 2632
1013 2687
1014 2481
1015 2559
1016 2605
1017 2630
1018 2641
1019 2559
1020 2523
1021 2617
1022 2545
1023 2588
1024 2527
1025 2589
1026 2628
1027 2594
1028 2575
1029 2534
1030 2608
1031 2746
1032 2724
1033 2741
1034 2575
1035 2662
1036 2718
1037 2717
1038 2704
1039 2718
1040 2808
1041 2761
1042 2753
1043 2795
1044 2794
1045 2743
1046 2886
1047 2872
1048 2842
1049 2770
1050 2669
1051 2765
1052 2799
1053 2803
1054 2792
1055 2772
1056 2767
1057 2822
1058 2676
1059 2793
1060 2812
1061 2765
1062 2768
1063 2781
1064 2784
1065 2807
1066 2871
1067 2859
1068 2801
1069 2879
1070 2819
1071 2845
1072 2856
1073 2959
1074 2854
1075 2864
1076 2820
1077 2892
1078 2850
1079 2898
1080 2956
1081 2828
1082 2905
1083 2929
1084 2904
1085 2894
1086 2877
1087 2851
1088 2903
1089 3028
1090 2989
1091 2920
1092 2912
1093 3002
1094 2946
1095 2856
1096 2963
1097 3077
1098 2947
1099 2960
1100 2946
1101 2908
1102 2958
1103 2947
1104 3000
1105 2977
1106 3096
1107 3036
1108 2970
1109 3087
1110 3031
1111 3002
1112 3074
1113 3003
1114 2993
1115 2952
1116 2995
1117 2974
1118 2948
1119 3025
1120 3052
1121 3062
1122 3005
1123 3178
1124 3066
1125 2951
1126 2979
1127 2962
1128 3018
1129 3063
1130 2935
1131 2934
1132 3000
1133 2940
1134 2950
1135 3030
1136 3004
1137 2984
1138 2921
1139 3013
1140 2956
1141 3058
1142 2955
1143 2973
1144 2876
1145 2868
1146 2879
1147 2995
1148 2939
1149 2923
1150 2850
1151 2895
1152 2958
1153 2931
1154 2815
1155 2928
1156 2869
1157 2891
1158 2975
1159 2880
1160 2899
1161 2837
1162 2851
1163 2922
1164 2775
1165 2918
1166 2835
1167 2892
1168 2793
1169 2816
1170 2807
1171 2780
1172 2829
1173 2803
1174 2834
1175 2766
1176 2782
1177 2743
1178 2822
1179 2815
1180 2765
1181 2761
1182 2664
1183 2806
1184 2660
1185 2709
1186 2720
1187 2694
1188 2739
1189 2690
1190 2625
1191 2793
1192 2729
1193 2697
1194 2602
1195 2673
1196 2671
1197 2585
1198 2604
1199 2622
1200 2648
1201 2578
1202 2581
1203 2640
1204 2688
1205 2701
1206 2645
1207 2707
1208 2667
1209 2598
1210 2700
1211 2635
1212 2656
1213 2620
1214 2546
1215 2523
1216 2612
1217 2569
1218 2596
1219 2470
1220 2595
1221 2496
1222 2578
1223 2534
1224 2519
1225 2535
1226 2493
1227 2477
1228 2589
1229 2528
1230 2421
1231 2498
1232 2450
1233 2553
1234 2388
1235 2536
1236 2519
1237 2464
1238 2472
1239 2365
1240 2393
1241 2371
1242 2310
1243 2381
1244 2356
1245 2342
1246 2290
1247 2288
1248 2302
1249 2368
1250 2227
1251 2300
1252 2236
1253 2318
1254 2234
1255 2308
1256 2246
1257 2118
1258 2134
1259 2086
1260 2080
1261 2157
1262 2130
1263 2187
1264 2137
1265 2127
1266 2145
1267 2146
1268 2091
1269 2131
1270 2145
1271 2055
1272 1985
1273 2074
1274 2104
1275 2038
1276 2028
1277 2063
1278 1983
1279 2063
1280 2038
1281 1930
1282 1932
1283 1998
1284 2054
1285 1962
1286 2009
1287 1923
1288 1955
1289 1973
1290 1992
1291 1867
1292 1922
1293 1868
1294 1940
1295 1936
1296 1910
1297 1942
1298 1925
1299 1868
1300 1863
1301 1824
1302 1817
1303 1821
1304 1808
1305 1830
1306 1765
1307 1903
1308 1846
1309 1868
1310 1834
1311 1859
1312 1795
1313 1832
1314 1915
1315 1795
1316 1894
1317 1836
1318 1789
1319 1822
1320 1843
1321 1762
1322 1844
1323 1821
1324 1794
1325 1706
1326 1855
1327 1790
1328 1872
1329 1835
1330 1777
1331 1714
1332 1745
1333 1756
1334 1847
1335 1784
1336 1703
1337 1722
1338 1802
1339 1715
1340 1702
1341 1738
1342 1679
1343 1752
1344 1691
1345 1717
1346 1637
1347 1642
1348 1710
1349 1639
1350 1683
1351 1669
1352 1687
1353 1697
1354 1667
1355 1697
1356 1657
1357 1644
1358 1695
1359 1598
1360 1692
1361 1623
1362 1568
1363 1533
1364 1621
1365 1637
1366 1607
1367 1667
1368 1635
1369 1622
1370 1629
1371 1618
1372 1557
1373 1526
1374 1560
1375 1582
1376 1609
1377 1547
1378 1512
1379 1526
1380 1570
1381 1499
1382 1512
1383 1502
1384 1480
1385 1501
1386 1522
1387 1494
1388 1485
1389 1447
1390 1547
1391 1568
1392 1523
1393 1531
1394 1541
1395 1481
1396 1568
1397 1481
1398 1537
1399 1519
1400 1410
1401 1439
1402 1423
1403 1427
1404 1446
1405 1485
1406 1484
1407 1395
1408 1467
1409 1441
1410 1479
1411 1486
1412 1392
1413 1469
1414 1397
1415 1428
1416 1383
1417 1407
1418 1398
1419 1400
1420 1520
1421 1386
1422 1367
1423 1400
1424 1448
1425 1401
1426 1406
1427 1408
1428 1406
1429 1372
1430 1431
1431 1363
1432 1395
1433 1438
1434 1372
1435 1372
1436 1366
1437 1387
1438 1364
1439 1350
1440 1349
1441 1400
1442 1352
1443 1317
1444 1378
1445 1337
1446 1286
1447 1388
1448 1390
1449 1312
1450 1281
1451 1279
1452 1284
1453 1314
1454 1294
1455 1328
1456 1300
1457 1304
1458 1287
1459 1294
1460 1219
1461 1253
1462 1322
1463 1289
1464 1234
1465 1281
1466 1180
1467 1288
1468 1241
1469 1211
1470 1285
1471 1304
1472 1232
1473 1266
1474 1247
1475 1223
1476 1188
1477 1192
1478 1206
1479 1230
1480 1220
1481 1154
1482 1124
1483 1152
1484 1109
1485 1169
1486 1126
1487 1160
1488 1126
1489 1173
1490 1173
1491 1168
1492 1161
1493 1164
1494 1175
1495 1117
1496 1199
1497 1158
1498 1144
1499 1123
1500 1174
1501 1150
1502 1121
1503 1118
1504 1098
1505 1056
1506 1137
1507 1085
1508 1085
1509 1115
1510 1049
1511 1111
1512 1098
1513 1083
1514 1061
1515 1031
1516 1003
1517 1047
1518 1085
1519 1073
1520 1072
1521 1042
1522 1069
1523 988
1524 1034
1525 1046
1526 1055
1527 1019
1528 1032
1529 1043
1530 1021
1531 1064
1532 970
1533 986
1534 1006
1535 1020
1536 1058
1537 999
1538 976
1539 1019
1540 1036
1541 970
1542 974
1543 987
1544 1072
1545 934
1546 1001
1547 988
1548 921
1549 1025
1550 978
1551 926
1552 862
1553 892
1554 941
1555 921
1556 958
1557 932
1558 942
1559 923
1560 925
1561 873
1562 897
1563 878
1564 932
1565 931
1566 945
1567 883
1568 916
1569 888
1570 901
1571 933
1572 921
1573 956
1574 879
1575 894
1576 866
1577 903
1578 946
1579 844
1580 904
1581 910
1582 870
1583 883
1584 896
1585 851
1586 849
1587 845
1588 923
1589 883
1590 881
1591 845
1592 864
1593 860
1594 874
1595 895
1596 902
1597 826
1598 895
1599 831
1600 874
1601 845
1602 846
1603 851
1604 824
1605 854
1606 847
1607 818
1608 861
1609 807
1610 832
1611 807
1612 824
1613 808
1614 885
1615 825
1616 909
1617 829
1618 840
1619 877
1620 869
1621 911
1622 827
1623 892
1624 803
1625 805
1626 868
1627 845
1628 800
1629 774
1630 780
1631 873
1632 782
1633 859
1634 822
1635 808
1636 802
1637 852
1638 838
1639 775
1640 769
1641 773
1642 836
1643 855
1644 787
1645 791
1646 857
1647 825
1648 799
1649 792
1650 810
1651 773
1652 839
1653 814
1654 795
1655 759
1656 851
1657 807
1658 804
1659 788
1660 810
1661 750
1662 786
1663 768
1664 803
1665 801
1666 824
1667 763
1668 763
1669 766
1670 734
1671 755
1672 757
1673 729
1674 747
1675 778
1676 782
1677 785
1678 824
1679 809
1680 821
1681 807
1682 812
1683 782
1684 821
1685 769
1686 763
1687 803
1688 735
1689 817
1690 812
1691 769
1692 792
1693 744
1694 816
1695 819
1696 769
1697 801
1698 764
1699 811
1700 822
1701 768
1702 776
1703 837
1704 761
1705 779
1706 735
1707 811
1708 808
1709 747
1710 792
1711 743
1712 752
1713 774
1714 835
1715 769
1716 770
1717 702
1718 771
1719 725
1720 779
1721 792
1722 749
1723 758
1724 755
1725 706
1726 769
1727 793
1728 797
1729 774
1730 753
1731 750
1732 792
1733 786
1734 786
1735 743
1736 754
1737 766
1738 740
1739 749
1740 736
1741 773
1742 741
1743 729
1744 710
1745 733
1746 751
1747 748
1748 717
1749 801
1750 757
1751 715
1752 694
1753 712
1754 696
1755 748
1756 697
1757 690
1758 735
1759 733
1760 679
1761 730
1762 710
1763 685
1764 705
1765 752
1766 700
1767 706
1768 718
1769 721
1770 706
1771 697
1772 724
1773 748
1774 742
1775 743
1776 663
1777 729
1778 750
1779 669
1780 710
1781 668
1782 734
1783 685
1784 741
1785 713
1786 739
1787 710
1788 693
1789 675
1790 672
1791 730
1792 697
1793 725
1794 742
1795 666
1796 688
1797 686
1798 724
1799 668
1800 736
1801 712
1802 703
1803 704
1804 692
1805 678
1806 621
1807 650
1808 676
1809 683
1810 665
1811 687
1812 660
1813 706
1814 692
1815 689
1816 648
1817 674
1818 687
1819 652
1820 671
1821 671
1822 636
1823 699
1824 642
1825 653
1826 687
1827 658
1828 652
1829 657
1830 699
1831 634
1832 641
1833 672
1834 674
1835 696
1836 700
1837 693
1838 610
1839 697
1840 685
1841 650
1842 689
1843 624
1844 706
1845 704
1846 626
1847 653
1848 666
1849 664
1850 664
1851 688
1852 686
1853 640
1854 687
1855 648
1856 644
1857 644
1858 642
1859 665
1860 650
1861 647
1862 668
1863 654
1864 671
1865 643
1866 640
1867 565
1868 667
1869 611
1870 687
1871 681
1872 647
1873 619
1874 654
1875 629
1876 646
1877 659
1878 687
1879 619
1880 636
1881 655
1882 674
1883 598
1884 649
1885 623
1886 611
1887 638
1888 641
1889 594
1890 610
1891 689
1892 587
1893 639
1894 651
1895 651
1896 631
1897 643
1898 613
1899 629
1900 636
1901 618
1902 643
1903 653
1904 601
1905 652
1906 593
1907 642
1908 616
1909 635
1910 642
1911 642
1912 647
1913 646
1914 653
1915 572
1916 615
1917 637
1918 618
1919 648
1920 621
1921 638
1922 556
1923 603
1924 580
1925 555
1926 621
1927 571
1928 594
1929 650
1930 632
1931 559
1932 624
1933 565
1934 607
1935 618
1936 565
1937 608
1938 643
1939 622
1940 622
1941 597
1942 607
1943 604
1944 617
1945 589
1946 707
1947 600
1948 598
1949 564
1950 574
1951 606
1952 564
1953 629
1954 580
1955 586
1956 637
1957 585
1958 612
1959 566
1960 589
1961 621
1962 603
1963 610
1964 608
1965 595
1966 593
1967 595
1968 657
1969 622
1970 628
1971 588
1972 573
1973 596
1974 617
1975 603
1976 611
1977 559
1978 609
1979 618
1980 595
1981 565
1982 632
1983 553
1984 563
1985 592
1986 589
1987 610
1988 555
1989 629
1990 587
1991 594
1992 574
1993 598
1994 574
1995 559
1996 560
1997 528
1998 590
1999 583
2000 588
2001 591
2002 611
2003 548
2004 535
2005 564
2006 574
2007 594
2008 557
2009 530
2010 511
2011 560
2012 564
2013 576
2014 622
2015 570
2016 603
2017 566
2018 562
2019 580
2020 570
2021 554
2022 542
2023 530
2024 535
2025 553
2026 570
2027 612
2028 563
2029 594
2030 557
2031 578
2032 584
2033 529
2034 569
2035 544
2036 571
2037 551
2038 547
2039 563
2040 573
2041 538
2042 571
2043 576
2044 526
2045 563
2046 554
2047 532
2048 528
2049 487
2050 539
2051 545
2052 550
2053 554
2054 543
2055 547
2056 528
2057 536
2058 559
2059 531
2060 544
2061 556
2062 557
2063 536
2064 538
2065 542
2066 558
2067 548
2068 555
2069 544
2070 545
2071 497
2072 538
2073 549
2074 520
2075 539
2076 579
2077 519
2078 577
2079 572
2080 569
2081 521
2082 503
2083 532
2084 527
2085 521
2086 541
2087 596
2088 528
2089 535
2090 563
2091 534
2092 463
2093 512
2094 573
2095 566
2096 529
2097 515
2098 514
2099 528
2100 505
2101 512
2102 569
2103 540
2104 534
2105 538
2106 502
2107 509
2108 511
2109 525
2110 514
2111 470
2112 525
2113 519
2114 530
2115 535
2116 556
2117 534
2118 500
2119 517
2120 534
2121 569
2122 514
2123 543
2124 541
2125 507
2126 504
2127 511
2128 563
2129 525
2130 518
2131 522
2132 503
2133 514
2134 527
2135 498
2136 534
2137 564
2138 529
2139 547
2140 525
2141 523
2142 555
2143 502
2144 510
2145 496
2146 504
2147 516
2148 516
2149 538
2150 516
2151 492
2152 507
2153 528
2154 513
2155 481
2156 526
2157 532
2158 515
2159 491
2160 521
2161 525
2162 526
2163 460
2164 480
2165 481
2166 510
2167 509
2168 459
2169 512
2170 507
2171 510
2172 522
2173 518
2174 500
2175 502
2176 501
2177 503
2178 491
2179 498
2180 477
2181 541
2182 515
2183 488
2184 542
2185 501
2186 473
2187 543
2188 493
2189 497
2190 479
2191 491
2192 479
2193 503
2194 525
2195 536
2196 520
2197 521
2198 498
2199 523
2200 529
2201 434
2202 510
2203 525
2204 490
2205 466
2206 509
2207 476
2208 529
2209 518
2210 513
2211 517
2212 508
2213 479
2214 509
2215 498
2216 493
2217 476
2218 483
2219 488
2220 533
2221 476
2222 456
2223 443
2224 512
2225 506
2226 505
2227 448
2228 483
2229 487
2230 473
2231 499
2232 446
2233 490
2234 447
2235 477
2236 464
2237 495
2238 478
2239 497
2240 476
2241 420
2242 477
2243 468
2244 471
2245 472
2246 479
2247 484
2248 484
2249 485
2250 458
2251 443
2252 473
2253 449
2254 475
2255 497
2256 463
2257 491
2258 449
2259 482
2260 509
2261 481
2262 457
2263 512
2264 452
2265 452
2266 464
2267 486
2268 501
2269 487
2270 513
2271 466
2272 477
2273 452
2274 489
2275 456
2276 489
2277 492
2278 468
2279 457
2280 462
2281 502
2282 440
2283 481
2284 423
2285 442
2286 454
2287 449
2288 456
2289 471
2290 477
2291 450
2292 447
2293 449
2294 468
2295 504
2296 519
2297 517
2298 451
2299 470
2300 510
2301 467
2302 471
2303 534
2304 456
2305 502
2306 484
2307 505
2308 458
2309 466
2310 440
2311 496
2312 451
2313 484
2314 483
2315 495
2316 491
2317 487
2318 472
2319 470
2320 484
2321 457
2322 469
2323 485
2324 474
2325 461
2326 459
2327 488
2328 467
2329 473
2330 466
2331 457
2332 460
2333 468
2334 449
2335 472
2336 480
2337 475
2338 445
2339 427
2340 463
2341 467
2342 454
2343 440
2344 467
2345 464
2346 451
2347 473
2348 456
2349 444
2350 441
2351 422
2352 462
2353 429
2354 432
2355 438
2356 477
2357 443
2358 463
2359 456
2360 435
2361 436
2362 436
2363 448
2364 474
2365 401
2366 421
2367 409
2368 447
2369 447
2370 449
2371 458
2372 436
2373 421
2374 423
2375 432
2376 442
2377 457
2378 433
2379 388
2380 448
2381 452
2382 458
2383 420
2384 393
2385 446
2386 421
2387 449
2388 435
2389 415
2390 424
2391 414
2392 419
2393 434
2394 444
2395 408
2396 452
2397 444
2398 430
2399 383
2400 447
2401 478
2402 425
2403 399
2404 404
2405 417
2406 412
2407 404
2408 432
2409 437
2410 404
2411 414
2412 387
2413 409
2414 428
2415 420
2416 402
2417 392
2418 420
2419 424
2420 423
2421 408
2422 423
2423 409
2424 416
2425 381
2426 411
2427 376
2428 381
2429 382
2430 415
2431 429
2432 404
2433 397
2434 417
2435 413
2436 403
2437 411
2438 413
2439 413
2440 419
2441 425
2442 409
2443 380
2444 380
2445 389
2446 417
2447 376
2448 397
2449 383
2450 385
2451 381
2452 409
2453 392
2454 418
2455 419
2456 397
2457 431
2458 377
2459 379
2460 393
2461 419
2462 408
2463 402
2464 385
2465 405
2466 419
2467 391
2468 406
2469 442
2470 421
2471 409
2472 379
2473 393
2474 382
2475 386
2476 380
2477 404
2478 421
2479 386
2480 397
2481 401
2482 374
2483 392
2484 415
2485 381
2486 367
2487 397
2488 414
2489 415
2490 354
2491 367
2492 379
2493 395
2494 406
2495 378
2496 377
2497 379
2498 398
2499 373
2500 382
2501 372
2502 442
2503 368
2504 351
2505 411
2506 408
2507 383
2508 392
2509 398
2510 370
2511 384
2512 411
2513 381
2514 379
2515 343
2516 379
2517 373
2518 424
2519 374
2520 409
2521 415
2522 394
2523 416
2524 376
2525 371
2526 406
2527 404
2528 363
2529 359
2530 377
2531 337
2532 362
2533 374
2534 388
2535 389
2536 395
2537 403
2538 403
2539 385
2540 393
2541 384
2542 380
2543 398
2544 393
2545 390
2546 374
2547 359
2548 370
2549 388
2550 409
2551 373
2552 368
2553 378
2554 362
2555 391
2556 361
2557 363
2558 365
2559 384
2560 361
2561 386
2562 347
2563 330
2564 343
2565 394
2566 400
2567 358
2568 344
2569 346
2570 332
2571 354
2572 352
2573 356
2574 359
2575 391
2576 342
2577 329
2578 357
2579 317
2580 398
2581 369
2582 361
2583 363
2584 367
2585 372
2586 342
2587 380
2588 358
2589 366
2590 342
2591 375
2592 361
2593 384
2594 340
2595 336
2596 377
2597 352
2598 349
2599 335
2600 338
2601 342
2602 345
2603 348
2604 347
2605 367
2606 330
2607 367
2608 374
2609 335
2610 372
2611 359
2612 355
2613 342
2614 386
2615 345
2616 365
2617 351
2618 319
2619 392
2620 353
2621 386
2622 359
2623 331
2624 300
2625 342
2626 359
2627 348
2628 348
2629 349
2630 345
2631 323
2632 321
2633 344
2634 330
2635 365
2636 389
2637 322
2638 329
2639 344
2640 316
2641 375
2642 343
2643 356
2644 344
2645 310
2646 350
2647 329
2648 327
2649 326
2650 364
2651 304
2652 351
2653 345
2654 300
2655 316
2656 334
2657 337
2658 345
2659 325
2660 324
2661 306
2662 336
2663 334
2664 333
2665 337
2666 332
2667 326
2668 334
2669 323
2670 326
2671 305
2672 369
2673 323
2674 344
2675 350
2676 345
2677 310
2678 313
2679 313
2680 341
2681 308
2682 329
2683 323
2684 313
2685 330
2686 373
2687 351
2688 334
2689 363
2690 351
2691 315
2692 324
2693 325
2694 347
2695 325
2696 340
2697 322
2698 333
2699 325
2700 326
2701 360
2702 282
2703 310
2704 326
2705 316
2706 299
2707 342
2708 287
2709 342
2710 330
2711 319
2712 331
2713 328
2714 334
2715 347
2716 297
2717 330
2718 326
2719 348
2720 335
2721 360
2722 345
2723 318
2724 355
2725 325
2726 345
2727 324
2728 314
2729 325
2730 369
2731 312
2732 326
2733 303
2734 284
2735 340
2736 335
2737 346
2738 332
2739 296
2740 313
2741 322
2742 323
2743 311
2744 308
2745 351
2746 303
2747 345
2748 327
2749 310
2750 349
2751 349
2752 318
2753 342
2754 296
2755 324
2756 329
2757 310
2758 302
2759 341
2760 321
2761 331
2762 333
2763 326
2764 308
2765 288
2766 298
2767 332
2768 348
2769 320
2770 300
2771 334
2772 308
2773 309
2774 291
2775 300
2776 335
2777 324
2778 333
2779 297
2780 300
2781 296
2782 307
2783 304
2784 295
2785 316
2786 298
2787 296
2788 259
2789 318
2790 271
2791 313
2792 282
2793 283
2794 281
2795 278
2796 279
2797 291
2798 315
2799 295
2800 307
2801 310
2802 296
2803 298
2804 292
2805 285
2806 300
2807 317
2808 291
2809 292
2810 334
2811 276
2812 322
2813 288
2814 328
2815 311
2816 297
2817 304
2818 284
2819 300
2820 275
2821 309
2822 326
2823 300
2824 277
2825 285
2826 284
2827 336
2828 286
2829 295
2830 294
2831 313
2832 318
2833 294
2834 274
2835 309
2836 268
2837 279
2838 320
2839 296
2840 278
2841 323
2842 299
2843 309
2844 308
2845 285
2846 311
2847 294
2848 274
2849 278
2850 285
2851 279
2852 257
2853 281
2854 265
2855 286
2856 284
2857 309
2858 318
2859 295
2860 291
2861 300
2862 272
2863 250
2864 289
2865 280
2866 289
2867 305
2868 278
2869 276
2870 277
2871 299
2872 312
2873 309
2874 288
2875 281
2876 311
2877 295
2878 317
2879 270
2880 274
2881 291
2882 260
2883 293
2884 291
2885 284
2886 309
2887 287
2888 299
2889 310
2890 292
2891 280
2892 265
2893 261
2894 270
2895 299
2896 272
2897 288
2898 285
2899 289
2900 251
2901 283
2902 275
2903 286
2904 294
2905 275
2906 269
2907 294
2908 276
2909 289
2910 277
2911 279
2912 298
2913 310
2914 265
2915 295
2916 283
2917 329
2918 315
2919 285
2920 314
2921 274
2922 272
2923 280
2924 285
2925 295
2926 294
2927 299
2928 269
2929 262
2930 253
2931 302
2932 280
2933 296
2934 288
2935 265
2936 283
2937 249
2938 299
2939 302
2940 258
2941 259
2942 257
2943 262
2944 259
2945 301
2946 253
2947 257
2948 262
2949 280
2950 270
2951 272
2952 312
2953 243
2954 273
2955 266
2956 287
2957 257
2958 288
2959 269
2960 302
2961 274
2962 279
2963 267
2964 302
2965 302
2966 268
2967 283
2968 299
2969 303
2970 284
2971 261
2972 258
2973 289
2974 285
2975 273
2976 273
2977 287
2978 255
2979 278
2980 264
2981 264
2982 225
2983 275
2984 242
2985 262
2986 259
2987 279
2988 250
2989 292
2990 301
2991 280
2992 256
2993 277
2994 288
2995 270
2996 265
2997 273
2998 267
2999 253
3000 247
3001 256
3002 279
3003 253
3004 258
3005 268
3006 251
3007 260
3008 292
3009 255
3010 256
3011 261
3012 275
3013 292
3014 269
3015 271
3016 289
3017 278
3018 256
3019 261
3020 261
3021 264
3022 292
3023 245
3024 248
3025 257
3026 253
3027 257
3028 264
3029 271
3030 259
3031 256
3032 248
3033 272
3034 240
3035 280
3036 278
3037 274
3038 268
3039 261
3040 265
3041 239
3042 271
3043 274
3044 236
3045 290
3046 267
3047 268
3048 263
3049 250
3050 246
3051 285
3052 266
3053 271
3054 224
3055 266
3056 249
3057 245
3058 282
3059 290
3060 270
3061 274
3062 251
3063 258
3064 252
3065 272
3066 259
3067 238
3068 255
3069 250
3070 240
3071 278
3072 275
3073 243
3074 247
3075 259
3076 257
3077 251
3078 243
3079 273
3080 243
3081 252
3082 266
3083 246
3084 273
3085 274
3086 213
3087 227
3088 247
3089 237
3090 239
3091 275
3092 253
3093 233
3094 261
3095 274
3096 248
3097 231
3098 239
3099 264
3100 248
3101 254
3102 233
3103 239
3104 260
3105 256
3106 242
3107 229
3108 261
3109 244
3110 235
3111 257
3112 238
3113 241
3114 266
3115 217
3116 253
3117 225
3118 240
3119 246
3120 266
3121 229
3122 248
3123 238
3124 250
3125 252
3126 228
3127 249
3128 225
3129 248
3130 251
3131 234
3132 254
3133 270
3134 240
3135 242
3136 217
3137 253
3138 242
3139 235
3140 268
3141 252
3142 247
3143 241
3144 255
3145 262
3146 219
3147 232
3148 238
3149 228
3150 251
3151 257
3152 228
3153 232
3154 238
3155 230
3156 251
3157 234
3158 251
3159 235
3160 262
3161 222
3162 225
3163 251
3164 199
3165 252
3166 239
3167 245
3168 253
3169 233
3170 247
3171 237
3172 213
3173 224
3174 235
3175 220
3176 221
3177 223
3178 229
3179 199
3180 260
3181 217
3182 211
3183 241
3184 259
3185 226
3186 233
3187 222
3188 238
3189 233
3190 208
3191 245
3192 204
3193 238
3194 227
3195 233
3196 257
3197 230
3198 257
3199 240
3200 266
3201 239
3202 231
3203 224
3204 219
3205 203
3206 242
3207 244
3208 236
3209 237
3210 236
3211 246
3212 232
3213 231
3214 234
3215 214
3216 213
3217 213
3218 263
3219 214
3220 232
3221 227
3222 265
3223 245
3224 227
3225 225
3226 225
3227 225
3228 208
3229 224
3230 245
3231 248
3232 236
3233 234
3234 244
3235 242
3236 237
3237 223
3238 232
3239 250
3240 222
3241 227
3242 232
3243 203
3244 225
3245 252
3246 242
3247 217
3248 220
3249 222
3250 236
3251 237
3252 224
3253 190
3254 196
3255 244
3256 282
3257 233
3258 218
3259 211
3260 232
3261 216
3262 207
3263 237
3264 234
3265 220
3266 223
3267 249
3268 245
3269 216
3270 232
3271 204
3272 224
3273 199
3274 232
3275 225
3276 226
3277 228
3278 214
3279 214
3280 240
3281 233
3282 202
3283 209
3284 233
3285 241
3286 218
3287 203
3288 224
3289 243
3290 240
3291 243
3292 223
3293 230
3294 233
3295 216
3296 210
3297 216
3298 237
3299 232
3300 240
3301 204
3302 253
3303 227
3304 226
3305 227
3306 203
3307 218
3308 234
3309 220
3310 230
3311 250
3312 219
3313 192
3314 214
3315 222
3316 218
3317 239
3318 224
3319 221
3320 244
3321 213
3322 195
3323 203
3324 213
3325 190
3326 219
3327 223
3328 230
3329 223
3330 202
3331 221
3332 222
3333 220
3334 201
3335 202
3336 220
3337 209
3338 222
3339 205
3340 200
3341 174
3342 245
3343 210
3344 220
3345 210
3346 213
3347 198
3348 206
3349 192
3350 202
3351 214
3352 224
3353 211
3354 181
3355 184
3356 189
3357 202
3358 237
3359 191
3360 217
3361 187
3362 251
3363 207
3364 213
3365 204
3366 205
3367 217
3368 188
3369 202
3370 204
3371 195
3372 199
3373 188
3374 190
3375 191
3376 187
3377 196
3378 197
3379 192
3380 200
3381 211
3382 173
3383 223
3384 198
3385 208
3386 159
3387 201
3388 205
3389 192
3390 207
3391 171
3392 177
3393 217
3394 194
3395 195
3396 213
3397 223
3398 207
3399 191
3400 188
3401 191
3402 200
3403 208
3404 183
3405 203
3406 203
3407 193
3408 179
3409 201
3410 199
3411 232
3412 196
3413 207
3414 206
3415 201
3416 236
3417 200
3418 222
3419 221
3420 210
3421 183
3422 226
3423 199
3424 209
3425 180
3426 189
3427 202
3428 208
3429 193
3430 210
3431 202
3432 215
3433 217
3434 213
3435 223
3436 210
3437 217
3438 203
3439 197
3440 186
3441 179
3442 166
3443 189
3444 189
3445 206
3446 195
3447 222
3448 190
3449 194
3450 173
3451 180
3452 173
3453 203
3454 222
3455 180
3456 187
3457 198
3458 205
3459 217
3460 195
3461 186
3462 196
3463 203
3464 181
3465 220
3466 186
3467 227
3468 168
3469 213
3470 200
3471 207
3472 163
3473 175
3474 189
3475 204
3476 182
3477 204
3478 195
3479 191
3480 199
3481 214
3482 205
3483 183
3484 174
3485 211
3486 199
3487 204
3488 192
3489 197
3490 182
3491 166
3492 176
3493 206
3494 199
3495 210
3496 193
3497 196
3498 196
3499 192
3500 183
3501 210
3502 224
3503 202
3504 200
3505 221
3506 190
3507 154
3508 190
3509 160
3510 183
3511 206
3512 201
3513 198
3514 193
3515 176
3516 170
3517 165
3518 198
3519 194
3520 192
3521 197
3522 205
3523 184
3524 187
3525 191
3526 184
3527 205
3528 179
3529 187
3530 175
3531 205
3532 197
3533 187
3534 197
3535 201
3536 172
3537 197
3538 181
3539 183
3540 215
3541 222
3542 173
3543 198
3544 192
3545 201
3546 188
3547 187
3548 198
3549 185
3550 177
3551 193
3552 181
3553 185
3554 169
3555 199
3556 182
3557 183
3558 176
3559 182
3560 176
3561 190
3562 196
3563 193
3564 192
3565 174
3566 168
3567 164
3568 174
3569 181
3570 214
3571 173
3572 175
3573 181
3574 166
3575 179
3576 187
3577 173
3578 197
3579 178
3580 194
3581 181
3582 193
3583 189
3584 178
3585 185
3586 200
3587 178
3588 168
3589 185
3590 185
3591 213
3592 175
3593 192
3594 180
3595 191
3596 203
3597 200
3598 201
3599 187
3600 167
3601 186
3602 181
3603 180
3604 165
3605 175
3606 174
3607 185
3608 166
3609 189
3610 176
3611 170
3612 181
3613 170
3614 183
3615 171
3616 158
3617 162
3618 186
3619 177
3620 198
3621 185
3622 161
3623 171
3624 164
3625 183
3626 164
3627 167
3628 170
3629 177
3630 178
3631 166
3632 179
3633 162
3634 200
3635 157
3636 172
3637 168
3638 174
3639 177
3640 160
3641 168
3642 195
3643 172
3644 166
3645 169
3646 144
3647 180
3648 153
3649 175
3650 168
3651 163
3652 181
3653 180
3654 183
3655 160
3656 158
3657 167
3658 194
3659 171
3660 170
3661 180
3662 167
3663 185
3664 185
3665 177
3666 182
3667 187
3668 190
3669 174
3670 148
3671 175
3672 192
3673 167
3674 154
3675 186
3676 164
3677 175
3678 164
3679 186
3680 166
3681 167
3682 157
3683 164
3684 147
3685 182
3686 181
3687 195
3688 167
3689 171
3690 166
3691 183
3692 176
3693 174
3694 159
3695 156
3696 180
3697 161
3698 174
3699 177
3700 203
3701 173
3702 154
3703 159
3704 187
3705 176
3706 189
3707 170
3708 165
3709 175
3710 164
3711 179
3712 205
3713 173
3714 158
3715 186
3716 180
3717 209
3718 174
3719 156
3720 174
3721 149
3722 173
3723 199
3724 150
3725 170
3726 172
3727 185
3728 173
3729 181
3730 196
3731 178
3732 182
3733 163
3734 175
3735 163
3736 190
3737 165
3738 172
3739 188
3740 174
3741 178
3742 177
3743 163
3744 163
3745 165
3746 185
3747 156
3748 179
3749 181
3750 182
3751 195
3752 172
3753 168
3754 146
3755 197
3756 187
3757 158
3758 163
3759 186
3760 180
3761 174
3762 154
3763 151
3764 160
3765 175
3766 169
3767 171
3768 154
3769 142
3770 137
3771 170
3772 165
3773 155
3774 179
3775 181
3776 174
3777 168
3778 166
3779 171
3780 151
3781 171
3782 173
3783 163
3784 184
3785 173
3786 171
3787 162
3788 179
3789 169
3790 168
3791 156
3792 145
3793 162
3794 173
3795 166
3796 166
3797 146
3798 128
3799 166
3800 167
3801 166
3802 180
3803 171
3804 169
3805 173
3806 167
3807 159
3808 177
3809 148
3810 171
3811 163
3812 160
3813 145
3814 171
3815 143
3816 167
3817 179
3818 160
3819 153
3820 171
3821 178
3822 161
3823 158
3824 183
3825 159
3826 167
3827 165
3828 164
3829 165
3830 170
3831 164
3832 165
3833 185
3834 152
3835 154
3836 185
3837 166
3838 172
3839 155
3840 180
3841 146
3842 178
3843 187
3844 161
3845 172
3846 162
3847 191
3848 160
3849 153
3850 167
3851 179
3852 179
3853 168
3854 149
3855 163
3856 189
3857 176
3858 178
3859 166
3860 156
3861 165
3862 166
3863 158
3864 177
3865 180
3866 181
3867 147
3868 160
3869 180
3870 148
3871 166
3872 156
3873 165
3874 169
3875 172
3876 188
3877 174
3878 150
3879 176
3880 163
3881 166
3882 146
3883 171
3884 141
3885 175
3886 161
3887 173
3888 174
3889 131
3890 175
3891 148
3892 154
3893 152
3894 163
3895 176
3896 140
3897 155
3898 184
3899 149
3900 153
3901 156
3902 169
3903 144
3904 157
3905 157
3906 154
3907 138
3908 144
3909 162
3910 152
3911 156
3912 161
3913 153
3914 158
3915 179
3916 142
3917 156
3918 173
3919 150
3920 146
3921 139
3922 154
3923 155
3924 173
3925 152
3926 144
3927 147
3928 170
3929 193
3930 154
3931 159
3932 149
3933 161
3934 145
3935 142
3936 150
3937 143
3938 151
3939 153
3940 150
3941 140
3942 145
3943 167
3944 153
3945 145
3946 143
3947 155
3948 165
3949 122
3950 121
3951 151
3952 177
3953 147
3954 137
3955 143
3956 180
3957 162
3958 149
3959 181
3960 148
3961 165
3962 165
3963 117
3964 143
3965 147
3966 174
3967 154
3968 145
3969 156
3970 150
3971 147
3972 161
3973 170
3974 161
3975 123
3976 148
3977 148
3978 135
3979 169
3980 145
3981 150
3982 159
3983 125
3984 180
3985 129
3986 167
3987 139
3988 142
3989 144
3990 155
3991 150
3992 142
3993 159
3994 142
3995 152
3996 162
3997 168
3998 148
3999 157
4000 157
4001 175
4002 156
4003 152
4004 142
4005 155
4006 148
4007 147
4008 161
4009 159
4010 148
4011 136
4012 145
4013 175
4014 137
4015 151
4016 166
4017 151
4018 172
4019 158
4020 154
4021 142
4022 122
4023 146
4024 155
4025 155
4026 166
4027 161
4028 152
4029 149
4030 152
4031 156
4032 151
4033 152
4034 157
4035 175
4036 143
4037 176
4038 161
4039 150
4040 144
4041 159
4042 149
4043 158
4044 160
4045 155
4046 148
4047 163
4048 158
4049 129
4050 157
4051 153
4052 146
4053 139
4054 138
4055 151
4056 178
4057 153
4058 128
4059 132
4060 144
4061 160
4062 152
4063 155
4064 141
4065 153
4066 164
4067 135
4068 173
4069 155
4070 135
4071 154
4072 162
4073 135
4074 164
4075 154
4076 145
4077 152
4078 160
4079 149
4080 113
4081 137
4082 138
4083 154
4084 157
4085 160
4086 148
4087 155
4088 161
4089 140
4090 144
4091 141
4092 123
4093 149
4094 130
4095 136
4096 152
4097 126
4098 136
4099 146
4100 150
4101 132
4102 144
4103 141
4104 160
4105 142
4106 117
4107 144
4108 133
4109 118
4110 138
4111 169
4112 147
4113 156
4114 165
4115 139
4116 162
4117 146
4118 140
4119 148
4120 124
4121 133
4122 146
4123 153
4124 135
4125 137
4126 148
4127 128
4128 128
4129 135
4130 158
4131 144
4132 135
4133 161
4134 143
4135 145
4136 139
4137 123
4138 139
4139 134
4140 141
4141 140
4142 146
4143 131
4144 134
4145 130
4146 165
4147 130
4148 137
4149 155
4150 125
4151 129
4152 129
4153 158
4154 176
4155 136
4156 146
4157 146
4158 128
4159 140
4160 152
4161 128
4162 148
4163 125
4164 145
4165 155
4166 144
4167 135
4168 141
4169 147
4170 138
4171 141
4172 146
4173 135
4174 150
4175 144
4176 150
4177 140
4178 110
4179 155
4180 151
4181 132
4182 136
4183 144
4184 170
4185 150
4186 166
4187 129
4188 143
4189 152
4190 150
4191 147
4192 124
4193 136
4194 145
4195 176
4196 140
4197 147
4198 157
4199 127
4200 139
4201 156
4202 145
4203 142
4204 129
4205 133
4206 138
4207 148
4208 120
4209 142
4210 124
4211 138
4212 149
4213 132
4214 141
4215 125
4216 117
4217 142
4218 138
4219 127
4220 165
4221 137
4222 128
4223 120
4224 121
4225 136
4226 146
4227 121
4228 132
4229 145
4230 132
4231 135
4232 121
4233 136
4234 129
4235 153
4236 145
4237 143
4238 141
4239 121
4240 124
4241 134
4242 144
4243 147
4244 133
4245 122
4246 129
4247 130
4248 114
4249 136
4250 149
4251 149
4252 134
4253 134
4254 149
4255 140
4256 147
4257 134
4258 141
4259 139
4260 125
4261 119
4262 119
4263 129
4264 152
4265 151
4266 135
4267 153
4268 127
4269 129
4270 134
4271 151
4272 126
4273 112
4274 160
4275 129
4276 101
4277 148
4278 117
4279 125
4280 148
4281 151
4282 115
4283 139
4284 116
4285 132
4286 122
4287 108
4288 128
4289 134
4290 156
4291 136
4292 124
4293 125
4294 146
4295 132
4296 145
4297 124
4298 140
4299 128
4300 156
4301 150
4302 149
4303 131
4304 129
4305 148
4306 138
4307 144
4308 139
4309 146
4310 152
4311 138
4312 148
4313 133
4314 130
4315 138
4316 127
4317 132
4318 130
4319 144
4320 124
4321 136
4322 151
4323 138
4324 117
4325 141
4326 134
4327 137
4328 124
4329 124
4330 142
4331 131
4332 132
4333 117
4334 147
4335 160
4336 143
4337 145
4338 151
4339 133
4340 115
4341 126
4342 135
4343 118
4344 121
4345 125
4346 128
4347 136
4348 123
4349 133
4350 150
4351 125
4352 133
4353 113
4354 140
4355 107
4356 155
4357 132
4358 124
4359 123
4360 131
4361 130
4362 124
4363 118
4364 121
4365 142
4366 118
4367 134
4368 126
4369 128
4370 149
4371 128
4372 101
4373 120
4374 131
4375 136
4376 131
4377 143
4378 142
4379 126
4380 135
4381 118
4382 128
4383 128
4384 123
4385 112
4386 154
4387 142
4388 117
4389 124
4390 134
4391 139
4392 143
4393 118
4394 134
4395 154
4396 122
4397 114
4398 132
4399 135
4400 129
4401 154
4402 138
4403 127
4404 138
4405 111
4406 117
4407 131
4408 124
4409 128
4410 124
4411 124
4412 109
4413 131
4414 132
4415 110
4416 128
4417 133
4418 112
4419 114
4420 114
4421 130
4422 111
4423 104
4424 119
4425 108
4426 123
4427 123
4428 138
4429 103
4430 129
4431 115
4432 128
4433 119
4434 139
4435 130
4436 121
4437 117
4438 139
4439 117
4440 125
4441 110
4442 119
4443 136
4444 129
4445 112
4446 123
4447 121
4448 136
4449 111
4450 125
4451 123
4452 124
4453 118
4454 123
4455 145
4456 108
4457 117
4458 144
4459 127
4460 127
4461 116
4462 126
4463 140
4464 129
4465 127
4466 128
4467 115
4468 129
4469 119
4470 115
4471 127
4472 116
4473 114
4474 121
4475 128
4476 121
4477 133
4478 133
4479 142
4480 121
4481 107
4482 129
4483 111
4484 151
4485 118
4486 130
4487 132
4488 107
4489 126
4490 129
4491 126
4492 147
4493 133
4494 117
4495 119
4496 124
4497 128
4498 138
4499 106
4500 138
4501 113
4502 122
4503 125
4504 116
4505 120
4506 127
4507 121
4508 130
4509 125
4510 132
4511 144
4512 134
4513 144
4514 127
4515 128
4516 122
4517 112
4518 119
4519 120
4520 145
4521 135
4522 115
4523 118
4524 127
4525 131
4526 137
4527 136
4528 121
4529 134
4530 112
4531 120
4532 132
4533 111
4534 104
4535 101
4536 123
4537 129
4538 139
4539 118
4540 133
4541 126
4542 109
4543 129
4544 118
4545 150
4546 130
4547 121
4548 108
4549 112
4550 153
4551 125
4552 143
4553 123
4554 110
4555 131
4556 129
4557 129
4558 122
4559 131
4560 123
4561 120
4562 101
4563 119
4564 136
4565 110
4566 123
4567 106
4568 129
4569 97
4570 115
4571 113
4572 121
4573 105
4574 103
4575 114
4576 127
4577 127
4578 144
4579 116
4580 119
4581 137
4582 131
4583 127
4584 126
4585 118
4586 135
4587 117
4588 118
4589 98
4590 125
4591 102
4592 113
4593 135
4594 108
4595 140
4596 143
4597 141
4598 121
4599 121
4600 112
4601 117
4602 115
4603 101
4604 111
4605 133
4606 127
4607 129
4608 110
4609 122
4610 122
4611 113
4612 120
4613 101
4614 112
4615 152
4616 132
4617 108
4618 122
4619 122
4620 117
4621 118
4622 124
4623 107
4624 126
4625 118
4626 123
4627 128
4628 112
4629 93
4630 99
4631 121
4632 130
4633 121
4634 118
4635 120
4636 116
4637 123
4638 117
4639 103
4640 107
4641 132
4642 109
4643 119
4644 94
4645 116
4646 113
4647 117
4648 117
4649 129
4650 108
4651 115
4652 123
4653 105
4654 122
4655 112
4656 104
4657 112
4658 112
4659 104
4660 114
4661 128
4662 118
4663 118
4664 136
4665 125
4666 103
4667 123
4668 109
4669 107
4670 123
4671 114
4672 115
4673 103
4674 105
4675 138
4676 125
4677 123
4678 103
4679 109
4680 123
4681 119
4682 95
4683 111
4684 120
4685 134
4686 110
4687 111
4688 104
4689 112
4690 105
4691 105
4692 118
4693 118
4694 122
4695 111
4696 111
4697 100
4698 120
4699 115
4700 115
4701 119
4702 141
4703 115
4704 145
4705 123
4706 98
4707 122
4708 126
4709 114
4710 111
4711 106
4712 123
4713 105
4714 123
4715 113
4716 111
4717 120
4718 115
4719 105
4720 100
4721 119
4722 138
4723 116
4724 114
4725 100
4726 119
4727 125
4728 107
4729 121
4730 116
4731 132
4732 111
4733 113
4734 118
4735 99
4736 116
4737 115
4738 106
4739 126
4740 131
4741 117
4742 120
4743 125
4744 112
4745 102
4746 110
4747 123
4748 125
4749 105
4750 98
4751 125
4752 123
4753 122
4754 106
4755 136
4756 124
4757 136
4758 111
4759 119
4760 133
4761 93
4762 107
4763 114
4764 131
4765 131
4766 126
4767 107
4768 100
4769 115
4770 112
4771 79
4772 101
4773 101
4774 100
4775 113
4776 93
4777 132
4778 118
4779 100
4780 99
4781 101
4782 116
4783 116
4784 110
4785 115
4786 105
4787 125
4788 120
4789 104
4790 123
4791 111
4792 105
4793 113
4794 105
4795 124
4796 109
4797 113
4798 119
4799 122
4800 104
4801 123
4802 139
4803 126
4804 103
4805 120
4806 123
4807 130
4808 105
4809 100
4810 128
4811 131
4812 117
4813 126
4814 102
4815 94
4816 102
4817 119
4818 113
4819 122
4820 100
4821 109
4822 119
4823 99
4824 111
4825 129
4826 122
4827 105
4828 136
4829 116
4830 93
4831 108
4832 113
4833 126
4834 128
4835 109
4836 102
4837 116
4838 120
4839 120
4840 123
4841 100
4842 97
4843 111
4844 113
4845 119
4846 129
4847 91
4848 102
4849 137
4850 114
4851 118
4852 116
4853 123
4854 116
4855 113
4856 102
4857 136
4858 106
4859 92
4860 144
4861 115
4862 90
4863 118
4864 117
4865 123
4866 103
4867 121
4868 111
4869 124
4870 124
4871 121
4872 110
4873 96
4874 110
4875 111
4876 120
4877 133
4878 104
4879 111
4880 97
4881 107
4882 108
4883 121
4884 122
4885 118
4886 133
4887 103
4888 106
4889 123
4890 109
4891 113
4892 106
4893 106
4894 134
4895 110
4896 111
4897 114
4898 121
4899 114
4900 105
4901 119
4902 108
4903 116
4904 130
4905 114
4906 116
4907 109
4908 122
4909 128
4910 118
4911 129
4912 111
4913 111
4914 120
4915 108
4916 105
4917 115
4918 119
4919 134
4920 118
4921 117
4922 127
4923 121
4924 105
4925 123
4926 142
4927 122
4928 121
4929 113
4930 126
4931 119
4932 124
4933 124
4934 138
4935 115
4936 97
4937 127
4938 120
4939 102
4940 104
4941 111
4942 138
4943 118
4944 133
4945 122
4946 108
4947 124
4948 109
4949 124
4950 127
4951 122
4952 133
4953 108
4954 114
4955 99
4956 105
4957 109
4958 98
4959 140
4960 113
4961 128
4962 113
4963 115
4964 133
4965 104
4966 137
4967 116
4968 122
4969 111
4970 116
4971 115
4972 121
4973 118
4974 112
4975 116
4976 110
4977 110
4978 113
4979 124
4980 107
4981 107
4982 133
4983 114
4984 108
4985 114
4986 115
4987 124
4988 110
4989 129
4990 132
4991 121
4992 108
4993 126
4994 91
4995 114
4996 105
4997 118
4998 117
4999 112
5000 112
5001 127
5002 121
5003 138
5004 113
5005 131
5006 121
5007 122
5008 111
5009 109
5010 138
5011 116
5012 124
5013 110
5014 120
5015 106
5016 121
5017 122
5018 119
5019 122
5020 124
5021 124
5022 116
5023 131
5024 130
5025 141
5026 118
5027 115
5028 122
5029 132
5030 129
5031 117
5032 123
5033 151
5034 121
5035 114
5036 114
5037 115
5038 121
5039 128
5040 131
5041 119
5042 111
5043 100
5044 128
5045 133
5046 127
5047 119
5048 118
5049 126
5050 134
5051 116
5052 114
5053 114
5054 123
5055 109
5056 116
5057 100
5058 109
5059 118
5060 99
5061 114
5062 124
5063 106
5064 92
5065 104
5066 106
5067 99
5068 98
5069 108
5070 100
5071 109
5072 106
5073 113
5074 130
5075 104
5076 113
5077 100
5078 102
5079 121
5080 117
5081 102
5082 116
5083 97
5084 93
5085 117
5086 92
5087 100
5088 115
5089 106
5090 96
5091 138
5092 105
5093 120
5094 98
5095 108
5096 111
5097 102
5098 94
5099 100
5100 113
5101 111
5102 110
5103 97
5104 83
5105 116
5106 115
5107 122
5108 108
5109 121
5110 113
5111 132
5112 112
5113 99
5114 106
5115 106
5116 106
5117 130
5118 105
5119 101
5120 99
5121 89
5122 122
5123 123
5124 111
5125 108
5126 113
5127 97
5128 113
5129 130
5130 102
5131 116
5132 100
5133 112
5134 115
5135 117
5136 110
5137 110
5138 110
5139 118
5140 127
5141 122
5142 112
5143 124
5144 120
5145 105
5146 115
5147 127
5148 126
5149 107
5150 102
5151 116
5152 121
5153 121
5154 113
5155 105
5156 108
5157 113
5158 122
5159 102
5160 95
5161 97
5162 113
5163 106
5164 99
5165 101
5166 105
5167 113
5168 116
5169 126
5170 124
5171 126
5172 101
5173 110
5174 110
5175 106
5176 117
5177 120
5178 97
5179 109
5180 117
5181 96
5182 92
5183 103
5184 94
5185 90
5186 93
5187 110
5188 124
5189 107
5190 107
5191 108
5192 123
5193 111
5194 106
5195 84
5196 88
5197 118
5198 105
5199 118
5200 92
5201 94
5202 113
5203 99
5204 92
5205 102
5206 113
5207 98
5208 108
5209 95
5210 111
5211 99
5212 108
5213 110
5214 87
5215 109
5216 84
5217 108
5218 97
5219 83
5220 121
5221 96
5222 105
5223 107
5224 108
5225 94
5226 98
5227 93
5228 103
5229 123
5230 113
5231 98
5232 87
5233 93
5234 106
5235 104
5236 101
5237 99
5238 84
5239 111
5240 105
5241 109
5242 98
5243 113
5244 124
5245 103
5246 105
5247 101
5248 116
5249 113
5250 94
5251 98
5252 98
5253 111
5254 90
5255 122
5256 105
5257 116
5258 113
5259 109
5260 85
5261 106
5262 83
5263 107
5264 128
5265 113
5266 99
5267 120
5268 119
5269 103
5270 117
5271 105
5272 113
5273 105
5274 99
5275 100
5276 112
5277 98
5278 108
5279 101
5280 110
5281 102
5282 118
5283 99
5284 110
5285 124
5286 99
5287 103
5288 87
5289 103
5290 108
5291 103
5292 129
5293 109
5294 103
5295 110
5296 98
5297 100
5298 108
5299 113
5300 89
5301 94
5302 103
5303 115
5304 101
5305 114
5306 109
5307 117
5308 121
5309 105
5310 121
5311 115
5312 115
5313 113
5314 114
5315 119
5316 109
5317 102
5318 101
5319 97
5320 109
5321 129
5322 128
5323 118
5324 113
5325 105
5326 124
5327 110
5328 119
5329 118
5330 106
5331 119
5332 108
5333 107
5334 108
5335 105
5336 109
5337 120
5338 118
5339 129
5340 104
5341 99
5342 122
5343 98
5344 114
5345 131
5346 131
5347 106
5348 105
5349 119
5350 112
5351 106
5352 117
5353 110
5354 108
5355 130
5356 87
5357 102
5358 112
5359 122
5360 139
5361 111
5362 107
5363 107
5364 123
5365 137
5366 113
5367 126
5368 105
5369 117
5370 103
5371 123
5372 114
5373 116
5374 122
5375 138
5376 126
5377 138
5378 129
5379 122
5380 115
5381 91
5382 127
5383 137
5384 148
5385 118
5386 134
5387 99
5388 109
5389 119
5390 100
5391 149
5392 139
5393 127
5394 127
5395 123
5396 129
5397 111
5398 129
5399 128
5400 124
5401 113
5402 144
5403 122
5404 141
5405 137
5406 133
5407 147
5408 134
5409 112
5410 124
5411 129
5412 141
5413 132
5414 121
5415 117
5416 145
5417 112
5418 122
5419 130
5420 138
5421 137
5422 102
5423 131
5424 131
5425 138
5426 116
5427 113
5428 147
5429 135
5430 119
5431 141
5432 132
5433 124
5434 115
5435 121
5436 148
5437 137
5438 135
5439 152
5440 120
5441 137
5442 124
5443 114
5444 141
5445 124
5446 174
5447 127
5448 133
5449 141
5450 142
5451 148
5452 137
5453 132
5454 135
5455 113
5456 150
5457 146
5458 119
5459 146
5460 139
5461 125
5462 154
5463 130
5464 135
5465 112
5466 171
5467 122
5468 143
5469 163
5470 147
5471 135
5472 120
5473 135
5474 153
5475 136
5476 155
5477 133
5478 153
5479 157
5480 151
5481 151
5482 150
5483 130
5484 160
5485 139
5486 131
5487 142
5488 116
5489 148
5490 140
5491 154
5492 154
5493 135
5494 152
5495 151
5496 138
5497 143
5498 155
5499 142
5500 143
5501 129
5502 142
5503 132
5504 158
5505 134
5506 166
5507 144
5508 141
5509 147
5510 126
5511 155
5512 156
5513 136
5514 137
5515 146
5516 133
5517 142
5518 151
5519 143
5520 144
5521 165
5522 163
5523 101
5524 147
5525 149
5526 125
5527 140
5528 137
5529 135
5530 146
5531 160
5532 130
5533 167
5534 158
5535 138
5536 139
5537 176
5538 149
5539 128
5540 133
5541 173
5542 133
5543 144
5544 132
5545 151
5546 149
5547 158
5548 150
5549 155
5550 162
5551 171
5552 150
5553 130
5554 164
5555 146
5556 156
5557 139
5558 176
5559 161
5560 145
5561 158
5562 128
5563 153
5564 139
5565 158
5566 150
5567 158
5568 140
5569 141
5570 140
5571 131
5572 151
5573 133
5574 131
5575 162
5576 138
5577 140
5578 152
5579 149
5580 124
5581 142
5582 172
5583 141
5584 137
5585 148
5586 166
5587 163
5588 143
5589 150
5590 139
5591 163
5592 160
5593 125
5594 146
5595 127
5596 172
5597 145
5598 147
5599 160
5600 161
5601 147
5602 139
5603 173
5604 148
5605 128
5606 144
5607 139
5608 140
5609 165
5610 145
5611 165
5612 143
5613 146
5614 161
5615 139
5616 145
5617 145
5618 158
5619 168
5620 172
5621 149
5622 170
5623 158
5624 151
5625 153
5626 146
5627 179
5628 154
5629 176
5630 150
5631 154
5632 163
5633 157
5634 179
5635 134
5636 145
5637 188
5638 167
5639 158
5640 157
5641 165
5642 153
5643 142
5644 146
5645 180
5646 160
5647 142
5648 164
5649 148
5650 166
5651 145
5652 158
5653 152
5654 135
5655 144
5656 157
5657 179
5658 149
5659 146
5660 155
5661 172
5662 167
5663 161
5664 163
5665 163
5666 150
5667 162
5668 164
5669 158
5670 160
5671 154
5672 166
5673 168
5674 170
5675 174
5676 168
5677 176
5678 171
5679 162
5680 157
5681 183
5682 157
5683 157
5684 144
5685 152
5686 168
5687 164
5688 152
5689 157
5690 161
5691 165
5692 173
5693 153
5694 147
5695 153
5696 161
5697 163
5698 166
5699 194
5700 170
5701 166
5702 167
5703 181
5704 142
5705 174
5706 173
5707 152
5708 153
5709 173
5710 164
5711 170
5712 148
5713 139
5714 167
5715 171
5716 162
5717 179
5718 179
5719 164
5720 176
5721 160
5722 184
5723 155
5724 159
5725 169
5726 173
5727 160
5728 170
5729 160
5730 157
5731 162
5732 183
5733 154
5734 173
5735 169
5736 174
5737 154
5738 185
5739 162
5740 184
5741 169
5742 188
5743 164
5744 170
5745 170
5746 157
5747 186
5748 169
5749 166
5750 143
5751 152
5752 180
5753 147
5754 162
5755 189
5756 181
5757 165
5758 175
5759 156
5760 173
5761 174
5762 179
5763 186
5764 178
5765 158
5766 163
5767 156
5768 180
5769 184
5770 171
5771 173
5772 174
5773 181
5774 163
5775 207
5776 180
5777 171
5778 170
5779 164
5780 182
5781 179
5782 183
5783 173
5784 173
5785 173
5786 180
5787 200
5788 155
5789 194
5790 177
5791 172
5792 178
5793 179
5794 198
5795 172
5796 167
5797 175
5798 180
5799 187
5800 159
5801 190
5802 176
5803 178
5804 162
5805 168
5806 195
5807 145
5808 175
5809 155
5810 183
5811 150
5812 161
5813 153
5814 158
5815 161
5816 174
5817 193
5818 164
5819 166
5820 180
5821 131
5822 157
5823 189
5824 145
5825 184
5826 174
5827 173
5828 158
5829 182
5830 167
5831 152
5832 161
5833 168
5834 177
5835 166
5836 182
5837 167
5838 156
5839 155
5840 177
5841 149
5842 172
5843 181
5844 172
5845 175
5846 159
5847 176
5848 151
5849 162
5850 161
5851 157
5852 139
5853 153
5854 178
5855 158
5856 145
5857 189
5858 173
5859 163
5860 174
5861 168
5862 179
5863 159
5864 143
5865 144
5866 161
5867 153
5868 164
5869 137
5870 161
5871 151
5872 164
5873 178
5874 165
5875 154
5876 147
5877 149
5878 168
5879 164
5880 146
5881 189
5882 155
5883 162
5884 172
5885 158
5886 134
5887 156
5888 163
5889 157
5890 166
5891 180
5892 164
5893 153
5894 170
5895 164
5896 163
5897 150
5898 156
5899 157
5900 179
5901 160
5902 170
5903 149
5904 180
5905 171
5906 174
5907 138
5908 142
5909 169
5910 161
5911 151
5912 172
5913 146
5914 171
5915 155
5916 151
5917 142
5918 172
5919 171
5920 135
5921 148
5922 158
5923 168
5924 156
5925 168
5926 162
5927 176
5928 173
5929 153
5930 141
5931 155
5932 145
5933 171
5934 151
5935 163
5936 140
5937 162
5938 174
5939 170
5940 168
5941 146
5942 165
5943 145
5944 149
5945 144
5946 160
5947 177
5948 152
5949 143
5950 146
5951 145
5952 145
5953 156
5954 166
5955 162
5956 145
5957 146
5958 154
5959 151
5960 148
5961 143
5962 133
5963 154
5964 145
5965 152
5966 176
5967 157
5968 157
5969 150
5970 135
5971 149
5972 153
5973 128
5974 156
5975 139
5976 158
5977 138
5978 127
5979 153
5980 150
5981 123
5982 149
5983 126
5984 144
5985 142
5986 133
5987 139
5988 132
5989 130
5990 150
5991 128
5992 160
5993 143
5994 141
5995 128
5996 160
5997 132
5998 131
5999 138
6000 135
6001 133
6002 148
6003 127
6004 134
6005 128
6006 137
6007 133
6008 160
6009 145
6010 125
6011 158
6012 147
6013 150
6014 157
6015 131
6016 138
6017 128
6018 128
6019 134
6020 153
6021 144
6022 128
6023 133
6024 133
6025 142
6026 139
6027 117
6028 127
6029 136
6030 123
6031 135
6032 156
6033 138
6034 132
6035 113
6036 136
6037 141
6038 130
6039 123
6040 142
6041 122
6042 143
6043 127
6044 141
6045 114
6046 110
6047 134
6048 131
6049 114
6050 114
6051 120
6052 131
6053 107
6054 144
6055 140
6056 134
6057 118
6058 110
6059 94
6060 136
6061 130
6062 121
6063 108
6064 113
6065 117
6066 148
6067 119
6068 134
6069 126
6070 127
6071 104
6072 115
6073 125
6074 120
6075 126
6076 110
6077 129
6078 113
6079 111
6080 111
6081 134
6082 118
6083 128
6084 120
6085 117
6086 124
6087 118
6088 128
6089 115
6090 122
6091 112
6092 134
6093 119
6094 128
6095 121
6096 140
6097 110
6098 108
6099 113
6100 113
6101 114
6102 106
6103 103
6104 111
6105 130
6106 114
6107 111
6108 123
6109 108
6110 137
6111 136
6112 109
6113 136
6114 109
6115 128
6116 131
6117 112
6118 127
6119 110
6120 111
6121 115
6122 117
6123 117
6124 108
6125 117
6126 105
6127 113
6128 117
6129 115
6130 99
6131 115
6132 113
6133 106
6134 120
6135 122
6136 91
6137 121
6138 106
6139 107
6140 103
6141 102
6142 110
6143 99
6144 95
6145 107
6146 122
6147 99
6148 100
6149 93
6150 109
6151 111
6152 109
6153 96
6154 110
6155 109
6156 100
6157 105
6158 95
6159 93
6160 99
6161 101
6162 101
6163 115
6164 99
6165 99
6166 93
6167 107
6168 91
6169 104
6170 91
6171 109
6172 101
6173 95
6174 96
6175 115
6176 97
6177 115
6178 103
6179 109
6180 95
6181 85
6182 100
6183 92
6184 83
6185 101
6186 92
6187 103
6188 109
6189 90
6190 94
6191 112
6192 95
6193 102
6194 98
6195 81
6196 97
6197 83
6198 97
6199 97
6200 97
6201 86
6202 89
6203 115
6204 109
6205 100
6206 99
6207 92
6208 92
6209 98
6210 94
6211 103
6212 101
6213 85
6214 101
6215 95
6216 97
6217 94
6218 78
6219 97
6220 95
6221 98
6222 84
6223 93
6224 95
6225 101
6226 90
6227 116
6228 97
6229 93
6230 85
6231 92
6232 83
6233 72
6234 82
6235 95
6236 93
6237 99
6238 83
6239 85
6240 73
6241 95
6242 92
6243 92
6244 84
6245 87
6246 100
6247 74
6248 79
6249 93
6250 101
6251 86
6252 92
6253 87
6254 97
6255 103
6256 95
6257 97
6258 80
6259 79
6260 80
6261 67
6262 76
6263 95
6264 86
6265 79
6266 82
6267 86
6268 83
6269 96
6270 79
6271 95
6272 75
6273 68
6274 92
6275 82
6276 75
6277 80
6278 80
6279 98
6280 81
6281 77
6282 92
6283 86
6284 85
6285 95
6286 77
6287 88
6288 64
6289 79
6290 86
6291 85
6292 91
6293 86
6294 81
6295 83
6296 79
6297 69
6298 81
6299 89
6300 96
6301 95
6302 83
6303 87
6304 80
6305 62
6306 72
6307 74
6308 87
6309 75
6310 72
6311 80
6312 71
6313 75
6314 79
6315 68
6316 79
6317 80
6318 64
6319 79
6320 75
6321 55
6322 84
6323 61
6324 72
6325 74
6326 74
6327 78
6328 75
6329 73
6330 73
6331 67
6332 77
6333 72
6334 65
6335 57
6336 80
6337 82
6338 80
6339 85
6340 85
6341 61
6342 59
6343 64
6344 74
6345 45
6346 78
6347 70
6348 60
6349 72
6350 67
6351 70
6352 68
6353 78
6354 61
6355 70
6356 78
6357 51
6358 73
6359 75
6360 68
6361 68
6362 61
6363 69
6364 50
6365 82
6366 58
6367 80
6368 68
6369 69
6370 62
6371 77
6372 71
6373 65
6374 66
6375 60
6376 72
6377 61
6378 52
6379 54
6380 49
6381 54
6382 76
6383 80
6384 66
6385 49
6386 72
6387 51
6388 63
6389 67
6390 51
6391 62
6392 65
6393 71
6394 67
6395 63
6396 60
6397 72
6398 57
6399 56
6400 52
6401 65
6402 64
6403 57
6404 72
6405 58
6406 78
6407 78
6408 63
6409 43
6410 72
6411 64
6412 58
6413 57
6414 73
6415 61
6416 56
6417 64
6418 48
6419 69
6420 54
6421 65
6422 50
6423 59
6424 79
6425 50
6426 61
6427 60
6428 64
6429 65
6430 51
6431 61
6432 63
6433 73
6434 57
6435 57
6436 71
6437 59
6438 59
6439 61
6440 62
6441 56
6442 55
6443 72
6444 65
6445 48
6446 63
6447 70
6448 68
6449 52
6450 65
6451 78
6452 67
6453 58
6454 57
6455 65
6456 69
6457 60
6458 70
6459 77
6460 58
6461 74
6462 67
6463 77
6464 55
6465 57
6466 65
6467 60
6468 63
6469 75
6470 58
6471 55
6472 77
6473 63
6474 68
6475 53
6476 49
6477 62
6478 56
6479 57
6480 55
6481 58
6482 63
6483 60
6484 58
6485 54
6486 63
6487 50
6488 61
6489 53
6490 37
6491 67
6492 63
6493 60
6494 63
6495 56
6496 63
6497 63
6498 70
6499 59
6500 72
6501 49
6502 60
6503 59
6504 57
6505 60
6506 44
6507 53
6508 51
6509 68
6510 40
6511 42
6512 57
6513 62
6514 63
6515 58
6516 59
6517 67
6518 49
6519 53
6520 50
6521 48
6522 61
6523 47
6524 63
6525 55
6526 52
6527 56
6528 57
6529 41
6530 48
6531 64
6532 61
6533 48
6534 56
6535 61
6536 43
6537 43
6538 43
6539 54
6540 51
6541 47
6542 49
6543 50
6544 51
6545 54
6546 60
6547 57
6548 61
6549 56
6550 58
6551 57
6552 56
6553 68
6554 63
6555 51
6556 59
6557 56
6558 43
6559 63
6560 49
6561 51
6562 52
6563 48
6564 47
6565 49
6566 51
6567 61
6568 52
6569 51
6570 52
6571 55
6572 57
6573 57
6574 38
6575 60
6576 56
6577 49
6578 42
6579 37
6580 61
6581 53
6582 46
6583 50
6584 50
6585 45
6586 58
6587 56
6588 55
6589 54
6590 58
6591 54
6592 48
6593 59
6594 52
6595 41
6596 38
6597 49
6598 67
6599 56
6600 51
6601 53
6602 46
6603 54
6604 50
6605 58
6606 45
6607 61
6608 55
6609 40
6610 41
6611 49
6612 51
6613 53
6614 47
6615 57
6616 58
6617 41
6618 44
6619 59
6620 38
6621 51
6622 52
6623 37
6624 48
6625 47
6626 59
6627 48
6628 56
6629 47
6630 54
6631 56
6632 63
6633 40
6634 57
6635 49
6636 45
6637 53
6638 60
6639 53
6640 45
6641 60
6642 48
6643 48
6644 53
6645 32
6646 58
6647 40
6648 50
6649 59
6650 52
6651 59
6652 53
6653 48
6654 48
6655 42
6656 41
6657 53
6658 43
6659 48
6660 48
6661 53
6662 57
6663 60
6664 46
6665 59
6666 42
6667 53
6668 48
6669 51
6670 40
6671 63
6672 55
6673 35
6674 53
6675 57
6676 60
6677 49
6678 64
6679 48
6680 60
6681 57
6682 43
6683 50
6684 61
6685 63
6686 45
6687 40
6688 55
6689 60
6690 51
6691 55
6692 54
6693 52
6694 44
6695 56
6696 46
6697 49
6698 55
6699 52
6700 54
6701 65
6702 52
6703 50
6704 53
6705 46
6706 53
6707 50
6708 49
6709 59
6710 62
6711 52
6712 57
6713 41
6714 39
6715 67
6716 61
6717 46
6718 40
6719 49
6720 61
6721 69
6722 74
6723 50
6724 63
6725 45
6726 54
6727 55
6728 45
6729 57
6730 51
6731 49
6732 61
6733 46
6734 46
6735 58
6736 55
6737 45
6738 63
6739 65
6740 58
6741 57
6742 44
6743 61
6744 44
6745 52
6746 54
6747 49
6748 58
6749 55
6750 48
6751 52
6752 69
6753 53
6754 67
6755 46
6756 60
6757 41
6758 48
6759 40
6760 55
6761 57
6762 55
6763 49
6764 62
6765 52
6766 56
6767 58
6768 53
6769 42
6770 45
6771 54
6772 34
6773 52
6774 48
6775 63
6776 59
6777 57
6778 46
6779 62
6780 48
6781 53
6782 61
6783 57
6784 47
6785 59
6786 47
6787 65
6788 52
6789 61
6790 59
6791 43
6792 52
6793 63
6794 56
6795 58
6796 44
6797 40
6798 57
6799 48
6800 51
6801 58
6802 51
6803 55
6804 47
6805 57
6806 42
6807 53
6808 48
6809 56
6810 50
6811 56
6812 56
6813 50
6814 46
6815 55
6816 52
6817 57
6818 38
6819 48
6820 61
6821 59
6822 55
6823 58
6824 57
6825 63
6826 56
6827 52
6828 52
6829 49
6830 49
6831 42
6832 56
6833 56
6834 67
6835 52
6836 49
6837 43
6838 53
6839 42
6840 52
6841 53
6842 54
6843 62
6844 62
6845 51
6846 62
6847 51
6848 57
6849 39
6850 44
6851 42
6852 71
6853 56
6854 59
6855 49
6856 45
6857 51
6858 50
6859 56
6860 69
6861 55
6862 41
6863 59
6864 60
6865 48
6866 53
6867 52
6868 48
6869 45
6870 65
6871 51
6872 51
6873 38
6874 47
6875 51
6876 54
6877 61
6878 49
6879 45
6880 64
6881 51
6882 51
6883 55
6884 52
6885 55
6886 62
6887 45
6888 49
6889 56
6890 55
6891 50
6892 46
6893 43
6894 40
6895 56
6896 49
6897 38
6898 45
6899 41
6900 47
6901 42
6902 46
6903 41
6904 56
6905 42
6906 32
6907 43
6908 58
6909 38
6910 46
6911 48
6912 55
6913 66
6914 60
6915 51
6916 45
6917 46
6918 39
6919 50
6920 38
6921 50
6922 54
6923 49
6924 51
6925 57
6926 49
6927 55
6928 49
6929 43
6930 52
6931 47
6932 46
6933 55
6934 47
6935 40
6936 38
6937 55
6938 52
6939 48
6940 56
6941 56
6942 51
6943 45
6944 58
6945 41
6946 49
6947 61
6948 68
6949 46
6950 41
6951 47
6952 51
6953 44
6954 44
6955 44
6956 49
6957 46
6958 55
6959 51
6960 46
6961 67
6962 47
6963 48
6964 50
6965 48
6966 36
6967 39
6968 43
6969 50
6970 48
6971 40
6972 46
6973 57
6974 52
6975 53
6976 43
6977 42
6978 52
6979 51
6980 57
6981 45
6982 52
6983 40
6984 45
6985 46
6986 43
6987 40
6988 49
6989 60
6990 60
6991 56
6992 43
6993 53
6994 70
6995 55
6996 52
6997 54
6998 48
6999 53
7000 58
7001 58
7002 45
7003 53
7004 54
7005 59
7006 48
7007 52
7008 60
7009 47
7010 65
7011 40
7012 54
7013 55
7014 54
7015 52
7016 48
7017 51
7018 54
7019 60
7020 40
7021 44
7022 52
7023 71
7024 57
7025 57
7026 47
7027 57
7028 55
7029 50
7030 59
7031 50
7032 49
7033 51
7034 50
7035 67
7036 49
7037 41
7038 62
7039 53
7040 52
7041 51
7042 46
7043 49
7044 54
7045 48
7046 62
7047 48
7048 55
7049 57
7050 40
7051 56
7052 48
7053 49
7054 55
7055 49
7056 49
7057 53
7058 43
7059 56
7060 56
7061 52
7062 62
7063 55
7064 44
7065 57
7066 42
7067 48
7068 45
7069 45
7070 41
7071 50
7072 52
7073 50
7074 47
7075 45
7076 58
7077 52
7078 48
7079 53
7080 50
7081 67
7082 53
7083 53
7084 46
7085 57
7086 56
7087 42
7088 55
7089 54
7090 42
7091 46
7092 43
7093 56
7094 51
7095 49
7096 39
7097 44
7098 49
7099 50
7100 42
7101 51
7102 57
7103 51
7104 59
7105 57
7106 47
7107 53
7108 43
7109 45
7110 42
7111 52
7112 47
7113 48
7114 50
7115 43
7116 51
7117 40
7118 61
7119 53
7120 55
7121 48
7122 41
7123 50
7124 50
7125 43
7126 40
7127 48
7128 42
7129 47
7130 43
7131 42
7132 51
7133 55
7134 38
7135 59
7136 49
7137 44
7138 37
7139 39
7140 50
7141 49
7142 49
7143 46
7144 40
7145 53
7146 48
7147 41
7148 56
7149 48
7150 56
7151 55
7152 44
7153 50
7154 49
7155 35
7156 52
7157 39
7158 46
7159 52
7160 36
7161 53
7162 55
7163 56
7164 42
7165 51
7166 45
7167 59
7168 40
7169 49
7170 38
7171 53
7172 56
7173 48
7174 48
7175 55
7176 54
7177 60
7178 45
7179 46
7180 58
7181 46
7182 49
7183 39
7184 48
7185 65
7186 50
7187 37
7188 49
7189 41
7190 50
7191 51
7192 37
7193 38
7194 56
7195 50
7196 54
7197 59
7198 48
7199 61
7200 50
7201 52
7202 53
7203 68
7204 48
7205 39
7206 50
7207 47
7208 43
7209 53
7210 46
7211 51
7212 48
7213 47
7214 46
7215 56
7216 38
7217 45
7218 44
7219 45
7220 52
7221 42
7222 49
7223 44
7224 49
7225 48
7226 61
7227 43
7228 63
7229 51
7230 57
7231 45
7232 46
7233 53
7234 50
7235 56
7236 50
7237 46
7238 43
7239 43
7240 45
7241 46
7242 36
7243 43
7244 40
7245 50
7246 41
7247 37
7248 47
7249 49
7250 56
7251 47
7252 41
7253 72
7254 40
7255 51
7256 46
7257 42
7258 47
7259 53
7260 52
7261 40
7262 46
7263 39
7264 53
7265 42
7266 52
7267 48
7268 51
7269 52
7270 44
7271 46
7272 38
7273 50
7274 44
7275 47
7276 55
7277 47
7278 42
7279 51
7280 63
7281 47
7282 48
7283 47
7284 52
7285 47
7286 63
7287 55
7288 54
7289 62
7290 51
7291 58
7292 53
7293 53
7294 38
7295 51
7296 51
7297 48
7298 52
7299 50
7300 44
7301 48
7302 32
7303 45
7304 44
7305 45
7306 56
7307 46
7308 58
7309 47
7310 50
7311 43
7312 43
7313 41
7314 55
7315 47
7316 50
7317 53
7318 41
7319 46
7320 41
7321 47
7322 44
7323 67
7324 45
7325 59
7326 43
7327 42
7328 41
7329 51
7330 55
7331 36
7332 50
7333 57
7334 51
7335 37
7336 41
7337 47
7338 43
7339 48
7340 49
7341 46
7342 51
7343 34
7344 49
7345 59
7346 42
7347 50
7348 51
7349 39
7350 43
7351 42
7352 43
7353 57
7354 36
7355 40
7356 41
7357 50
7358 31
7359 44
7360 43
7361 46
7362 57
7363 40
7364 49
7365 36
7366 59
7367 56
7368 37
7369 43
7370 39
7371 45
7372 44
7373 47
7374 47
7375 45
7376 39
7377 42
7378 46
7379 54
7380 35
7381 33
7382 44
7383 34
7384 42
7385 41
7386 51
7387 39
7388 50
7389 52
7390 36
7391 57
7392 42
7393 42
7394 44
7395 48
7396 43
7397 52
7398 36
7399 52
7400 46
7401 50
7402 47
7403 44
7404 41
7405 44
7406 40
7407 44
7408 34
7409 53
7410 45
7411 41
7412 61
7413 38
7414 45
7415 43
7416 29
7417 38
7418 28
7419 55
7420 44
7421 41
7422 43
7423 49
7424 44
7425 34
7426 38
7427 45
7428 25
7429 33
7430 32
7431 48
7432 39
7433 45
7434 46
7435 37
7436 44
7437 44
7438 46
7439 37
7440 33
7441 52
7442 51
7443 46
7444 37
7445 37
7446 39
7447 45
7448 54
7449 43
7450 43
7451 40
7452 37
7453 57
7454 37
7455 37
7456 52
7457 47
7458 48
7459 49
7460 48
7461 47
7462 34
7463 39
7464 42
7465 38
7466 35
7467 50
7468 37
7469 45
7470 33
7471 37
7472 38
7473 50
7474 40
7475 33
7476 47
7477 39
7478 28
7479 45
7480 32
7481 31
7482 37
7483 49
7484 54
7485 55
7486 45
7487 44
7488 47
7489 50
7490 41
7491 38
7492 33
7493 43
7494 38
7495 51
7496 44
7497 40
7498 44
7499 46
7500 50
7501 46
7502 33
7503 47
7504 54
7505 51
7506 44
7507 31
7508 42
7509 47
7510 32
7511 42
7512 42
7513 46
7514 39
7515 40
7516 35
7517 55
7518 45
7519 43
7520 49
7521 44
7522 45
7523 43
7524 43
7525 41
7526 39
7527 42
7528 44
7529 49
7530 43
7531 41
7532 42
7533 43
7534 52
7535 48
7536 43
7537 33
7538 51
7539 39
7540 40
7541 45
7542 35
7543 33
7544 40
7545 46
7546 49
7547 37
7548 40
7549 42
7550 42
7551 43
7552 35
7553 37
7554 59
7555 42
7556 50
7557 56
7558 39
7559 49
7560 51
7561 51
7562 37
7563 46
7564 29
7565 40
7566 50
7567 49
7568 28
7569 34
7570 55
7571 40
7572 50
7573 37
7574 46
7575 34
7576 36
7577 37
7578 37
7579 43
7580 46
7581 41
7582 37
7583 47
7584 49
7585 45
7586 42
7587 23
7588 39
7589 37
7590 46
7591 43
7592 32
7593 37
7594 38
7595 35
7596 50
7597 44
7598 40
7599 37
7600 33
7601 46
7602 32
7603 37
7604 42
7605 33
7606 51
7607 40
7608 33
7609 41
7610 46
7611 33
7612 47
7613 42
7614 39
7615 44
7616 38
7617 57
7618 36
7619 44
7620 38
7621 24
7622 35
7623 40
7624 57
7625 34
7626 50
7627 48
7628 40
7629 41
7630 46
7631 51
7632 44
7633 36
7634 41
7635 42
7636 45
7637 38
7638 42
7639 39
7640 39
7641 36
7642 38
7643 44
7644 39
7645 34
7646 37
7647 39
7648 33
7649 49
7650 36
7651 47
7652 46
7653 58
7654 41
7655 42
7656 49
7657 36
7658 53
7659 44
7660 43
7661 40
7662 39
7663 42
7664 44
7665 52
7666 36
7667 46
7668 37
7669 48
7670 56
7671 37
7672 44
7673 36
7674 40
7675 34
7676 38
7677 40
7678 47
7679 50
7680 46
7681 45
7682 35
7683 44
7684 40
7685 32
7686 39
7687 38
7688 50
7689 39
7690 34
7691 27
7692 31
7693 36
7694 37
7695 31
7696 48
7697 34
7698 24
7699 46
7700 42
7701 31
7702 41
7703 30
7704 36
7705 39
7706 40
7707 34
7708 37
7709 42
7710 34
7711 29
7712 42
7713 38
7714 32
7715 29
7716 35
7717 44
7718 39
7719 40
7720 37
7721 27
7722 38
7723 39
7724 39
7725 42
7726 28
7727 39
7728 41
7729 48
7730 41
7731 38
7732 36
7733 38
7734 37
7735 43
7736 31
7737 41
7738 39
7739 38
7740 28
7741 45
7742 37
7743 39
7744 40
7745 41
7746 32
7747 47
7748 30
7749 33
7750 43
7751 33
7752 37
7753 34
7754 51
7755 38
7756 40
7757 30
7758 48
7759 31
7760 34
7761 28
7762 27
7763 26
7764 39
7765 41
7766 40
7767 55
7768 30
7769 33
7770 31
7771 35
7772 29
7773 35
7774 34
7775 26
7776 41
7777 32
7778 38
7779 31
7780 51
7781 42
7782 33
7783 36
7784 31
7785 30
7786 45
7787 27
7788 43
7789 33
7790 38
7791 45
7792 31
7793 38
7794 24
7795 39
7796 31
7797 40
7798 40
7799 39
7800 31
7801 37
7802 40
7803 44
7804 31
7805 43
7806 36
7807 40
7808 28
7809 40
7810 35
7811 37
7812 37
7813 31
7814 27
7815 30
7816 28
7817 37
7818 30
7819 27
7820 39
7821 46
7822 35
7823 33
7824 37
7825 39
7826 37
7827 48
7828 38
7829 38
7830 42
7831 25
7832 43
7833 30
7834 39
7835 37
7836 32
7837 31
7838 25
7839 33
7840 34
7841 34
7842 41
7843 41
7844 40
7845 29
7846 35
7847 27
7848 34
7849 25
7850 39
7851 46
7852 43
7853 34
7854 29
7855 38
7856 31
7857 36
7858 31
7859 38
7860 42
7861 41
7862 42
7863 35
7864 27
7865 21
7866 41
7867 40
7868 33
7869 24
7870 40
7871 45
7872 30
7873 33
7874 28
7875 35
7876 37
7877 40
7878 31
7879 37
7880 34
7881 40
7882 37
7883 38
7884 29
7885 37
7886 42
7887 35
7888 35
7889 32
7890 27
7891 40
7892 33
7893 44
7894 32
7895 36
7896 37
7897 35
7898 40
7899 30
7900 23
7901 33
7902 30
7903 32
7904 38
7905 38
7906 31
7907 37
7908 54
7909 37
7910 46
7911 38
7912 38
7913 34
7914 40
7915 34
7916 33
7917 38
7918 41
7919 38
7920 32
7921 35
7922 31
7923 37
7924 35
7925 34
7926 28
7927 34
7928 32
7929 41
7930 30
7931 42
7932 34
7933 49
7934 32
7935 27
7936 33
7937 31
7938 34
7939 34
7940 31
7941 33
7942 57
7943 34
7944 34
7945 36
7946 35
7947 31
7948 37
7949 37
7950 36
7951 34
7952 32
7953 47
7954 30
7955 39
7956 29
7957 31
7958 38
7959 39
7960 45
7961 27
7962 40
7963 36
7964 35
7965 45
7966 38
7967 42
7968 51
7969 32
7970 37
7971 34
7972 35
7973 29
7974 31
7975 32
7976 39
7977 27
7978 43
7979 31
7980 25
7981 32
7982 38
7983 46
7984 31
7985 30
7986 27
7987 35
7988 32
7989 28
7990 38
7991 38
7992 34
7993 33
7994 30
7995 24
7996 40
7997 44
7998 30
7999 36
8000 32
8001 35
8002 28
8003 34
8004 38
8005 34
8006 34
8007 22
8008 23
8009 22
8010 43
8011 31
8012 36
8013 31
8014 35
8015 43
8016 26
8017 27
8018 31
8019 32
8020 30
8021 33
8022 32
8023 25
8024 31
8025 29
8026 34
8027 35
8028 45
8029 41
8030 34
8031 41
8032 31
8033 41
8034 29
8035 33
8036 24
8037 30
8038 39
8039 33
8040 33
8041 37
8042 39
8043 36
8044 42
8045 28
8046 41
8047 28
8048 26
8049 43
8050 38
8051 34
8052 47
8053 35
8054 36
8055 30
8056 37
8057 23
8058 34
8059 38
8060 41
8061 37
8062 31
8063 19
8064 31
8065 34
8066 31
8067 34
8068 32
8069 34
8070 40
8071 31
8072 32
8073 42
8074 38
8075 34
8076 33
8077 30
8078 35
8079 34
8080 25
8081 38
8082 32
8083 33
8084 35
8085 33
8086 28
8087 41
8088 36
8089 38
8090 29
8091 26
8092 25
8093 36
8094 17
8095 34
8096 37
8097 30
8098 40
8099 40
8100 40
8101 29
8102 33
8103 29
8104 36
8105 30
8106 36
8107 35
8108 26
8109 41
8110 45
8111 32
8112 30
8113 44
8114 45
8115 39
8116 29
8117 42
8118 45
8119 37
8120 31
8121 42
8122 34
8123 39
8124 33
8125 39
8126 35
8127 29
8128 35
8129 35
8130 28
8131 34
8132 41
8133 30
8134 27
8135 37
8136 34
8137 33
8138 37
8139 32
8140 20
8141 39
8142 40
8143 32
8144 33
8145 20
8146 35
8147 37
8148 35
8149 46
8150 36
8151 33
8152 36
8153 40
8154 39
8155 37
8156 25
8157 39
8158 33
8159 30
8160 31
8161 37
8162 26
8163 34
8164 45
8165 37
8166 41
8167 24
8168 31
8169 32
8170 39
8171 35
8172 38
8173 28
8174 38
8175 49
8176 31
8177 29
8178 38
8179 32
8180 33
8181 40
8182 41
8183 33
8184 38
8185 46
8186 35
8187 38
8188 46
8189 34
8190 35
8191 43
8192 25
8193 35
8194 44
8195 40
8196 42
8197 34
8198 38
8199 37
8200 41
8201 31
8202 35
8203 22
8204 32
8205 45
8206 42
8207 28
8208 34
8209 30
8210 35
8211 27
8212 32
8213 31
8214 33
8215 31
8216 26
8217 32
8218 33
8219 38
8220 32
8221 31
8222 33
8223 20
8224 33
8225 24
8226 34
8227 41
8228 33
8229 29
8230 34
8231 28
8232 30
8233 46
8234 30
8235 28
8236 37
8237 35
8238 30
8239 49
8240 39
8241 33
8242 27
8243 41
8244 35
8245 40
8246 32
8247 34
8248 21
8249 36
8250 33
8251 24
8252 32
8253 27
8254 31
8255 43
8256 38
8257 36
8258 29
8259 32
8260 38
8261 29
8262 26
8263 42
8264 36
8265 30
8266 29
8267 36
8268 37
8269 26
8270 33
8271 31
8272 41
8273 37
8274 32
8275 24
8276 37
8277 46
8278 39
8279 35
8280 33
8281 39
8282 41
8283 39
8284 29
8285 46
8286 32
8287 33
8288 31
8289 30
8290 41
8291 34
8292 43
8293 37
8294 38
8295 38
8296 34
8297 33
8298 29
8299 32
8300 40
8301 39
8302 30
8303 34
8304 40
8305 47
8306 22
8307 27
8308 34
8309 39
8310 36
8311 25
8312 32
8313 31
8314 39
8315 33
8316 31
8317 43
8318 40
8319 33
8320 31
8321 44
8322 42
8323 36
8324 35
8325 34
8326 29
8327 34
8328 44
8329 40
8330 37
8331 48
8332 22
8333 21
8334 40
8335 38
8336 41
8337 32
8338 49
8339 39
8340 29
8341 27
8342 34
8343 35
8344 34
8345 32
8346 30
8347 35
8348 27
8349 36
8350 38
8351 28
8352 47
8353 28
8354 36
8355 38
8356 31
8357 25
8358 31
8359 44
8360 36
8361 28
8362 33
8363 26
8364 28
8365 27
8366 36
8367 37
8368 30
8369 35
8370 45
8371 39
8372 29
8373 27
8374 43
8375 32
8376 32
8377 43
8378 32
8379 32
8380 44
8381 50
8382 27
8383 34
8384 32
8385 32
8386 53
8387 38
8388 34
8389 35
8390 41
8391 34
8392 36
8393 28
8394 31
8395 29
8396 31
8397 35
8398 41
8399 46
8400 30
8401 33
8402 37
8403 34
8404 34
8405 40
8406 30
8407 37
8408 29
8409 29
8410 27
8411 30
8412 29
8413 44
8414 31
8415 30
8416 34
8417 41
8418 38
8419 30
8420 39
8421 28
8422 34
8423 30
8424 31
8425 28
8426 41
8427 28
8428 41
8429 40
8430 33
8431 36
8432 32
8433 34
8434 35
8435 30
8436 31
8437 39
8438 44
8439 39
8440 29
8441 22
8442 27
8443 35
8444 33
8445 36
8446 34
8447 26
8448 45
8449 37
8450 32
8451 34
8452 32
8453 33
8454 34
8455 29
8456 37
8457 22
8458 30
8459 30
8460 47
8461 38
8462 27
8463 32
8464 41
8465 25
8466 37
8467 27
8468 31
8469 41
8470 31
8471 45
8472 26
8473 30
8474 37
8475 36
8476 46
8477 36
8478 27
8479 26
8480 29
8481 32
8482 27
8483 31
8484 37
8485 30
8486 42
8487 24
8488 26
8489 34
8490 37
8491 34
8492 35
8493 31
8494 32
8495 39
8496 28
8497 37
8498 31
8499 32
8500 29
8501 29
8502 35
8503 24
8504 29
8505 29
8506 23
8507 32
8508 31
8509 22
8510 36
8511 38
8512 33
8513 23
8514 30
8515 36
8516 33
8517 34
8518 31
8519 23
8520 37
8521 35
8522 41
8523 41
8524 44
8525 24
8526 34
8527 26
8528 27
8529 37
8530 30
8531 28
8532 41
8533 34
8534 20
8535 37
8536 43
8537 31
8538 39
8539 31
8540 37
8541 35
8542 32
8543 31
8544 44
8545 33
8546 25
8547 27
8548 27
8549 18
8550 29
8551 31
8552 45
8553 28
8554 34
8555 34
8556 23
8557 39
8558 24
8559 31
8560 32
8561 34
8562 37
8563 31
8564 34
8565 37
8566 35
8567 42
8568 33
8569 28
8570 28
8571 45
8572 32
8573 32
8574 28
8575 28
8576 29
8577 33
8578 41
8579 35
8580 24
8581 30
8582 33
8583 28
8584 31
8585 26
8586 35
8587 36
8588 36
8589 33
8590 38
8591 49
8592 40
8593 40
8594 23
8595 34
8596 38
8597 31
8598 27
8599 37
8600 34
8601 33
8602 30
8603 35
8604 27
8605 34
8606 32
8607 36
8608 33
8609 39
8610 44
8611 36
8612 29
8613 35
8614 25
8615 45
8616 16
8617 32
8618 26
8619 36
8620 32
8621 24
8622 36
8623 34
8624 31
8625 39
8626 33
8627 42
8628 34
8629 41
8630 29
8631 45
8632 36
8633 26
8634 34
8635 40
8636 26
8637 26
8638 34
8639 32
8640 40
8641 38
8642 37
8643 33
8644 29
8645 31
8646 31
8647 34
8648 41
8649 40
8650 33
8651 33
8652 29
8653 40
8654 27
8655 29
8656 30
8657 32
8658 31
8659 30
8660 38
8661 41
8662 34
8663 38
8664 31
8665 38
8666 38
8667 38
8668 34
8669 33
8670 32
8671 41
8672 26
8673 39
8674 51
8675 33
8676 34
8677 29
8678 26
8679 40
8680 28
8681 28
8682 28
8683 32
8684 37
8685 26
8686 41
8687 41
8688 28
8689 30
8690 37
8691 31
8692 35
8693 37
8694 37
8695 28
8696 33
8697 28
8698 32
8699 36
8700 27
8701 34
8702 34
8703 38
8704 23
8705 33
8706 41
8707 43
8708 31
8709 25
8710 21
8711 33
8712 45
8713 42
8714 29
8715 35
8716 29
8717 44
8718 28
8719 29
8720 28
8721 31
8722 48
8723 37
8724 34
8725 37
8726 38
8727 22
8728 55
8729 31
8730 45
8731 31
8732 31
8733 40
8734 31
8735 45
8736 32
8737 30
8738 37
8739 44
8740 28
8741 29
8742 33
8743 41
8744 31
8745 25
8746 38
8747 34
8748 32
8749 36
8750 30
8751 31
8752 28
8753 35
8754 23
8755 30
8756 29
8757 31
8758 33
8759 42
8760 31
8761 29
8762 35
8763 35
8764 29
8765 35
8766 36
8767 39
8768 30
8769 32
8770 33
8771 37
8772 34
8773 24
8774 40
8775 29
8776 27
8777 27
8778 31
8779 33
8780 33
8781 26
8782 36
8783 31
8784 33
8785 32
8786 33
8787 22
8788 36
8789 27
8790 29
8791 30
8792 33
8793 38
8794 39
8795 42
8796 48
8797 36
8798 27
8799 27
8800 33
8801 41
8802 33
8803 30
8804 35
8805 37
8806 24
8807 31
8808 26
8809 26
8810 27
8811 20
8812 28
8813 29
8814 33
8815 38
8816 42
8817 28
8818 35
8819 38
8820 35
8821 23
8822 33
8823 36
8824 34
8825 22
8826 36
8827 30
8828 30
8829 35
8830 44
8831 29
8832 40
8833 30
8834 35
8835 29
8836 28
8837 30
8838 42
8839 34
8840 30
8841 32
8842 34
8843 34
8844 34
8845 36
8846 38
8847 28
8848 33
8849 27
8850 31
8851 23
8852 30
8853 24
8854 26
8855 26
8856 23
8857 44
8858 30
8859 32
8860 21
8861 28
8862 33
8863 29
8864 40
8865 41
8866 38
8867 26
8868 33
8869 29
8870 26
8871 35
8872 24
8873 30
8874 30
8875 34
8876 26
8877 31
8878 27
8879 38
8880 36
8881 24
8882 31
8883 18
8884 34
8885 19
8886 32
8887 41
8888 33
8889 25
8890 26
8891 31
8892 25
8893 31
8894 45
8895 35
8896 28
8897 19
8898 28
8899 25
8900 26
8901 27
8902 27
8903 25
8904 26
8905 30
8906 32
8907 32
8908 44
8909 29
8910 37
8911 30
8912 31
8913 32
8914 37
8915 24
8916 35
8917 28
8918 34
8919 32
8920 22
8921 36
8922 35
8923 31
8924 34
8925 32
8926 27
8927 25
8928 38
8929 25
8930 30
8931 28
8932 40
8933 31
8934 29
8935 27
8936 36
8937 29
8938 39
8939 30
8940 37
8941 27
8942 33
8943 39
8944 29
8945 21
8946 24
8947 23
8948 27
8949 43
8950 33
8951 25
8952 26
8953 31
8954 29
8955 21
8956 23
8957 30
8958 25
8959 35
8960 29
8961 30
8962 30
8963 26
8964 35
8965 22
8966 19
8967 30
8968 35
8969 24
8970 22
8971 28
8972 33
8973 18
8974 21
8975 35
8976 35
8977 28
8978 39
8979 23
8980 39
8981 28
8982 39
8983 22
8984 31
8985 28
8986 34
8987 30
8988 32
8989 33
8990 23
8991 29
8992 35
8993 34
8994 29
8995 25
8996 28
8997 26
8998 24
8999 22
9000 24
9001 28
9002 27
9003 25
9004 20
9005 29
9006 24
9007 29
9008 30
9009 22
9010 31
9011 25
9012 34
9013 33
9014 26
9015 38
9016 32
9017 29
9018 29
9019 27
9020 21
9021 29
9022 28
9023 26
9024 34
9025 23
9026 20
9027 26
9028 33
9029 29
9030 33
9031 31
9032 27
9033 32
9034 25
9035 34
9036 29
9037 27
9038 26
9039 29
9040 43
9041 27
9042 35
9043 24
9044 20
9045 31
9046 40
9047 33
9048 29
9049 28
9050 40
9051 30
9052 24
9053 22
9054 33
9055 38
9056 29
9057 25
9058 31
9059 26
9060 32
9061 21
9062 29
9063 24
9064 31
9065 27
9066 31
9067 33
9068 20
9069 31
9070 34
9071 27
9072 35
9073 28
9074 19
9075 33
9076 27
9077 34
9078 20
9079 28
9080 20
9081 40
9082 30
9083 32
9084 29
9085 32
9086 32
9087 26
9088 32
9089 27
9090 31
9091 38
9092 21
9093 25
9094 24
9095 20
9096 17
9097 38
9098 15
9099 32
9100 30
9101 31
9102 25
9103 28
9104 27
9105 29
9106 23
9107 31
9108 31
9109 23
9110 34
9111 28
9112 25
9113 26
9114 28
9115 29
9116 25
9117 27
9118 23
9119 22
9120 38
9121 32
9122 30
9123 34
9124 27
9125 20
9126 37
9127 41
9128 30
9129 26
9130 33
9131 41
9132 38
9133 28
9134 21
9135 25
9136 25
9137 26
9138 25
9139 29
9140 22
9141 28
9142 25
9143 21
9144 27
9145 22
9146 25
9147 37
9148 32
9149 21
9150 24
9151 30
9152 27
9153 37
9154 18
9155 25
9156 36
9157 25
9158 31
9159 44
9160 29
9161 29
9162 41
9163 32
9164 24
9165 28
9166 30
9167 29
9168 29
9169 37
9170 36
9171 27
9172 34
9173 28
9174 19
9175 28
9176 31
9177 34
9178 26
9179 40
9180 22
9181 22
9182 24
9183 24
9184 26
9185 34
9186 24
9187 28
9188 24
9189 25
9190 33
9191 43
9192 29
9193 24
9194 19
9195 31
9196 32
9197 25
9198 26
9199 21
9200 39
9201 19
9202 39
9203 25
9204 30
9205 21
9206 30
9207 26
9208 22
9209 28
9210 21
9211 28
9212 37
9213 30
9214 23
9215 28
9216 27
9217 27
9218 26
9219 24
9220 22
9221 39
9222 27
9223 22
9224 34
9225 24
9226 30
9227 29
9228 38
9229 29
9230 36
9231 35
9232 25
9233 30
9234 25
9235 28
9236 24
9237 37
9238 27
9239 30
9240 29
9241 36
9242 22
9243 33
9244 22
9245 28
9246 38
9247 30
9248 37
9249 27
9250 28
9251 21
9252 24
9253 34
9254 23
9255 43
9256 34
9257 31
9258 25
9259 29
9260 32
9261 24
9262 21
9263 29
9264 32
9265 25
9266 24
9267 25
9268 24
9269 25
9270 29
9271 34
9272 24
9273 24
9274 27
9275 27
9276 24
9277 19
9278 24
9279 17
9280 25
9281 28
9282 20
9283 26
9284 33
9285 31
9286 25
9287 27
9288 22
9289 25
9290 26
9291 29
9292 30
9293 32
9294 35
9295 40
9296 25
9297 29
9298 29
9299 23
9300 27
9301 28
9302 31
9303 29
9304 27
9305 36
9306 24
9307 29
9308 22
9309 33
9310 40
9311 18
9312 30
9313 20
9314 29
9315 37
9316 30
9317 28
9318 29
9319 26
9320 30
9321 31
9322 28
9323 25
9324 29
9325 26
9326 23
9327 23
9328 26
9329 16
9330 36
9331 17
9332 21
9333 37
9334 31
9335 30
9336 32
9337 27
9338 25
9339 24
9340 28
9341 35
9342 20
9343 33
9344 31
9345 32
9346 37
9347 33
9348 24
9349 29
9350 30
9351 28
9352 17
9353 20
9354 24
9355 30
9356 24
9357 28
9358 29
9359 26
9360 27
9361 27
9362 22
9363 33
9364 33
9365 27
9366 23
9367 38
9368 36
9369 23
9370 26
9371 28
9372 30
9373 36
9374 30
9375 35
9376 24
9377 28
9378 30
9379 24
9380 28
9381 26
9382 27
9383 31
9384 30
9385 32
9386 24
9387 26
9388 26
9389 27
9390 34
9391 29
9392 36
9393 28
9394 31
9395 33
9396 25
9397 32
9398 31
9399 20
9400 28
9401 27
9402 29
9403 25
9404 26
9405 34
9406 34
9407 34
9408 31
9409 28
9410 30
9411 28
9412 30
9413 24
9414 29
9415 24
9416 28
9417 18
9418 30
9419 24
9420 25
9421 31
9422 23
9423 25
9424 27
9425 18
9426 29
9427 29
9428 26
9429 35
9430 19
9431 25
9432 31
9433 30
9434 34
9435 32
9436 30
9437 19
9438 34
9439 34
9440 31
9441 29
9442 30
9443 32
9444 23
9445 18
9446 34
9447 31
9448 17
9449 37
9450 39
9451 29
9452 27
9453 28
9454 37
9455 26
9456 24
9457 29
9458 32
9459 22
9460 34
9461 29
9462 31
9463 23
9464 24
9465 35
9466 29
9467 29
9468 28
9469 30
9470 25
9471 34
9472 27
9473 23
9474 26
9475 31
9476 30
9477 24
9478 30
9479 29
9480 36
9481 24
9482 27
9483 19
9484 38
9485 25
9486 26
9487 19
9488 27
9489 28
9490 31
9491 33
9492 28
9493 30
9494 33
9495 38
9496 18
9497 29
9498 24
9499 16
9500 31
9501 16
9502 29
9503 44
9504 25
9505 31
9506 26
9507 27
9508 21
9509 28
9510 30
9511 26
9512 22
9513 39
9514 33
9515 32
9516 34
9517 39
9518 33
9519 33
9520 18
9521 30
9522 32
9523 27
9524 30
9525 20
9526 22
9527 18
9528 24
9529 30
9530 27
9531 20
9532 38
9533 38
9534 32
9535 31
9536 25
9537 36
9538 33
9539 28
9540 26
9541 29
9542 36
9543 29
9544 32
9545 26
9546 31
9547 33
9548 23
9549 26
9550 22
9551 32
9552 23
9553 32
9554 22
9555 37
9556 24
9557 24
9558 21
9559 24
9560 31
9561 20
9562 35
9563 24
9564 26
9565 42
9566 35
9567 30
9568 28
9569 17
9570 36
9571 29
9572 28
9573 18
9574 17
9575 27
9576 32
9577 16
9578 29
9579 26
9580 31
9581 19
9582 30
9583 20
9584 18
9585 23
9586 23
9587 25
9588 32
9589 26
9590 45
9591 30
9592 38
9593 35
9594 27
9595 16
9596 34
9597 36
9598 32
9599 35
9600 36
9601 26
9602 19
9603 24
9604 26
9605 24
9606 36
9607 24
9608 27
9609 40
9610 24
9611 32
9612 30
9613 29
9614 25
9615 24
9616 25
9617 20
9618 27
9619 24
9620 24
9621 21
9622 23
9623 23
9624 38
9625 32
9626 27
9627 23
9628 29
9629 25
9630 18
9631 22
9632 19
9633 19
9634 36
9635 30
9636 24
9637 25
9638 23
9639 36
9640 34
9641 29
9642 38
9643 29
9644 27
9645 27
9646 30
9647 29
9648 39
9649 41
9650 22
9651 36
9652 35
9653 26
9654 25
9655 31
9656 35
9657 32
9658 31
9659 28
9660 25
9661 32
9662 27
9663 27
9664 28
9665 30
9666 35
9667 23
9668 29
9669 24
9670 28
9671 19
9672 23
9673 21
9674 25
9675 23
9676 32
9677 33
9678 32
9679 34
9680 26
9681 23
9682 24
9683 33
9684 31
9685 39
9686 23
9687 34
9688 40
9689 23
9690 35
9691 36
9692 27
9693 20
9694 19
9695 29
9696 31
9697 26
9698 29
9699 26
9700 29
9701 27
9702 32
9703 26
9704 35
9705 21
9706 27
9707 27
9708 25
9709 26
9710 35
9711 40
9712 22
9713 30
9714 21
9715 33
9716 20
9717 28
9718 29
9719 40
9720 27
9721 25
9722 28
9723 27
9724 21
9725 26
9726 27
9727 23
9728 31
9729 29
9730 23
9731 24
9732 33
9733 33
9734 27
9735 20
9736 30
9737 24
9738 27
9739 34
9740 32
9741 34
9742 30
9743 27
9744 20
9745 24
9746 24
9747 20
9748 37
9749 33
9750 37
9751 28
9752 30
9753 22
9754 21
9755 22
9756 31
9757 31
9758 27
9759 21
9760 26
9761 26
9762 27
9763 25
9764 32
9765 35
9766 26
9767 29
9768 24
9769 30
9770 30
9771 24
9772 32
9773 24
9774 33
9775 34
9776 33
9777 36
9778 27
9779 28
9780 27
9781 36
9782 23
9783 26
9784 33
9785 25
9786 28
9787 24
9788 29
9789 35
9790 25
9791 39
9792 27
9793 27
9794 34
9795 30
9796 29
9797 25
9798 31
9799 24
9800 20
9801 25
9802 34
9803 25
9804 26
9805 39
9806 31
9807 32
9808 11
9809 30
9810 37
9811 23
9812 22
9813 26
9814 24
9815 27
9816 24
9817 28
9818 30
9819 31
9820 30
9821 22
9822 33
9823 24
9824 30
9825 27
9826 28
9827 27
9828 26
9829 24
9830 42
9831 21
9832 35
9833 21
9834 18
9835 36
9836 27
9837 31
9838 37
9839 27
9840 28
9841 27
9842 29
9843 31
9844 21
9845 29
9846 31
9847 26
9848 36
9849 23
9850 36
9851 27
9852 28
9853 18
9854 20
9855 32
9856 25
9857 23
9858 27
9859 16
9860 34
9861 22
9862 26
9863 45
9864 26
9865 17
9866 25
9867 30
9868 30
9869 32
9870 24
9871 26
9872 38
9873 36
9874 22
9875 23
9876 24
9877 29
9878 26
9879 31
9880 27
9881 27
9882 22
9883 38
9884 32
9885 24
9886 20
9887 39
9888 33
9889 13
9890 34
9891 23
9892 32
9893 23
9894 19
9895 30
9896 22
9897 21
9898 22
9899 26
9900 30
9901 25
9902 28
9903 25
9904 23
9905 33
9906 22
9907 17
9908 35
9909 23
9910 29
9911 21
9912 26
9913 34
9914 43
9915 37
9916 26
9917 22
9918 31
9919 24
9920 24
9921 23
9922 26
9923 28
9924 24
9925 31
9926 27
9927 24
9928 27
9929 35
9930 40
9931 36
9932 28
9933 26
9934 21
9935 25
9936 23
9937 36
9938 37
9939 21
9940 24
9941 20
9942 27
9943 12
9944 29
9945 29
9946 30
9947 22
9948 29
9949 39
9950 32
9951 27
9952 24
9953 29
9954 23
9955 19
9956 29
9957 34
9958 29
9959 28
9960 32
9961 33
9962 32
9963 35
9964 29
9965 37
9966 40
9967 25
9968 29
9969 26
9970 32
9971 33
9972 26
9973 25
9974 31
9975 20
9976 27
9977 34
9978 24
9979 28
9980 33
9981 33
9982 37
9983 32
9984 39
9985 34
9986 36
9987 26
9988 29
9989 26
9990 27
9991 31
9992 26
9993 24
9994 25
9995 33
9996 36
9997 26
9998 33
9999 32
10000 29
10001 236219
