# Title:27-mer spectra for: 63
# XLabel:27-mer frequency
# YLabel:# distinct 27-mers
# Kmer value:27
# Input 1:<pipe>
###
1 2199896288
2 226737199
3 126500096
4 90823383
5 64258358
6 42965241
7 27308090
8 17001415
9 10823408
10 7283217
11 5244466
12 4007404
13 3167852
14 2554275
15 2083882
16 1710686
17 1405718
18 1170833
19 982965
20 832360
21 721095
22 633714
23 564747
24 507088
25 458902
26 421766
27 388164
28 361838
29 341177
30 321482
31 306358
32 293771
33 281158
34 273915
35 265537
36 260235
37 254455
38 252727
39 249689
40 246686
41 244612
42 245963
43 247338
44 249247
45 250113
46 252142
47 255977
48 256413
49 258725
50 259723
51 262042
52 266329
53 272303
54 275242
55 277423
56 284343
57 289329
58 295631
59 302663
60 311386
61 320179
62 332722
63 345896
64 361054
65 380562
66 399695
67 423247
68 450795
69 481975
70 518503
71 558150
72 605207
73 657473
74 719296
75 788824
76 870340
77 955811
78 1052256
79 1159898
80 1272905
81 1401494
82 1538373
83 1681125
84 1838110
85 2005954
86 2179988
87 2359556
88 2543862
89 2729491
90 2916816
91 3114507
92 3303020
93 3491538
94 3680377
95 3856748
96 4024460
97 4170281
98 4307911
99 4429105
100 4537060
101 4618448
102 4688047
103 4734671
104 4756662
105 4758962
106 4738909
107 4693875
108 4635771
109 4558223
110 4455931
111 4338467
112 4202900
113 4056091
114 3897262
115 3725520
116 3541339
117 3360802
118 3174214
119 2989742
120 2803293
121 2620950
122 2441644
123 2262325
124 2085398
125 1925924
126 1766262
127 1610921
128 1463778
129 1327245
130 1196966
131 1081096
132 970323
133 871321
134 781091
135 698465
136 619075
137 550382
138 484951
139 429617
140 378506
141 333275
142 294284
143 260986
144 230233
145 203375
146 178934
147 159838
148 141842
149 127521
150 115520
151 104434
152 95716
153 89443
154 83191
155 78463
156 75479
157 71807
158 69526
159 67389
160 67084
161 66605
162 67371
163 67984
164 69001
165 70760
166 72704
167 74148
168 76564
169 79455
170 80607
171 83727
172 86589
173 89570
174 92577
175 95413
176 98960
177 102416
178 106204
179 109589
180 113142
181 117558
182 120899
183 124558
184 128521
185 132599
186 136091
187 140041
188 143628
189 148486
190 153584
191 157638
192 161277
193 165421
194 169449
195 172718
196 177527
197 181589
198 185682
199 189564
200 192668
201 195863
202 199084
203 200554
204 204094
205 205744
206 208310
207 209385
208 210894
209 211890
210 212534
211 213684
212 213436
213 213581
214 213791
215 212466
216 212426
217 212320
218 210826
219 209935
220 207757
221 205076
222 202230
223 199354
224 196762
225 194882
226 191910
227 188379
228 184584
229 179581
230 176716
231 171350
232 168017
233 163660
234 159701
235 155180
236 151589
237 146409
238 142555
239 137696
240 132794
241 128113
242 123405
243 119153
244 114949
245 110961
246 106480
247 102441
248 98669
249 93701
250 89983
251 86584
252 83230
253 79605
254 76212
255 73289
256 70516
257 67644
258 65519
259 62810
260 60773
261 58287
262 56405
263 54377
264 51942
265 50268
266 49062
267 47615
268 46151
269 45081
270 44099
271 42836
272 42409
273 41367
274 40824
275 40093
276 39816
277 39480
278 39309
279 39557
280 39725
281 39515
282 39779
283 39824
284 39835
285 39777
286 40318
287 40369
288 40515
289 41112
290 41457
291 41793
292 42324
293 42915
294 43338
295 43370
296 43901
297 44059
298 44603
299 45670
300 45677
301 46377
302 47636
303 47339
304 48145
305 48505
306 49073
307 49632
308 49829
309 49988
310 50228
311 51180
312 50923
313 51870
314 51762
315 51953
316 52588
317 52411
318 52831
319 53205
320 53010
321 53409
322 53261
323 53319
324 53602
325 52696
326 53132
327 53118
328 53148
329 53276
330 52566
331 52712
332 52692
333 51947
334 52033
335 51800
336 51065
337 50893
338 50423
339 50170
340 50279
341 49347
342 48963
343 48767
344 48341
345 47489
346 47244
347 46260
348 45106
349 44758
350 44681
351 44040
352 43128
353 42483
354 41963
355 40951
356 40794
357 40306
358 39761
359 38940
360 38181
361 37993
362 37383
363 36669
364 36175
365 35208
366 35163
367 34286
368 33919
369 33402
370 32881
371 32041
372 31785
373 30866
374 30370
375 30204
376 29682
377 29221
378 29269
379 28854
380 28388
381 27973
382 27392
383 27162
384 26988
385 26864
386 26826
387 26367
388 26072
389 25822
390 25354
391 25460
392 25410
393 25026
394 25291
395 25017
396 24725
397 24519
398 24485
399 24518
400 24034
401 24119
402 23803
403 24054
404 23641
405 24002
406 24421
407 24168
408 24347
409 24005
410 23885
411 24078
412 24222
413 24359
414 24583
415 24051
416 24460
417 24189
418 24415
419 24289
420 24249
421 24589
422 24398
423 24546
424 24429
425 24293
426 24394
427 24465
428 24536
429 24387
430 24453
431 24782
432 24551
433 24631
434 24516
435 24605
436 24428
437 24586
438 24360
439 24476
440 24325
441 24151
442 23848
443 24449
444 23993
445 23772
446 24178
447 23845
448 23959
449 24071
450 23899
451 23626
452 23161
453 23235
454 23115
455 22921
456 22772
457 22705
458 22558
459 22649
460 22135
461 22392
462 21834
463 21752
464 21694
465 21331
466 21749
467 20977
468 21166
469 21022
470 20844
471 20652
472 20508
473 20554
474 20282
475 20006
476 20158
477 19789
478 20020
479 19879
480 19288
481 19517
482 18996
483 19119
484 18587
485 18670
486 18447
487 18446
488 18266
489 18072
490 18056
491 17954
492 17849
493 17447
494 17433
495 16798
496 17241
497 16919
498 16642
499 16320
500 16324
501 16285
502 16110
503 16032
504 15913
505 15857
506 15373
507 15435
508 15282
509 15381
510 15120
511 15082
512 14910
513 14605
514 14894
515 14618
516 14602
517 14602
518 14477
519 14515
520 14607
521 14635
522 14700
523 14440
524 14198
525 14269
526 14133
527 13861
528 14033
529 14093
530 14168
531 14192
532 13978
533 14113
534 14030
535 13768
536 13851
537 13490
538 13582
539 13788
540 13199
541 13409
542 13569
543 13690
544 13618
545 13504
546 13480
547 13690
548 13526
549 13420
550 13096
551 13502
552 13211
553 13261
554 13268
555 13020
556 12980
557 13277
558 12914
559 12987
560 13025
561 13264
562 13075
563 12642
564 12876
565 12745
566 12813
567 12722
568 12784
569 12879
570 12814
571 12601
572 12377
573 12513
574 12317
575 12502
576 12387
577 12314
578 12348
579 12287
580 12378
581 12091
582 12365
583 12132
584 12320
585 12302
586 12001
587 11963
588 11953
589 12070
590 11678
591 11587
592 11783
593 11693
594 11741
595 11719
596 11832
597 11729
598 11581
599 11487
600 11565
601 11477
602 11439
603 11415
604 11409
605 11333
606 11263
607 11201
608 11320
609 11409
610 10988
611 10794
612 11040
613 10941
614 11014
615 10798
616 10647
617 10741
618 10501
619 10530
620 10424
621 10558
622 10210
623 10267
624 10308
625 10400
626 10136
627 10056
628 10030
629 9681
630 9677
631 9612
632 9640
633 9590
634 9406
635 9613
636 9687
637 9762
638 9533
639 9644
640 9610
641 9341
642 9411
643 9330
644 9394
645 9435
646 9330
647 9337
648 9099
649 9133
650 9132
651 9016
652 8939
653 9134
654 9057
655 9006
656 9052
657 9240
658 8906
659 8967
660 9123
661 8933
662 8836
663 9110
664 8959
665 8950
666 8810
667 8951
668 8863
669 8681
670 8500
671 8523
672 8633
673 8567
674 8531
675 8442
676 8557
677 8648
678 8386
679 8496
680 8569
681 8400
682 8513
683 8473
684 8677
685 8593
686 8386
687 8624
688 8555
689 8228
690 8421
691 8366
692 8253
693 8057
694 8125
695 8103
696 8147
697 8001
698 7872
699 7948
700 8073
701 7936
702 8008
703 7819
704 7917
705 7912
706 7827
707 7827
708 7741
709 7811
710 7596
711 7650
712 7482
713 7654
714 7553
715 7631
716 7637
717 7536
718 7597
719 7514
720 7566
721 7427
722 7427
723 7464
724 7291
725 7296
726 7217
727 7213
728 7258
729 7114
730 7018
731 7117
732 7152
733 7004
734 7141
735 7181
736 7091
737 6885
738 6948
739 6824
740 6907
741 6884
742 6950
743 6919
744 6683
745 6762
746 6862
747 6605
748 6619
749 6612
750 6621
751 6547
752 6565
753 6508
754 6510
755 6514
756 6431
757 6322
758 6317
759 6304
760 6226
761 6257
762 6073
763 6139
764 6265
765 6235
766 6096
767 6121
768 6229
769 6210
770 6228
771 6174
772 6098
773 6038
774 6284
775 6112
776 5956
777 6145
778 6032
779 5974
780 6000
781 5881
782 6040
783 6017
784 6027
785 5880
786 5724
787 5871
788 5865
789 5731
790 5750
791 5704
792 5763
793 5797
794 5793
795 5707
796 5728
797 5768
798 5680
799 5752
800 5731
801 5721
802 5738
803 5844
804 5674
805 5756
806 5702
807 5768
808 5598
809 5666
810 5423
811 5635
812 5616
813 5520
814 5377
815 5440
816 5456
817 5449
818 5374
819 5424
820 5472
821 5496
822 5498
823 5311
824 5429
825 5381
826 5268
827 5380
828 5471
829 5407
830 5318
831 5314
832 5371
833 5235
834 5289
835 5259
836 5177
837 5255
838 5101
839 5210
840 5286
841 5125
842 5359
843 5278
844 5236
845 5087
846 5093
847 5210
848 5153
849 5165
850 5078
851 5117
852 5000
853 5053
854 4906
855 5076
856 4937
857 4972
858 5000
859 4912
860 5011
861 4947
862 4887
863 4905
864 4967
865 4812
866 4924
867 4829
868 4889
869 4715
870 4746
871 4815
872 4792
873 4653
874 4791
875 4736
876 4730
877 4845
878 4573
879 4604
880 4575
881 4478
882 4553
883 4592
884 4612
885 4640
886 4650
887 4601
888 4586
889 4471
890 4641
891 4512
892 4460
893 4393
894 4409
895 4521
896 4466
897 4433
898 4396
899 4424
900 4338
901 4273
902 4405
903 4194
904 4243
905 4284
906 4264
907 4291
908 4315
909 4338
910 4182
911 4292
912 4255
913 4282
914 4240
915 4368
916 4337
917 4196
918 4267
919 4361
920 4362
921 4100
922 4218
923 4196
924 4304
925 4298
926 4305
927 4330
928 4133
929 4226
930 4200
931 4173
932 4210
933 4221
934 4212
935 4141
936 4136
937 4081
938 4171
939 4130
940 4005
941 4080
942 4201
943 4074
944 4053
945 4042
946 4003
947 4017
948 3988
949 3967
950 3844
951 4024
952 4038
953 3988
954 4017
955 3860
956 3893
957 3939
958 3904
959 3981
960 3877
961 3887
962 3894
963 3926
964 3725
965 3838
966 3777
967 3780
968 3782
969 3820
970 3782
971 3792
972 3814
973 3726
974 3752
975 3833
976 3741
977 3701
978 3835
979 3691
980 3740
981 3650
982 3646
983 3676
984 3646
985 3571
986 3457
987 3613
988 3680
989 3566
990 3507
991 3523
992 3573
993 3513
994 3480
995 3471
996 3486
997 3526
998 3538
999 3472
1000 3543
1001 3611
1002 3484
1003 3462
1004 3511
1005 3469
1006 3609
1007 3419
1008 3328
1009 3420
1010 3415
1011 3373
1012 3355
1013 3482
1014 3488
1015 3476
1016 3443
1017 3261
1018 3410
1019 3430
1020 3408
1021 3335
1022 3427
1023 3491
1024 3335
1025 3393
1026 3439
1027 3288
1028 3382
1029 3366
1030 3401
1031 3240
1032 3324
1033 3364
1034 3306
1035 3247
1036 3195
1037 3231
1038 3276
1039 3274
1040 3320
1041 3345
1042 3263
1043 3304
1044 3262
1045 3363
1046 3224
1047 3246
1048 3316
1049 3348
1050 3284
1051 3166
1052 3241
1053 3298
1054 3285
1055 3257
1056 3265
1057 3204
1058 3170
1059 3244
1060 3112
1061 3190
1062 3148
1063 3150
1064 3153
1065 2994
1066 3099
1067 3076
1068 3008
1069 3101
1070 3064
1071 3068
1072 3121
1073 3036
1074 3056
1075 3160
1076 3136
1077 2988
1078 3107
1079 3029
1080 3017
1081 3065
1082 3030
1083 3043
1084 3096
1085 3102
1086 3063
1087 3075
1088 3032
1089 3089
1090 3016
1091 3028
1092 3018
1093 2990
1094 3053
1095 3025
1096 3026
1097 2933
1098 2991
1099 2817
1100 3058
1101 2787
1102 2957
1103 2817
1104 2815
1105 2851
1106 2807
1107 2842
1108 2867
1109 2752
1110 2898
1111 2896
1112 2853
1113 2866
1114 2805
1115 2724
1116 2786
1117 2700
1118 2727
1119 2695
1120 2680
1121 2590
1122 2758
1123 2751
1124 2710
1125 2700
1126 2678
1127 2768
1128 2694
1129 2735
1130 2592
1131 2705
1132 2670
1133 2738
1134 2711
1135 2679
1136 2709
1137 2719
1138 2701
1139 2681
1140 2674
1141 2615
1142 2752
1143 2782
1144 2644
1145 2788
1146 2636
1147 2639
1148 2655
1149 2727
1150 2695
1151 2625
1152 2686
1153 2663
1154 2656
1155 2536
1156 2630
1157 2696
1158 2708
1159 2562
1160 2607
1161 2653
1162 2648
1163 2602
1164 2621
1165 2568
1166 2762
1167 2602
1168 2622
1169 2621
1170 2467
1171 2461
1172 2555
1173 2480
1174 2620
1175 2580
1176 2535
1177 2454
1178 2493
1179 2566
1180 2532
1181 2523
1182 2467
1183 2566
1184 2412
1185 2465
1186 2620
1187 2491
1188 2434
1189 2457
1190 2453
1191 2435
1192 2447
1193 2428
1194 2370
1195 2386
1196 2378
1197 2462
1198 2425
1199 2415
1200 2361
1201 2464
1202 2433
1203 2484
1204 2413
1205 2488
1206 2440
1207 2381
1208 2379
1209 2425
1210 2390
1211 2455
1212 2333
1213 2421
1214 2355
1215 2404
1216 2418
1217 2412
1218 2318
1219 2352
1220 2291
1221 2424
1222 2409
1223 2381
1224 2303
1225 2407
1226 2314
1227 2373
1228 2280
1229 2285
1230 2292
1231 2400
1232 2386
1233 2311
1234 2385
1235 2336
1236 2299
1237 2175
1238 2292
1239 2200
1240 2245
1241 2283
1242 2318
1243 2182
1244 2292
1245 2257
1246 2231
1247 2265
1248 2186
1249 2292
1250 2189
1251 2249
1252 2330
1253 2276
1254 2204
1255 2209
1256 2251
1257 2167
1258 2192
1259 2169
1260 2194
1261 2144
1262 2080
1263 2135
1264 2143
1265 2127
1266 2158
1267 2090
1268 2165
1269 2169
1270 2188
1271 2144
1272 2224
1273 2177
1274 2154
1275 2197
1276 2210
1277 2105
1278 2082
1279 2165
1280 2135
1281 2165
1282 2155
1283 2116
1284 2146
1285 2133
1286 2092
1287 2169
1288 2121
1289 2144
1290 2183
1291 2075
1292 2164
1293 2082
1294 2146
1295 2146
1296 2136
1297 2153
1298 2039
1299 2117
1300 2082
1301 2109
1302 2078
1303 2094
1304 2092
1305 2097
1306 1968
1307 2176
1308 2073
1309 2006
1310 2061
1311 2021
1312 2007
1313 1969
1314 2033
1315 2004
1316 2118
1317 2022
1318 1988
1319 2014
1320 1985
1321 2066
1322 2047
1323 2058
1324 2073
1325 1998
1326 2016
1327 2082
1328 1983
1329 2026
1330 2041
1331 2033
1332 1994
1333 2007
1334 1989
1335 1991
1336 2023
1337 1965
1338 1928
1339 1936
1340 1891
1341 1959
1342 1967
1343 2004
1344 1952
1345 2012
1346 1931
1347 1927
1348 1866
1349 1890
1350 1980
1351 1970
1352 1889
1353 1930
1354 1904
1355 1926
1356 1936
1357 1881
1358 1980
1359 1882
1360 1907
1361 1868
1362 1925
1363 1959
1364 1950
1365 1915
1366 1942
1367 1912
1368 1899
1369 1900
1370 1881
1371 1863
1372 1866
1373 1865
1374 1889
1375 1823
1376 1772
1377 1823
1378 1873
1379 1860
1380 1833
1381 1825
1382 1850
1383 1848
1384 1800
1385 1800
1386 1806
1387 1790
1388 1767
1389 1786
1390 1857
1391 1812
1392 1770
1393 1750
1394 1783
1395 1818
1396 1849
1397 1838
1398 1801
1399 1769
1400 1760
1401 1760
1402 1757
1403 1813
1404 1759
1405 1799
1406 1763
1407 1746
1408 1674
1409 1719
1410 1747
1411 1797
1412 1834
1413 1736
1414 1792
1415 1742
1416 1744
1417 1818
1418 1845
1419 1797
1420 1794
1421 1809
1422 1815
1423 1777
1424 1758
1425 1793
1426 1773
1427 1716
1428 1759
1429 1697
1430 1722
1431 1731
1432 1685
1433 1638
1434 1706
1435 1735
1436 1761
1437 1783
1438 1701
1439 1708
1440 1682
1441 1650
1442 1740
1443 1672
1444 1604
1445 1695
1446 1658
1447 1639
1448 1639
1449 1692
1450 1606
1451 1688
1452 1709
1453 1700
1454 1674
1455 1703
1456 1729
1457 1673
1458 1656
1459 1714
1460 1589
1461 1671
1462 1622
1463 1605
1464 1579
1465 1675
1466 1642
1467 1666
1468 1651
1469 1600
1470 1615
1471 1528
1472 1571
1473 1527
1474 1588
1475 1527
1476 1555
1477 1585
1478 1633
1479 1614
1480 1592
1481 1636
1482 1627
1483 1547
1484 1607
1485 1623
1486 1620
1487 1657
1488 1619
1489 1586
1490 1611
1491 1635
1492 1517
1493 1566
1494 1644
1495 1523
1496 1599
1497 1564
1498 1543
1499 1512
1500 1502
1501 1521
1502 1541
1503 1508
1504 1421
1505 1518
1506 1507
1507 1533
1508 1556
1509 1579
1510 1544
1511 1404
1512 1550
1513 1537
1514 1514
1515 1500
1516 1543
1517 1498
1518 1527
1519 1452
1520 1438
1521 1511
1522 1445
1523 1504
1524 1485
1525 1491
1526 1540
1527 1540
1528 1392
1529 1480
1530 1475
1531 1498
1532 1469
1533 1393
1534 1470
1535 1500
1536 1489
1537 1490
1538 1442
1539 1534
1540 1419
1541 1516
1542 1407
1543 1463
1544 1450
1545 1387
1546 1496
1547 1468
1548 1408
1549 1541
1550 1460
1551 1433
1552 1455
1553 1418
1554 1432
1555 1458
1556 1443
1557 1398
1558 1374
1559 1419
1560 1406
1561 1400
1562 1423
1563 1379
1564 1384
1565 1358
1566 1407
1567 1439
1568 1485
1569 1416
1570 1447
1571 1461
1572 1373
1573 1469
1574 1441
1575 1457
1576 1348
1577 1426
1578 1394
1579 1404
1580 1404
1581 1388
1582 1468
1583 1441
1584 1348
1585 1309
1586 1419
1587 1362
1588 1430
1589 1474
1590 1342
1591 1392
1592 1374
1593 1417
1594 1356
1595 1359
1596 1289
1597 1366
1598 1331
1599 1381
1600 1358
1601 1406
1602 1299
1603 1335
1604 1411
1605 1318
1606 1329
1607 1386
1608 1388
1609 1342
1610 1320
1611 1331
1612 1443
1613 1355
1614 1353
1615 1353
1616 1315
1617 1347
1618 1302
1619 1321
1620 1306
1621 1316
1622 1262
1623 1346
1624 1350
1625 1278
1626 1331
1627 1375
1628 1376
1629 1363
1630 1277
1631 1362
1632 1328
1633 1298
1634 1327
1635 1301
1636 1326
1637 1281
1638 1352
1639 1314
1640 1309
1641 1305
1642 1390
1643 1339
1644 1308
1645 1315
1646 1337
1647 1197
1648 1283
1649 1295
1650 1298
1651 1253
1652 1250
1653 1290
1654 1270
1655 1219
1656 1322
1657 1278
1658 1284
1659 1239
1660 1369
1661 1265
1662 1384
1663 1316
1664 1323
1665 1362
1666 1377
1667 1283
1668 1220
1669 1333
1670 1296
1671 1247
1672 1244
1673 1255
1674 1266
1675 1284
1676 1202
1677 1223
1678 1296
1679 1263
1680 1170
1681 1274
1682 1157
1683 1181
1684 1230
1685 1199
1686 1209
1687 1229
1688 1218
1689 1140
1690 1178
1691 1230
1692 1244
1693 1216
1694 1239
1695 1249
1696 1232
1697 1248
1698 1230
1699 1205
1700 1182
1701 1248
1702 1205
1703 1179
1704 1253
1705 1190
1706 1286
1707 1220
1708 1212
1709 1219
1710 1281
1711 1185
1712 1186
1713 1156
1714 1187
1715 1186
1716 1177
1717 1153
1718 1241
1719 1233
1720 1143
1721 1234
1722 1245
1723 1205
1724 1225
1725 1263
1726 1220
1727 1249
1728 1219
1729 1236
1730 1249
1731 1266
1732 1193
1733 1318
1734 1158
1735 1198
1736 1200
1737 1254
1738 1210
1739 1248
1740 1194
1741 1239
1742 1203
1743 1204
1744 1242
1745 1202
1746 1173
1747 1214
1748 1241
1749 1166
1750 1212
1751 1160
1752 1126
1753 1142
1754 1173
1755 1142
1756 1138
1757 1203
1758 1168
1759 1155
1760 1183
1761 1201
1762 1151
1763 1180
1764 1186
1765 1145
1766 1170
1767 1116
1768 1167
1769 1226
1770 1114
1771 1153
1772 1157
1773 1193
1774 1134
1775 1147
1776 1120
1777 1077
1778 1176
1779 1112
1780 1139
1781 1066
1782 1120
1783 1105
1784 1098
1785 1089
1786 1137
1787 1131
1788 1094
1789 1141
1790 1129
1791 1147
1792 1088
1793 1109
1794 1118
1795 1089
1796 1046
1797 1112
1798 1094
1799 1090
1800 1117
1801 1103
1802 1075
1803 1090
1804 1107
1805 1089
1806 1066
1807 1051
1808 1117
1809 1052
1810 1073
1811 1028
1812 1094
1813 1057
1814 1061
1815 999
1816 1101
1817 1061
1818 990
1819 1047
1820 1054
1821 1029
1822 1011
1823 1036
1824 1114
1825 1040
1826 1025
1827 1025
1828 1108
1829 1076
1830 1042
1831 1089
1832 1058
1833 1071
1834 1054
1835 1040
1836 1036
1837 1060
1838 997
1839 1048
1840 998
1841 1065
1842 1011
1843 1040
1844 1074
1845 1008
1846 1084
1847 1039
1848 1018
1849 1083
1850 1016
1851 1108
1852 1107
1853 1015
1854 1072
1855 967
1856 1096
1857 1040
1858 1022
1859 1019
1860 1013
1861 1024
1862 985
1863 999
1864 975
1865 1018
1866 1054
1867 1021
1868 974
1869 978
1870 1011
1871 978
1872 1060
1873 1005
1874 979
1875 1072
1876 1038
1877 981
1878 1056
1879 972
1880 1021
1881 983
1882 1066
1883 1001
1884 991
1885 1053
1886 996
1887 995
1888 1010
1889 974
1890 1008
1891 991
1892 992
1893 957
1894 1027
1895 1055
1896 1055
1897 959
1898 1011
1899 960
1900 1050
1901 982
1902 979
1903 954
1904 995
1905 1043
1906 1001
1907 996
1908 1010
1909 977
1910 1001
1911 955
1912 949
1913 957
1914 988
1915 961
1916 951
1917 927
1918 925
1919 908
1920 973
1921 936
1922 956
1923 999
1924 994
1925 997
1926 967
1927 947
1928 1005
1929 991
1930 947
1931 950
1932 944
1933 915
1934 984
1935 908
1936 962
1937 952
1938 924
1939 911
1940 860
1941 879
1942 929
1943 951
1944 927
1945 926
1946 906
1947 939
1948 922
1949 901
1950 869
1951 1005
1952 913
1953 935
1954 918
1955 959
1956 923
1957 869
1958 902
1959 908
1960 880
1961 937
1962 912
1963 892
1964 992
1965 893
1966 923
1967 968
1968 962
1969 983
1970 907
1971 913
1972 918
1973 946
1974 905
1975 914
1976 919
1977 912
1978 910
1979 881
1980 902
1981 932
1982 963
1983 866
1984 975
1985 961
1986 983
1987 969
1988 925
1989 942
1990 924
1991 974
1992 931
1993 901
1994 960
1995 892
1996 933
1997 913
1998 914
1999 880
2000 863
2001 896
2002 890
2003 858
2004 871
2005 890
2006 824
2007 894
2008 827
2009 847
2010 889
2011 855
2012 917
2013 863
2014 879
2015 918
2016 847
2017 939
2018 919
2019 924
2020 878
2021 858
2022 907
2023 889
2024 854
2025 845
2026 895
2027 904
2028 958
2029 911
2030 885
2031 962
2032 895
2033 871
2034 900
2035 896
2036 937
2037 910
2038 864
2039 833
2040 863
2041 893
2042 797
2043 828
2044 879
2045 878
2046 842
2047 829
2048 873
2049 855
2050 867
2051 851
2052 876
2053 871
2054 842
2055 789
2056 858
2057 868
2058 857
2059 873
2060 849
2061 795
2062 839
2063 884
2064 851
2065 887
2066 858
2067 887
2068 849
2069 860
2070 862
2071 844
2072 857
2073 840
2074 892
2075 877
2076 809
2077 884
2078 827
2079 855
2080 816
2081 893
2082 866
2083 795
2084 843
2085 905
2086 869
2087 858
2088 803
2089 801
2090 832
2091 833
2092 832
2093 829
2094 827
2095 819
2096 852
2097 812
2098 801
2099 824
2100 816
2101 823
2102 856
2103 872
2104 825
2105 821
2106 870
2107 850
2108 869
2109 795
2110 899
2111 822
2112 843
2113 852
2114 807
2115 830
2116 835
2117 838
2118 801
2119 792
2120 819
2121 781
2122 776
2123 815
2124 842
2125 789
2126 782
2127 782
2128 769
2129 814
2130 828
2131 831
2132 855
2133 750
2134 851
2135 797
2136 790
2137 777
2138 768
2139 797
2140 781
2141 750
2142 843
2143 786
2144 774
2145 766
2146 763
2147 761
2148 797
2149 819
2150 844
2151 810
2152 773
2153 804
2154 836
2155 815
2156 797
2157 752
2158 780
2159 767
2160 796
2161 839
2162 753
2163 732
2164 734
2165 846
2166 732
2167 807
2168 816
2169 796
2170 738
2171 769
2172 802
2173 754
2174 777
2175 749
2176 805
2177 792
2178 781
2179 824
2180 839
2181 824
2182 796
2183 754
2184 810
2185 809
2186 782
2187 790
2188 752
2189 793
2190 761
2191 792
2192 807
2193 766
2194 776
2195 814
2196 747
2197 751
2198 798
2199 737
2200 762
2201 775
2202 767
2203 783
2204 764
2205 753
2206 818
2207 787
2208 841
2209 761
2210 798
2211 741
2212 745
2213 747
2214 794
2215 775
2216 796
2217 776
2218 701
2219 773
2220 769
2221 773
2222 782
2223 812
2224 726
2225 756
2226 773
2227 805
2228 739
2229 772
2230 744
2231 792
2232 774
2233 762
2234 760
2235 727
2236 782
2237 732
2238 745
2239 770
2240 758
2241 796
2242 704
2243 730
2244 739
2245 743
2246 760
2247 751
2248 742
2249 711
2250 765
2251 763
2252 737
2253 723
2254 705
2255 769
2256 776
2257 768
2258 770
2259 734
2260 742
2261 742
2262 762
2263 766
2264 790
2265 746
2266 774
2267 730
2268 753
2269 744
2270 793
2271 781
2272 739
2273 769
2274 779
2275 727
2276 738
2277 781
2278 740
2279 736
2280 727
2281 698
2282 747
2283 742
2284 718
2285 755
2286 746
2287 712
2288 747
2289 702
2290 718
2291 695
2292 728
2293 726
2294 751
2295 712
2296 683
2297 683
2298 784
2299 719
2300 718
2301 757
2302 724
2303 744
2304 733
2305 683
2306 718
2307 791
2308 754
2309 744
2310 772
2311 758
2312 689
2313 770
2314 739
2315 773
2316 725
2317 741
2318 737
2319 742
2320 773
2321 749
2322 748
2323 776
2324 776
2325 733
2326 786
2327 759
2328 795
2329 735
2330 771
2331 757
2332 771
2333 787
2334 747
2335 778
2336 786
2337 736
2338 830
2339 742
2340 742
2341 700
2342 709
2343 732
2344 834
2345 755
2346 739
2347 760
2348 725
2349 801
2350 771
2351 749
2352 769
2353 767
2354 763
2355 775
2356 796
2357 688
2358 730
2359 763
2360 773
2361 721
2362 739
2363 751
2364 751
2365 792
2366 788
2367 740
2368 743
2369 776
2370 756
2371 692
2372 704
2373 742
2374 767
2375 705
2376 718
2377 724
2378 733
2379 715
2380 742
2381 772
2382 772
2383 720
2384 755
2385 775
2386 764
2387 776
2388 787
2389 745
2390 775
2391 764
2392 770
2393 748
2394 755
2395 722
2396 737
2397 777
2398 775
2399 716
2400 765
2401 701
2402 737
2403 722
2404 764
2405 723
2406 753
2407 672
2408 734
2409 750
2410 737
2411 721
2412 733
2413 715
2414 736
2415 750
2416 806
2417 789
2418 765
2419 774
2420 790
2421 775
2422 756
2423 708
2424 794
2425 784
2426 704
2427 768
2428 764
2429 752
2430 789
2431 770
2432 702
2433 781
2434 808
2435 747
2436 780
2437 729
2438 801
2439 787
2440 756
2441 797
2442 755
2443 797
2444 791
2445 806
2446 800
2447 818
2448 780
2449 724
2450 739
2451 786
2452 798
2453 807
2454 796
2455 814
2456 804
2457 801
2458 822
2459 781
2460 755
2461 796
2462 766
2463 786
2464 819
2465 734
2466 776
2467 765
2468 761
2469 837
2470 764
2471 755
2472 804
2473 840
2474 811
2475 836
2476 736
2477 785
2478 775
2479 802
2480 792
2481 782
2482 774
2483 847
2484 762
2485 778
2486 788
2487 807
2488 867
2489 789
2490 798
2491 788
2492 790
2493 829
2494 799
2495 784
2496 824
2497 821
2498 784
2499 838
2500 872
2501 853
2502 766
2503 836
2504 817
2505 845
2506 811
2507 844
2508 785
2509 825
2510 838
2511 808
2512 822
2513 811
2514 835
2515 823
2516 850
2517 837
2518 827
2519 876
2520 902
2521 855
2522 850
2523 847
2524 856
2525 846
2526 830
2527 888
2528 886
2529 814
2530 858
2531 872
2532 845
2533 851
2534 866
2535 812
2536 825
2537 802
2538 859
2539 816
2540 853
2541 846
2542 849
2543 790
2544 821
2545 787
2546 827
2547 783
2548 825
2549 819
2550 818
2551 826
2552 857
2553 811
2554 906
2555 878
2556 895
2557 847
2558 920
2559 843
2560 855
2561 884
2562 804
2563 828
2564 832
2565 798
2566 856
2567 851
2568 776
2569 853
2570 832
2571 813
2572 838
2573 823
2574 845
2575 791
2576 859
2577 857
2578 900
2579 873
2580 863
2581 870
2582 898
2583 895
2584 856
2585 883
2586 874
2587 908
2588 873
2589 900
2590 882
2591 827
2592 913
2593 915
2594 872
2595 916
2596 909
2597 883
2598 900
2599 927
2600 903
2601 914
2602 854
2603 896
2604 895
2605 920
2606 852
2607 940
2608 853
2609 883
2610 921
2611 946
2612 929
2613 929
2614 917
2615 918
2616 928
2617 918
2618 888
2619 915
2620 895
2621 931
2622 988
2623 956
2624 916
2625 901
2626 927
2627 905
2628 914
2629 955
2630 882
2631 935
2632 952
2633 1003
2634 938
2635 911
2636 980
2637 979
2638 986
2639 932
2640 910
2641 947
2642 909
2643 947
2644 915
2645 1000
2646 971
2647 941
2648 960
2649 893
2650 1039
2651 930
2652 997
2653 1033
2654 983
2655 994
2656 946
2657 965
2658 991
2659 990
2660 1042
2661 982
2662 985
2663 1008
2664 1018
2665 990
2666 992
2667 984
2668 1010
2669 959
2670 1001
2671 1000
2672 999
2673 1015
2674 1018
2675 984
2676 1040
2677 954
2678 1016
2679 1061
2680 979
2681 1026
2682 981
2683 1048
2684 988
2685 1037
2686 974
2687 976
2688 992
2689 959
2690 996
2691 990
2692 1050
2693 1041
2694 993
2695 930
2696 968
2697 984
2698 956
2699 943
2700 990
2701 1001
2702 1011
2703 966
2704 982
2705 973
2706 997
2707 984
2708 1040
2709 1032
2710 1058
2711 1024
2712 988
2713 1007
2714 1057
2715 1047
2716 1018
2717 1029
2718 1047
2719 1045
2720 1016
2721 989
2722 981
2723 1041
2724 1013
2725 1047
2726 1029
2727 1039
2728 1018
2729 1042
2730 1013
2731 1054
2732 1095
2733 1063
2734 1107
2735 1051
2736 1074
2737 1007
2738 1064
2739 1091
2740 1038
2741 1070
2742 1128
2743 1069
2744 1094
2745 1069
2746 1074
2747 1026
2748 1144
2749 1110
2750 1140
2751 1122
2752 1093
2753 1133
2754 1081
2755 1044
2756 1066
2757 1143
2758 1135
2759 1057
2760 1033
2761 1024
2762 1057
2763 1082
2764 1121
2765 1034
2766 1082
2767 1123
2768 1100
2769 1083
2770 1180
2771 1120
2772 1118
2773 1077
2774 1174
2775 1070
2776 1115
2777 1083
2778 1099
2779 1062
2780 1081
2781 1053
2782 1048
2783 1080
2784 1104
2785 1114
2786 1090
2787 1097
2788 1013
2789 1021
2790 1059
2791 1103
2792 1087
2793 1057
2794 1073
2795 1028
2796 1095
2797 1082
2798 1041
2799 1062
2800 1098
2801 1083
2802 1142
2803 1115
2804 1068
2805 1080
2806 1114
2807 1112
2808 1064
2809 1069
2810 1144
2811 1065
2812 1065
2813 1090
2814 1063
2815 1144
2816 1114
2817 1099
2818 1141
2819 1070
2820 1042
2821 1098
2822 1061
2823 1105
2824 1037
2825 1075
2826 1079
2827 1118
2828 1046
2829 1047
2830 1085
2831 1119
2832 1114
2833 1144
2834 1138
2835 1144
2836 1139
2837 1130
2838 1100
2839 1061
2840 1117
2841 1098
2842 1148
2843 1071
2844 1109
2845 1091
2846 1147
2847 1094
2848 1143
2849 1087
2850 1162
2851 1121
2852 1107
2853 1104
2854 1118
2855 1062
2856 1107
2857 1104
2858 1106
2859 1061
2860 1013
2861 1048
2862 1029
2863 1074
2864 1069
2865 1017
2866 1082
2867 1018
2868 1079
2869 1076
2870 1054
2871 1043
2872 1066
2873 1022
2874 1078
2875 1048
2876 1017
2877 1056
2878 1015
2879 1033
2880 1028
2881 1017
2882 986
2883 989
2884 1040
2885 1085
2886 1019
2887 1053
2888 1038
2889 1039
2890 1041
2891 1022
2892 1032
2893 1089
2894 1001
2895 1093
2896 1016
2897 1009
2898 1033
2899 1069
2900 1049
2901 1000
2902 1010
2903 991
2904 984
2905 1083
2906 998
2907 1029
2908 984
2909 995
2910 971
2911 1041
2912 1022
2913 953
2914 1028
2915 992
2916 1024
2917 970
2918 1005
2919 989
2920 967
2921 979
2922 983
2923 1017
2924 1021
2925 1024
2926 1001
2927 980
2928 1026
2929 979
2930 970
2931 1048
2932 917
2933 1005
2934 1002
2935 1039
2936 1005
2937 1025
2938 960
2939 1014
2940 1005
2941 985
2942 983
2943 1004
2944 1014
2945 1056
2946 1008
2947 1046
2948 958
2949 1027
2950 1042
2951 1086
2952 979
2953 1036
2954 1001
2955 982
2956 966
2957 959
2958 939
2959 979
2960 1006
2961 967
2962 995
2963 1026
2964 941
2965 992
2966 992
2967 968
2968 970
2969 985
2970 988
2971 1012
2972 983
2973 978
2974 970
2975 1029
2976 974
2977 966
2978 1063
2979 970
2980 1081
2981 968
2982 978
2983 1001
2984 998
2985 1025
2986 977
2987 986
2988 970
2989 938
2990 933
2991 957
2992 978
2993 984
2994 996
2995 939
2996 929
2997 988
2998 980
2999 973
3000 944
3001 966
3002 974
3003 875
3004 874
3005 928
3006 897
3007 961
3008 892
3009 962
3010 875
3011 852
3012 900
3013 892
3014 937
3015 910
3016 941
3017 955
3018 929
3019 920
3020 979
3021 924
3022 1014
3023 949
3024 957
3025 896
3026 916
3027 923
3028 934
3029 956
3030 912
3031 915
3032 918
3033 872
3034 929
3035 908
3036 986
3037 901
3038 926
3039 943
3040 915
3041 901
3042 899
3043 864
3044 872
3045 822
3046 878
3047 878
3048 911
3049 922
3050 917
3051 872
3052 867
3053 825
3054 905
3055 900
3056 873
3057 892
3058 842
3059 826
3060 875
3061 815
3062 884
3063 896
3064 906
3065 857
3066 876
3067 872
3068 857
3069 843
3070 816
3071 866
3072 807
3073 838
3074 804
3075 891
3076 757
3077 794
3078 765
3079 800
3080 807
3081 738
3082 819
3083 757
3084 789
3085 787
3086 827
3087 811
3088 848
3089 810
3090 868
3091 792
3092 770
3093 820
3094 802
3095 762
3096 753
3097 783
3098 832
3099 830
3100 788
3101 762
3102 797
3103 783
3104 754
3105 760
3106 739
3107 756
3108 804
3109 761
3110 783
3111 738
3112 716
3113 743
3114 702
3115 755
3116 713
3117 710
3118 741
3119 737
3120 685
3121 732
3122 728
3123 725
3124 721
3125 764
3126 692
3127 694
3128 677
3129 708
3130 745
3131 699
3132 708
3133 726
3134 686
3135 693
3136 676
3137 697
3138 673
3139 683
3140 701
3141 698
3142 742
3143 714
3144 668
3145 702
3146 683
3147 625
3148 709
3149 684
3150 685
3151 652
3152 690
3153 642
3154 696
3155 695
3156 676
3157 656
3158 643
3159 665
3160 651
3161 666
3162 627
3163 685
3164 638
3165 664
3166 628
3167 635
3168 632
3169 604
3170 604
3171 571
3172 601
3173 631
3174 617
3175 638
3176 641
3177 630
3178 620
3179 591
3180 608
3181 596
3182 561
3183 599
3184 663
3185 605
3186 631
3187 607
3188 637
3189 597
3190 607
3191 608
3192 569
3193 595
3194 546
3195 608
3196 608
3197 611
3198 622
3199 583
3200 590
3201 591
3202 550
3203 584
3204 558
3205 578
3206 605
3207 571
3208 502
3209 602
3210 571
3211 581
3212 587
3213 574
3214 569
3215 629
3216 560
3217 537
3218 574
3219 541
3220 556
3221 533
3222 584
3223 505
3224 562
3225 543
3226 553
3227 507
3228 580
3229 512
3230 542
3231 531
3232 571
3233 546
3234 540
3235 512
3236 568
3237 535
3238 562
3239 562
3240 513
3241 578
3242 569
3243 570
3244 529
3245 473
3246 552
3247 526
3248 483
3249 515
3250 552
3251 504
3252 489
3253 544
3254 500
3255 515
3256 497
3257 521
3258 480
3259 520
3260 498
3261 528
3262 503
3263 526
3264 528
3265 499
3266 529
3267 530
3268 552
3269 484
3270 497
3271 496
3272 536
3273 482
3274 491
3275 503
3276 520
3277 534
3278 505
3279 487
3280 520
3281 514
3282 520
3283 482
3284 550
3285 476
3286 495
3287 468
3288 469
3289 463
3290 492
3291 503
3292 500
3293 477
3294 469
3295 464
3296 473
3297 446
3298 469
3299 424
3300 439
3301 471
3302 439
3303 455
3304 445
3305 424
3306 435
3307 453
3308 422
3309 431
3310 434
3311 457
3312 439
3313 464
3314 400
3315 394
3316 421
3317 427
3318 452
3319 427
3320 426
3321 415
3322 427
3323 415
3324 396
3325 414
3326 422
3327 386
3328 426
3329 361
3330 427
3331 389
3332 406
3333 404
3334 420
3335 414
3336 411
3337 404
3338 417
3339 418
3340 386
3341 421
3342 392
3343 371
3344 400
3345 392
3346 374
3347 356
3348 387
3349 411
3350 390
3351 367
3352 383
3353 388
3354 380
3355 401
3356 384
3357 358
3358 367
3359 380
3360 369
3361 393
3362 345
3363 376
3364 382
3365 387
3366 367
3367 352
3368 406
3369 399
3370 375
3371 390
3372 358
3373 348
3374 399
3375 383
3376 395
3377 390
3378 371
3379 419
3380 405
3381 385
3382 371
3383 432
3384 430
3385 380
3386 369
3387 382
3388 377
3389 380
3390 406
3391 390
3392 352
3393 375
3394 366
3395 365
3396 373
3397 350
3398 343
3399 379
3400 367
3401 364
3402 326
3403 343
3404 357
3405 376
3406 366
3407 362
3408 347
3409 342
3410 387
3411 342
3412 296
3413 340
3414 359
3415 351
3416 314
3417 343
3418 363
3419 320
3420 318
3421 329
3422 343
3423 324
3424 378
3425 350
3426 326
3427 357
3428 326
3429 315
3430 327
3431 321
3432 339
3433 313
3434 339
3435 308
3436 326
3437 291
3438 332
3439 328
3440 284
3441 300
3442 311
3443 304
3444 310
3445 304
3446 310
3447 316
3448 339
3449 313
3450 309
3451 311
3452 347
3453 288
3454 344
3455 344
3456 328
3457 322
3458 309
3459 305
3460 338
3461 324
3462 322
3463 313
3464 319
3465 328
3466 343
3467 351
3468 299
3469 326
3470 324
3471 321
3472 328
3473 319
3474 340
3475 311
3476 269
3477 325
3478 315
3479 301
3480 315
3481 308
3482 290
3483 309
3484 305
3485 335
3486 299
3487 318
3488 307
3489 319
3490 302
3491 328
3492 312
3493 316
3494 319
3495 348
3496 339
3497 293
3498 327
3499 318
3500 341
3501 317
3502 311
3503 331
3504 328
3505 352
3506 317
3507 337
3508 314
3509 282
3510 297
3511 301
3512 276
3513 304
3514 303
3515 306
3516 318
3517 327
3518 295
3519 310
3520 304
3521 324
3522 325
3523 297
3524 304
3525 275
3526 345
3527 295
3528 291
3529 299
3530 297
3531 282
3532 314
3533 290
3534 306
3535 307
3536 307
3537 294
3538 286
3539 283
3540 297
3541 281
3542 271
3543 315
3544 313
3545 290
3546 259
3547 273
3548 256
3549 296
3550 298
3551 298
3552 282
3553 284
3554 278
3555 253
3556 292
3557 273
3558 290
3559 255
3560 275
3561 287
3562 286
3563 266
3564 270
3565 256
3566 262
3567 263
3568 292
3569 282
3570 267
3571 300
3572 257
3573 264
3574 266
3575 271
3576 273
3577 280
3578 246
3579 259
3580 260
3581 268
3582 266
3583 277
3584 266
3585 266
3586 290
3587 257
3588 243
3589 280
3590 243
3591 271
3592 255
3593 272
3594 273
3595 280
3596 292
3597 281
3598 244
3599 294
3600 269
3601 263
3602 258
3603 277
3604 284
3605 265
3606 255
3607 268
3608 271
3609 256
3610 291
3611 274
3612 273
3613 293
3614 297
3615 288
3616 253
3617 274
3618 314
3619 281
3620 296
3621 289
3622 270
3623 275
3624 281
3625 302
3626 299
3627 285
3628 299
3629 266
3630 294
3631 264
3632 273
3633 288
3634 298
3635 252
3636 268
3637 267
3638 284
3639 276
3640 265
3641 286
3642 259
3643 259
3644 267
3645 290
3646 269
3647 273
3648 268
3649 281
3650 261
3651 271
3652 262
3653 281
3654 269
3655 290
3656 264
3657 259
3658 286
3659 271
3660 256
3661 260
3662 266
3663 266
3664 267
3665 277
3666 305
3667 260
3668 266
3669 260
3670 257
3671 258
3672 291
3673 253
3674 260
3675 256
3676 266
3677 261
3678 272
3679 252
3680 282
3681 238
3682 270
3683 274
3684 266
3685 221
3686 264
3687 277
3688 269
3689 257
3690 263
3691 262
3692 231
3693 272
3694 257
3695 274
3696 248
3697 249
3698 230
3699 218
3700 263
3701 246
3702 251
3703 275
3704 251
3705 238
3706 253
3707 269
3708 255
3709 258
3710 277
3711 245
3712 293
3713 258
3714 249
3715 281
3716 249
3717 270
3718 285
3719 239
3720 276
3721 271
3722 254
3723 284
3724 263
3725 240
3726 258
3727 266
3728 255
3729 266
3730 240
3731 246
3732 255
3733 271
3734 273
3735 285
3736 267
3737 248
3738 253
3739 259
3740 276
3741 251
3742 256
3743 255
3744 274
3745 271
3746 242
3747 254
3748 260
3749 243
3750 257
3751 257
3752 249
3753 267
3754 252
3755 264
3756 245
3757 268
3758 254
3759 251
3760 234
3761 248
3762 237
3763 281
3764 253
3765 271
3766 217
3767 242
3768 249
3769 278
3770 240
3771 272
3772 241
3773 275
3774 249
3775 281
3776 261
3777 254
3778 250
3779 247
3780 240
3781 275
3782 220
3783 251
3784 248
3785 226
3786 239
3787 282
3788 232
3789 254
3790 252
3791 239
3792 241
3793 269
3794 245
3795 246
3796 265
3797 273
3798 229
3799 274
3800 253
3801 262
3802 244
3803 249
3804 246
3805 215
3806 240
3807 237
3808 217
3809 256
3810 245
3811 248
3812 239
3813 257
3814 255
3815 249
3816 256
3817 256
3818 233
3819 229
3820 249
3821 245
3822 255
3823 219
3824 246
3825 236
3826 224
3827 246
3828 244
3829 227
3830 224
3831 265
3832 209
3833 231
3834 227
3835 240
3836 232
3837 223
3838 230
3839 251
3840 212
3841 229
3842 237
3843 224
3844 235
3845 235
3846 287
3847 254
3848 247
3849 234
3850 245
3851 254
3852 239
3853 238
3854 259
3855 256
3856 271
3857 228
3858 279
3859 268
3860 245
3861 277
3862 261
3863 234
3864 245
3865 227
3866 239
3867 237
3868 268
3869 247
3870 257
3871 236
3872 251
3873 260
3874 252
3875 232
3876 245
3877 242
3878 257
3879 248
3880 225
3881 218
3882 224
3883 230
3884 234
3885 237
3886 223
3887 253
3888 230
3889 255
3890 248
3891 230
3892 248
3893 242
3894 269
3895 275
3896 223
3897 256
3898 234
3899 241
3900 249
3901 231
3902 239
3903 258
3904 244
3905 233
3906 234
3907 225
3908 225
3909 235
3910 233
3911 233
3912 248
3913 218
3914 228
3915 240
3916 256
3917 249
3918 245
3919 241
3920 233
3921 228
3922 248
3923 220
3924 232
3925 234
3926 240
3927 218
3928 254
3929 222
3930 235
3931 257
3932 229
3933 243
3934 236
3935 251
3936 265
3937 251
3938 227
3939 233
3940 238
3941 233
3942 228
3943 240
3944 271
3945 258
3946 189
3947 208
3948 226
3949 228
3950 205
3951 214
3952 210
3953 255
3954 199
3955 233
3956 235
3957 226
3958 222
3959 238
3960 245
3961 226
3962 233
3963 248
3964 220
3965 219
3966 227
3967 239
3968 213
3969 244
3970 259
3971 217
3972 224
3973 227
3974 206
3975 244
3976 232
3977 227
3978 244
3979 244
3980 213
3981 236
3982 211
3983 188
3984 239
3985 240
3986 219
3987 235
3988 223
3989 237
3990 214
3991 228
3992 240
3993 240
3994 245
3995 213
3996 247
3997 237
3998 233
3999 232
4000 218
4001 222
4002 219
4003 239
4004 235
4005 224
4006 218
4007 206
4008 231
4009 219
4010 204
4011 238
4012 245
4013 196
4014 228
4015 230
4016 255
4017 221
4018 240
4019 233
4020 223
4021 213
4022 224
4023 223
4024 229
4025 213
4026 221
4027 231
4028 200
4029 216
4030 239
4031 235
4032 232
4033 232
4034 235
4035 228
4036 222
4037 211
4038 207
4039 223
4040 227
4041 210
4042 237
4043 251
4044 217
4045 218
4046 232
4047 226
4048 253
4049 246
4050 227
4051 209
4052 219
4053 203
4054 220
4055 227
4056 203
4057 224
4058 232
4059 230
4060 220
4061 230
4062 197
4063 217
4064 221
4065 220
4066 216
4067 214
4068 203
4069 211
4070 210
4071 212
4072 202
4073 212
4074 222
4075 211
4076 217
4077 228
4078 197
4079 210
4080 213
4081 199
4082 219
4083 195
4084 210
4085 202
4086 196
4087 205
4088 241
4089 211
4090 213
4091 223
4092 252
4093 201
4094 222
4095 220
4096 221
4097 224
4098 225
4099 200
4100 206
4101 215
4102 207
4103 198
4104 234
4105 221
4106 221
4107 192
4108 228
4109 223
4110 223
4111 251
4112 222
4113 221
4114 224
4115 235
4116 216
4117 212
4118 208
4119 225
4120 193
4121 230
4122 214
4123 211
4124 232
4125 223
4126 203
4127 213
4128 202
4129 221
4130 212
4131 237
4132 215
4133 234
4134 198
4135 220
4136 235
4137 217
4138 208
4139 212
4140 210
4141 189
4142 224
4143 220
4144 239
4145 202
4146 201
4147 209
4148 228
4149 237
4150 244
4151 216
4152 188
4153 223
4154 218
4155 228
4156 219
4157 199
4158 191
4159 197
4160 220
4161 219
4162 192
4163 196
4164 209
4165 201
4166 200
4167 204
4168 191
4169 190
4170 217
4171 229
4172 192
4173 214
4174 175
4175 174
4176 189
4177 205
4178 209
4179 215
4180 204
4181 184
4182 194
4183 214
4184 227
4185 180
4186 197
4187 202
4188 184
4189 198
4190 154
4191 221
4192 224
4193 191
4194 193
4195 189
4196 205
4197 209
4198 206
4199 213
4200 208
4201 189
4202 210
4203 200
4204 226
4205 214
4206 185
4207 208
4208 208
4209 213
4210 222
4211 197
4212 200
4213 202
4214 205
4215 172
4216 208
4217 188
4218 202
4219 192
4220 203
4221 198
4222 187
4223 204
4224 216
4225 196
4226 199
4227 187
4228 187
4229 184
4230 205
4231 196
4232 187
4233 195
4234 171
4235 206
4236 196
4237 200
4238 188
4239 183
4240 191
4241 183
4242 191
4243 206
4244 197
4245 193
4246 209
4247 172
4248 204
4249 217
4250 189
4251 211
4252 222
4253 201
4254 227
4255 198
4256 215
4257 210
4258 191
4259 211
4260 225
4261 205
4262 201
4263 178
4264 193
4265 183
4266 204
4267 182
4268 221
4269 200
4270 201
4271 192
4272 224
4273 173
4274 207
4275 224
4276 195
4277 212
4278 186
4279 209
4280 215
4281 200
4282 201
4283 206
4284 204
4285 209
4286 180
4287 223
4288 204
4289 204
4290 164
4291 210
4292 175
4293 194
4294 198
4295 192
4296 197
4297 211
4298 205
4299 188
4300 190
4301 176
4302 175
4303 191
4304 205
4305 171
4306 190
4307 205
4308 178
4309 188
4310 186
4311 185
4312 198
4313 190
4314 188
4315 167
4316 178
4317 163
4318 187
4319 181
4320 187
4321 179
4322 179
4323 206
4324 202
4325 163
4326 183
4327 222
4328 206
4329 185
4330 204
4331 188
4332 192
4333 180
4334 207
4335 197
4336 200
4337 210
4338 177
4339 189
4340 211
4341 196
4342 194
4343 206
4344 209
4345 214
4346 190
4347 210
4348 207
4349 183
4350 210
4351 204
4352 201
4353 224
4354 180
4355 193
4356 183
4357 201
4358 202
4359 198
4360 186
4361 168
4362 187
4363 190
4364 194
4365 209
4366 207
4367 200
4368 176
4369 201
4370 190
4371 217
4372 204
4373 199
4374 158
4375 219
4376 222
4377 197
4378 183
4379 188
4380 183
4381 187
4382 223
4383 173
4384 200
4385 189
4386 191
4387 190
4388 180
4389 192
4390 201
4391 195
4392 163
4393 183
4394 200
4395 179
4396 201
4397 182
4398 189
4399 194
4400 202
4401 182
4402 175
4403 177
4404 213
4405 178
4406 200
4407 168
4408 184
4409 173
4410 198
4411 171
4412 160
4413 158
4414 180
4415 196
4416 171
4417 191
4418 166
4419 191
4420 181
4421 203
4422 177
4423 195
4424 193
4425 166
4426 172
4427 163
4428 182
4429 179
4430 197
4431 190
4432 192
4433 183
4434 164
4435 189
4436 172
4437 194
4438 201
4439 169
4440 200
4441 188
4442 202
4443 195
4444 205
4445 189
4446 203
4447 207
4448 188
4449 184
4450 199
4451 196
4452 208
4453 182
4454 190
4455 194
4456 188
4457 201
4458 181
4459 182
4460 239
4461 192
4462 188
4463 176
4464 203
4465 191
4466 182
4467 187
4468 189
4469 172
4470 186
4471 173
4472 171
4473 186
4474 205
4475 179
4476 170
4477 194
4478 186
4479 170
4480 187
4481 203
4482 166
4483 192
4484 174
4485 167
4486 182
4487 185
4488 182
4489 157
4490 190
4491 176
4492 200
4493 188
4494 184
4495 181
4496 184
4497 183
4498 184
4499 157
4500 187
4501 151
4502 144
4503 172
4504 213
4505 185
4506 177
4507 197
4508 153
4509 207
4510 168
4511 151
4512 174
4513 173
4514 148
4515 156
4516 186
4517 174
4518 154
4519 161
4520 175
4521 196
4522 189
4523 180
4524 158
4525 188
4526 183
4527 169
4528 200
4529 182
4530 180
4531 169
4532 159
4533 178
4534 177
4535 191
4536 180
4537 149
4538 175
4539 159
4540 165
4541 179
4542 177
4543 173
4544 180
4545 178
4546 191
4547 180
4548 171
4549 163
4550 169
4551 174
4552 161
4553 144
4554 160
4555 167
4556 179
4557 187
4558 176
4559 154
4560 171
4561 179
4562 164
4563 156
4564 162
4565 176
4566 185
4567 168
4568 193
4569 198
4570 189
4571 177
4572 153
4573 169
4574 177
4575 178
4576 182
4577 176
4578 174
4579 177
4580 187
4581 197
4582 177
4583 145
4584 173
4585 169
4586 172
4587 158
4588 168
4589 169
4590 166
4591 197
4592 170
4593 192
4594 184
4595 178
4596 169
4597 175
4598 177
4599 188
4600 167
4601 172
4602 191
4603 189
4604 165
4605 205
4606 178
4607 194
4608 180
4609 186
4610 189
4611 176
4612 194
4613 161
4614 191
4615 159
4616 153
4617 180
4618 173
4619 194
4620 172
4621 169
4622 178
4623 180
4624 161
4625 170
4626 198
4627 165
4628 174
4629 169
4630 169
4631 180
4632 180
4633 205
4634 186
4635 163
4636 168
4637 159
4638 181
4639 184
4640 149
4641 170
4642 184
4643 176
4644 155
4645 158
4646 181
4647 185
4648 159
4649 166
4650 165
4651 169
4652 188
4653 161
4654 165
4655 166
4656 148
4657 156
4658 168
4659 169
4660 167
4661 161
4662 167
4663 161
4664 144
4665 168
4666 181
4667 172
4668 158
4669 173
4670 161
4671 170
4672 157
4673 150
4674 153
4675 153
4676 170
4677 181
4678 157
4679 153
4680 150
4681 171
4682 161
4683 182
4684 177
4685 181
4686 206
4687 148
4688 208
4689 158
4690 157
4691 184
4692 151
4693 179
4694 167
4695 167
4696 160
4697 186
4698 167
4699 154
4700 164
4701 173
4702 156
4703 172
4704 153
4705 158
4706 163
4707 144
4708 161
4709 177
4710 170
4711 154
4712 155
4713 150
4714 156
4715 157
4716 177
4717 154
4718 169
4719 172
4720 173
4721 182
4722 124
4723 167
4724 161
4725 164
4726 157
4727 173
4728 154
4729 168
4730 195
4731 152
4732 166
4733 164
4734 197
4735 170
4736 182
4737 149
4738 167
4739 151
4740 162
4741 174
4742 170
4743 170
4744 177
4745 173
4746 160
4747 154
4748 161
4749 175
4750 169
4751 160
4752 159
4753 163
4754 158
4755 176
4756 177
4757 163
4758 173
4759 181
4760 158
4761 157
4762 169
4763 157
4764 159
4765 159
4766 156
4767 169
4768 154
4769 136
4770 138
4771 140
4772 151
4773 168
4774 148
4775 172
4776 166
4777 171
4778 166
4779 177
4780 167
4781 148
4782 198
4783 191
4784 170
4785 158
4786 149
4787 174
4788 189
4789 174
4790 151
4791 159
4792 176
4793 173
4794 151
4795 143
4796 150
4797 174
4798 168
4799 164
4800 160
4801 197
4802 180
4803 166
4804 183
4805 157
4806 158
4807 167
4808 170
4809 195
4810 171
4811 140
4812 174
4813 149
4814 157
4815 169
4816 152
4817 182
4818 151
4819 160
4820 151
4821 176
4822 163
4823 155
4824 164
4825 165
4826 148
4827 130
4828 181
4829 175
4830 142
4831 179
4832 146
4833 156
4834 164
4835 185
4836 168
4837 172
4838 153
4839 177
4840 161
4841 147
4842 186
4843 186
4844 160
4845 138
4846 156
4847 145
4848 159
4849 150
4850 175
4851 153
4852 181
4853 144
4854 163
4855 139
4856 159
4857 142
4858 134
4859 161
4860 152
4861 148
4862 147
4863 145
4864 149
4865 150
4866 170
4867 151
4868 154
4869 142
4870 174
4871 132
4872 164
4873 177
4874 150
4875 176
4876 152
4877 158
4878 154
4879 153
4880 149
4881 162
4882 178
4883 133
4884 169
4885 177
4886 170
4887 165
4888 173
4889 178
4890 170
4891 167
4892 184
4893 167
4894 154
4895 155
4896 174
4897 163
4898 176
4899 162
4900 164
4901 158
4902 187
4903 172
4904 144
4905 152
4906 179
4907 162
4908 166
4909 147
4910 161
4911 165
4912 144
4913 164
4914 162
4915 169
4916 159
4917 133
4918 170
4919 170
4920 160
4921 136
4922 145
4923 158
4924 169
4925 165
4926 171
4927 145
4928 164
4929 153
4930 165
4931 158
4932 154
4933 138
4934 123
4935 146
4936 138
4937 145
4938 147
4939 133
4940 145
4941 155
4942 146
4943 167
4944 151
4945 158
4946 163
4947 123
4948 158
4949 148
4950 155
4951 145
4952 169
4953 131
4954 136
4955 175
4956 179
4957 138
4958 155
4959 153
4960 134
4961 175
4962 156
4963 148
4964 151
4965 169
4966 134
4967 139
4968 149
4969 174
4970 166
4971 133
4972 155
4973 146
4974 138
4975 163
4976 157
4977 147
4978 140
4979 139
4980 141
4981 148
4982 151
4983 149
4984 151
4985 155
4986 145
4987 153
4988 167
4989 163
4990 138
4991 130
4992 166
4993 165
4994 154
4995 172
4996 143
4997 159
4998 134
4999 150
5000 148
5001 167
5002 167
5003 129
5004 129
5005 172
5006 141
5007 147
5008 133
5009 174
5010 177
5011 140
5012 146
5013 154
5014 139
5015 164
5016 161
5017 146
5018 145
5019 163
5020 147
5021 168
5022 157
5023 142
5024 162
5025 144
5026 157
5027 163
5028 119
5029 142
5030 145
5031 141
5032 144
5033 171
5034 159
5035 141
5036 142
5037 174
5038 161
5039 172
5040 173
5041 150
5042 135
5043 147
5044 161
5045 142
5046 152
5047 149
5048 158
5049 144
5050 138
5051 153
5052 141
5053 187
5054 165
5055 184
5056 155
5057 161
5058 151
5059 155
5060 170
5061 156
5062 165
5063 147
5064 168
5065 151
5066 139
5067 157
5068 176
5069 137
5070 155
5071 154
5072 178
5073 152
5074 166
5075 156
5076 163
5077 157
5078 174
5079 158
5080 166
5081 148
5082 168
5083 147
5084 145
5085 163
5086 179
5087 142
5088 147
5089 146
5090 149
5091 152
5092 129
5093 135
5094 197
5095 165
5096 137
5097 157
5098 163
5099 168
5100 139
5101 190
5102 155
5103 146
5104 160
5105 164
5106 154
5107 145
5108 185
5109 134
5110 149
5111 158
5112 168
5113 163
5114 161
5115 157
5116 163
5117 187
5118 159
5119 157
5120 168
5121 151
5122 184
5123 156
5124 155
5125 157
5126 142
5127 162
5128 169
5129 170
5130 170
5131 166
5132 155
5133 153
5134 160
5135 167
5136 145
5137 163
5138 161
5139 162
5140 164
5141 163
5142 153
5143 172
5144 152
5145 163
5146 154
5147 149
5148 180
5149 164
5150 164
5151 161
5152 151
5153 151
5154 165
5155 135
5156 145
5157 162
5158 144
5159 115
5160 168
5161 153
5162 159
5163 135
5164 156
5165 139
5166 152
5167 117
5168 126
5169 149
5170 143
5171 159
5172 147
5173 169
5174 167
5175 126
5176 165
5177 164
5178 155
5179 161
5180 160
5181 149
5182 139
5183 130
5184 137
5185 142
5186 168
5187 154
5188 154
5189 163
5190 136
5191 146
5192 156
5193 162
5194 145
5195 137
5196 146
5197 147
5198 156
5199 154
5200 153
5201 174
5202 165
5203 133
5204 152
5205 147
5206 147
5207 133
5208 147
5209 160
5210 141
5211 169
5212 148
5213 160
5214 160
5215 159
5216 142
5217 157
5218 154
5219 186
5220 179
5221 134
5222 137
5223 166
5224 156
5225 169
5226 178
5227 144
5228 167
5229 154
5230 151
5231 146
5232 155
5233 144
5234 154
5235 154
5236 158
5237 155
5238 156
5239 159
5240 159
5241 207
5242 163
5243 168
5244 142
5245 171
5246 189
5247 148
5248 158
5249 170
5250 149
5251 178
5252 157
5253 148
5254 161
5255 157
5256 146
5257 192
5258 169
5259 137
5260 151
5261 151
5262 136
5263 159
5264 150
5265 163
5266 135
5267 140
5268 148
5269 125
5270 163
5271 155
5272 146
5273 148
5274 140
5275 164
5276 155
5277 156
5278 137
5279 150
5280 149
5281 156
5282 152
5283 154
5284 145
5285 138
5286 147
5287 147
5288 130
5289 149
5290 139
5291 113
5292 148
5293 146
5294 167
5295 155
5296 168
5297 146
5298 167
5299 183
5300 150
5301 128
5302 139
5303 154
5304 132
5305 149
5306 151
5307 167
5308 142
5309 170
5310 167
5311 157
5312 156
5313 153
5314 168
5315 139
5316 151
5317 148
5318 174
5319 156
5320 141
5321 149
5322 138
5323 163
5324 142
5325 155
5326 143
5327 159
5328 171
5329 139
5330 136
5331 147
5332 156
5333 158
5334 135
5335 149
5336 136
5337 162
5338 139
5339 135
5340 138
5341 147
5342 156
5343 149
5344 165
5345 148
5346 139
5347 144
5348 142
5349 179
5350 149
5351 145
5352 128
5353 117
5354 164
5355 146
5356 140
5357 162
5358 154
5359 159
5360 132
5361 143
5362 139
5363 170
5364 152
5365 170
5366 142
5367 146
5368 135
5369 157
5370 153
5371 155
5372 135
5373 166
5374 153
5375 143
5376 176
5377 136
5378 172
5379 170
5380 155
5381 152
5382 162
5383 138
5384 141
5385 149
5386 156
5387 170
5388 158
5389 149
5390 157
5391 155
5392 155
5393 146
5394 139
5395 156
5396 165
5397 150
5398 156
5399 164
5400 150
5401 169
5402 143
5403 169
5404 151
5405 135
5406 166
5407 158
5408 143
5409 168
5410 151
5411 148
5412 141
5413 158
5414 130
5415 145
5416 163
5417 133
5418 154
5419 145
5420 147
5421 117
5422 145
5423 156
5424 154
5425 143
5426 142
5427 150
5428 147
5429 162
5430 144
5431 136
5432 152
5433 183
5434 175
5435 162
5436 159
5437 150
5438 143
5439 150
5440 147
5441 157
5442 135
5443 158
5444 159
5445 133
5446 127
5447 149
5448 121
5449 152
5450 134
5451 152
5452 131
5453 178
5454 147
5455 139
5456 130
5457 152
5458 135
5459 154
5460 164
5461 147
5462 158
5463 155
5464 178
5465 156
5466 147
5467 157
5468 143
5469 157
5470 148
5471 151
5472 157
5473 143
5474 148
5475 124
5476 141
5477 139
5478 148
5479 148
5480 133
5481 138
5482 150
5483 132
5484 161
5485 135
5486 119
5487 147
5488 156
5489 164
5490 147
5491 145
5492 147
5493 134
5494 147
5495 148
5496 153
5497 141
5498 140
5499 144
5500 184
5501 130
5502 162
5503 143
5504 169
5505 138
5506 146
5507 140
5508 134
5509 152
5510 159
5511 143
5512 154
5513 145
5514 147
5515 127
5516 143
5517 143
5518 138
5519 153
5520 153
5521 159
5522 172
5523 131
5524 159
5525 156
5526 146
5527 145
5528 149
5529 165
5530 168
5531 161
5532 149
5533 155
5534 151
5535 137
5536 141
5537 157
5538 149
5539 143
5540 144
5541 128
5542 166
5543 147
5544 131
5545 147
5546 147
5547 132
5548 119
5549 135
5550 131
5551 140
5552 163
5553 170
5554 122
5555 140
5556 137
5557 152
5558 149
5559 150
5560 137
5561 145
5562 163
5563 144
5564 138
5565 162
5566 151
5567 151
5568 189
5569 143
5570 141
5571 136
5572 171
5573 158
5574 126
5575 140
5576 156
5577 141
5578 146
5579 144
5580 138
5581 129
5582 147
5583 130
5584 133
5585 141
5586 137
5587 132
5588 153
5589 152
5590 145
5591 142
5592 143
5593 127
5594 136
5595 148
5596 149
5597 144
5598 141
5599 122
5600 146
5601 150
5602 150
5603 126
5604 155
5605 144
5606 138
5607 140
5608 149
5609 138
5610 148
5611 163
5612 154
5613 142
5614 131
5615 138
5616 137
5617 128
5618 132
5619 133
5620 161
5621 128
5622 140
5623 147
5624 133
5625 119
5626 139
5627 150
5628 145
5629 152
5630 136
5631 136
5632 115
5633 122
5634 169
5635 151
5636 141
5637 138
5638 116
5639 128
5640 146
5641 143
5642 134
5643 141
5644 136
5645 122
5646 122
5647 135
5648 139
5649 140
5650 154
5651 146
5652 131
5653 138
5654 132
5655 145
5656 134
5657 143
5658 140
5659 145
5660 113
5661 129
5662 132
5663 141
5664 131
5665 145
5666 138
5667 144
5668 128
5669 124
5670 133
5671 143
5672 120
5673 137
5674 121
5675 153
5676 137
5677 128
5678 149
5679 120
5680 141
5681 133
5682 149
5683 134
5684 148
5685 123
5686 135
5687 130
5688 146
5689 134
5690 162
5691 124
5692 141
5693 132
5694 130
5695 133
5696 142
5697 137
5698 124
5699 102
5700 134
5701 117
5702 117
5703 137
5704 144
5705 111
5706 119
5707 144
5708 107
5709 136
5710 123
5711 123
5712 123
5713 129
5714 122
5715 125
5716 126
5717 140
5718 127
5719 136
5720 118
5721 146
5722 132
5723 111
5724 129
5725 127
5726 126
5727 137
5728 124
5729 125
5730 128
5731 122
5732 119
5733 111
5734 129
5735 100
5736 133
5737 139
5738 122
5739 137
5740 130
5741 127
5742 133
5743 138
5744 138
5745 142
5746 127
5747 103
5748 115
5749 131
5750 111
5751 121
5752 118
5753 125
5754 112
5755 120
5756 140
5757 123
5758 144
5759 97
5760 134
5761 131
5762 97
5763 134
5764 130
5765 113
5766 123
5767 130
5768 135
5769 136
5770 127
5771 111
5772 126
5773 145
5774 125
5775 126
5776 111
5777 124
5778 108
5779 132
5780 107
5781 146
5782 125
5783 118
5784 133
5785 122
5786 114
5787 95
5788 117
5789 119
5790 110
5791 125
5792 122
5793 130
5794 92
5795 112
5796 122
5797 125
5798 141
5799 130
5800 132
5801 120
5802 116
5803 143
5804 144
5805 112
5806 106
5807 103
5808 121
5809 115
5810 115
5811 128
5812 119
5813 125
5814 105
5815 125
5816 116
5817 105
5818 114
5819 111
5820 120
5821 116
5822 127
5823 108
5824 113
5825 103
5826 121
5827 101
5828 121
5829 126
5830 105
5831 119
5832 98
5833 114
5834 119
5835 126
5836 99
5837 110
5838 112
5839 101
5840 125
5841 119
5842 111
5843 117
5844 107
5845 140
5846 110
5847 115
5848 131
5849 117
5850 137
5851 126
5852 105
5853 119
5854 110
5855 125
5856 112
5857 104
5858 106
5859 91
5860 103
5861 113
5862 93
5863 112
5864 118
5865 121
5866 109
5867 115
5868 108
5869 105
5870 118
5871 131
5872 111
5873 102
5874 109
5875 100
5876 112
5877 116
5878 117
5879 102
5880 110
5881 112
5882 111
5883 125
5884 117
5885 96
5886 107
5887 88
5888 114
5889 107
5890 109
5891 118
5892 106
5893 113
5894 101
5895 103
5896 98
5897 95
5898 96
5899 116
5900 107
5901 104
5902 134
5903 117
5904 113
5905 94
5906 100
5907 107
5908 104
5909 112
5910 108
5911 125
5912 121
5913 103
5914 101
5915 106
5916 116
5917 101
5918 107
5919 117
5920 102
5921 95
5922 112
5923 98
5924 102
5925 103
5926 107
5927 110
5928 84
5929 94
5930 116
5931 96
5932 105
5933 101
5934 115
5935 99
5936 93
5937 89
5938 93
5939 85
5940 88
5941 97
5942 103
5943 110
5944 118
5945 103
5946 119
5947 101
5948 124
5949 115
5950 87
5951 127
5952 113
5953 99
5954 105
5955 114
5956 120
5957 108
5958 103
5959 98
5960 133
5961 99
5962 89
5963 90
5964 106
5965 104
5966 113
5967 100
5968 101
5969 120
5970 95
5971 123
5972 105
5973 111
5974 109
5975 125
5976 95
5977 122
5978 90
5979 104
5980 108
5981 102
5982 107
5983 114
5984 105
5985 121
5986 106
5987 100
5988 108
5989 118
5990 136
5991 116
5992 106
5993 106
5994 95
5995 97
5996 119
5997 120
5998 105
5999 118
6000 115
6001 103
6002 111
6003 112
6004 107
6005 106
6006 109
6007 114
6008 123
6009 102
6010 108
6011 90
6012 112
6013 124
6014 113
6015 112
6016 118
6017 106
6018 103
6019 107
6020 109
6021 88
6022 110
6023 107
6024 96
6025 131
6026 118
6027 101
6028 96
6029 103
6030 113
6031 117
6032 108
6033 94
6034 106
6035 105
6036 116
6037 98
6038 106
6039 106
6040 116
6041 97
6042 113
6043 98
6044 114
6045 125
6046 87
6047 119
6048 108
6049 92
6050 91
6051 113
6052 107
6053 93
6054 102
6055 111
6056 93
6057 112
6058 109
6059 106
6060 105
6061 102
6062 117
6063 104
6064 109
6065 105
6066 104
6067 108
6068 113
6069 110
6070 104
6071 109
6072 117
6073 99
6074 94
6075 111
6076 97
6077 89
6078 107
6079 89
6080 110
6081 116
6082 105
6083 95
6084 99
6085 104
6086 90
6087 98
6088 92
6089 107
6090 104
6091 93
6092 85
6093 90
6094 99
6095 104
6096 118
6097 114
6098 92
6099 101
6100 140
6101 94
6102 92
6103 94
6104 106
6105 105
6106 99
6107 101
6108 93
6109 101
6110 117
6111 113
6112 101
6113 92
6114 98
6115 121
6116 94
6117 111
6118 116
6119 90
6120 99
6121 102
6122 120
6123 105
6124 108
6125 129
6126 116
6127 131
6128 119
6129 107
6130 90
6131 119
6132 109
6133 108
6134 90
6135 103
6136 107
6137 113
6138 134
6139 116
6140 108
6141 107
6142 108
6143 103
6144 110
6145 104
6146 110
6147 101
6148 103
6149 108
6150 104
6151 103
6152 118
6153 121
6154 118
6155 118
6156 106
6157 108
6158 121
6159 108
6160 98
6161 91
6162 97
6163 104
6164 111
6165 114
6166 119
6167 83
6168 84
6169 104
6170 107
6171 94
6172 111
6173 102
6174 88
6175 85
6176 105
6177 95
6178 95
6179 111
6180 118
6181 106
6182 106
6183 111
6184 106
6185 109
6186 105
6187 124
6188 113
6189 116
6190 112
6191 99
6192 91
6193 87
6194 105
6195 111
6196 122
6197 100
6198 94
6199 100
6200 104
6201 111
6202 93
6203 91
6204 104
6205 92
6206 117
6207 101
6208 98
6209 105
6210 109
6211 93
6212 91
6213 118
6214 105
6215 100
6216 93
6217 102
6218 93
6219 94
6220 99
6221 104
6222 98
6223 118
6224 101
6225 123
6226 103
6227 112
6228 82
6229 97
6230 87
6231 104
6232 93
6233 99
6234 92
6235 96
6236 90
6237 114
6238 103
6239 107
6240 98
6241 93
6242 96
6243 97
6244 82
6245 109
6246 103
6247 102
6248 95
6249 88
6250 93
6251 86
6252 95
6253 105
6254 87
6255 88
6256 92
6257 109
6258 89
6259 94
6260 97
6261 105
6262 89
6263 103
6264 85
6265 105
6266 94
6267 85
6268 95
6269 106
6270 122
6271 94
6272 72
6273 94
6274 82
6275 90
6276 101
6277 105
6278 102
6279 88
6280 88
6281 97
6282 110
6283 96
6284 95
6285 102
6286 89
6287 98
6288 93
6289 118
6290 97
6291 91
6292 94
6293 100
6294 96
6295 87
6296 108
6297 95
6298 114
6299 92
6300 101
6301 99
6302 117
6303 110
6304 102
6305 96
6306 96
6307 96
6308 97
6309 90
6310 100
6311 74
6312 92
6313 94
6314 104
6315 90
6316 109
6317 74
6318 94
6319 97
6320 90
6321 99
6322 101
6323 95
6324 91
6325 93
6326 105
6327 107
6328 91
6329 104
6330 101
6331 86
6332 85
6333 79
6334 89
6335 82
6336 98
6337 88
6338 91
6339 96
6340 98
6341 80
6342 88
6343 82
6344 103
6345 92
6346 95
6347 101
6348 97
6349 101
6350 102
6351 92
6352 103
6353 105
6354 91
6355 90
6356 87
6357 103
6358 81
6359 115
6360 103
6361 87
6362 103
6363 94
6364 90
6365 90
6366 91
6367 88
6368 71
6369 106
6370 84
6371 95
6372 96
6373 91
6374 84
6375 99
6376 97
6377 100
6378 115
6379 99
6380 68
6381 98
6382 103
6383 99
6384 93
6385 87
6386 109
6387 105
6388 108
6389 96
6390 77
6391 99
6392 88
6393 86
6394 104
6395 90
6396 105
6397 86
6398 85
6399 79
6400 91
6401 82
6402 82
6403 106
6404 110
6405 88
6406 78
6407 96
6408 84
6409 86
6410 125
6411 78
6412 104
6413 100
6414 96
6415 108
6416 73
6417 101
6418 99
6419 93
6420 84
6421 98
6422 81
6423 82
6424 94
6425 89
6426 100
6427 82
6428 92
6429 79
6430 78
6431 80
6432 91
6433 89
6434 92
6435 88
6436 101
6437 91
6438 81
6439 107
6440 100
6441 80
6442 101
6443 99
6444 89
6445 87
6446 89
6447 93
6448 97
6449 109
6450 96
6451 108
6452 101
6453 74
6454 91
6455 99
6456 91
6457 89
6458 92
6459 101
6460 93
6461 80
6462 94
6463 99
6464 96
6465 77
6466 94
6467 110
6468 85
6469 103
6470 89
6471 81
6472 92
6473 91
6474 86
6475 86
6476 91
6477 73
6478 86
6479 92
6480 84
6481 76
6482 78
6483 87
6484 77
6485 97
6486 86
6487 88
6488 97
6489 90
6490 82
6491 96
6492 81
6493 85
6494 85
6495 87
6496 98
6497 104
6498 76
6499 96
6500 80
6501 88
6502 94
6503 80
6504 84
6505 76
6506 78
6507 108
6508 98
6509 89
6510 89
6511 100
6512 90
6513 95
6514 79
6515 96
6516 83
6517 90
6518 87
6519 74
6520 83
6521 102
6522 102
6523 90
6524 76
6525 85
6526 96
6527 105
6528 90
6529 73
6530 87
6531 105
6532 75
6533 91
6534 97
6535 89
6536 87
6537 85
6538 84
6539 88
6540 90
6541 108
6542 98
6543 91
6544 90
6545 71
6546 86
6547 91
6548 83
6549 90
6550 81
6551 88
6552 59
6553 79
6554 101
6555 86
6556 93
6557 84
6558 80
6559 77
6560 85
6561 89
6562 85
6563 83
6564 80
6565 85
6566 79
6567 96
6568 90
6569 92
6570 76
6571 91
6572 81
6573 86
6574 97
6575 95
6576 109
6577 82
6578 84
6579 76
6580 84
6581 82
6582 70
6583 101
6584 97
6585 90
6586 90
6587 95
6588 83
6589 80
6590 94
6591 75
6592 88
6593 74
6594 86
6595 107
6596 77
6597 76
6598 86
6599 82
6600 93
6601 82
6602 87
6603 88
6604 79
6605 86
6606 83
6607 87
6608 77
6609 84
6610 74
6611 95
6612 97
6613 83
6614 78
6615 63
6616 87
6617 82
6618 84
6619 87
6620 91
6621 82
6622 90
6623 77
6624 70
6625 70
6626 88
6627 91
6628 88
6629 80
6630 89
6631 78
6632 89
6633 90
6634 90
6635 84
6636 76
6637 90
6638 95
6639 71
6640 79
6641 93
6642 72
6643 67
6644 108
6645 88
6646 89
6647 78
6648 83
6649 80
6650 86
6651 88
6652 85
6653 91
6654 92
6655 73
6656 103
6657 92
6658 92
6659 82
6660 70
6661 82
6662 68
6663 93
6664 87
6665 83
6666 92
6667 89
6668 71
6669 90
6670 98
6671 82
6672 65
6673 71
6674 78
6675 74
6676 82
6677 82
6678 83
6679 75
6680 75
6681 80
6682 105
6683 82
6684 101
6685 77
6686 81
6687 85
6688 83
6689 92
6690 79
6691 78
6692 70
6693 81
6694 77
6695 72
6696 86
6697 85
6698 92
6699 81
6700 99
6701 80
6702 71
6703 99
6704 80
6705 83
6706 86
6707 82
6708 84
6709 70
6710 87
6711 86
6712 85
6713 103
6714 85
6715 84
6716 80
6717 89
6718 85
6719 81
6720 89
6721 81
6722 85
6723 71
6724 70
6725 69
6726 88
6727 79
6728 86
6729 87
6730 69
6731 85
6732 90
6733 83
6734 98
6735 81
6736 71
6737 76
6738 82
6739 85
6740 80
6741 90
6742 75
6743 79
6744 81
6745 82
6746 86
6747 88
6748 81
6749 73
6750 91
6751 78
6752 75
6753 87
6754 89
6755 92
6756 89
6757 97
6758 80
6759 98
6760 93
6761 88
6762 87
6763 90
6764 92
6765 80
6766 90
6767 83
6768 80
6769 88
6770 75
6771 94
6772 96
6773 87
6774 76
6775 71
6776 85
6777 75
6778 88
6779 61
6780 67
6781 106
6782 76
6783 90
6784 79
6785 76
6786 90
6787 78
6788 82
6789 78
6790 71
6791 74
6792 92
6793 81
6794 78
6795 76
6796 74
6797 76
6798 85
6799 82
6800 89
6801 78
6802 96
6803 72
6804 83
6805 82
6806 84
6807 83
6808 77
6809 99
6810 60
6811 71
6812 76
6813 81
6814 91
6815 58
6816 73
6817 82
6818 82
6819 92
6820 79
6821 69
6822 89
6823 96
6824 82
6825 90
6826 90
6827 91
6828 86
6829 95
6830 84
6831 86
6832 87
6833 68
6834 88
6835 84
6836 81
6837 86
6838 77
6839 73
6840 89
6841 91
6842 93
6843 71
6844 70
6845 76
6846 78
6847 71
6848 88
6849 98
6850 89
6851 73
6852 77
6853 96
6854 79
6855 72
6856 86
6857 79
6858 82
6859 77
6860 61
6861 75
6862 77
6863 82
6864 81
6865 71
6866 103
6867 69
6868 82
6869 74
6870 78
6871 67
6872 89
6873 70
6874 75
6875 71
6876 71
6877 71
6878 82
6879 84
6880 92
6881 88
6882 78
6883 71
6884 77
6885 81
6886 84
6887 85
6888 69
6889 63
6890 76
6891 79
6892 96
6893 79
6894 70
6895 76
6896 84
6897 80
6898 85
6899 63
6900 94
6901 75
6902 75
6903 84
6904 77
6905 94
6906 76
6907 76
6908 74
6909 94
6910 82
6911 85
6912 79
6913 74
6914 108
6915 66
6916 88
6917 94
6918 83
6919 90
6920 82
6921 87
6922 75
6923 64
6924 78
6925 88
6926 84
6927 85
6928 79
6929 69
6930 72
6931 77
6932 86
6933 70
6934 88
6935 81
6936 89
6937 78
6938 73
6939 66
6940 70
6941 80
6942 77
6943 97
6944 90
6945 59
6946 77
6947 68
6948 76
6949 72
6950 69
6951 74
6952 72
6953 73
6954 70
6955 77
6956 84
6957 79
6958 76
6959 66
6960 89
6961 75
6962 77
6963 76
6964 63
6965 81
6966 67
6967 78
6968 65
6969 79
6970 73
6971 73
6972 77
6973 70
6974 69
6975 60
6976 66
6977 66
6978 72
6979 77
6980 64
6981 86
6982 73
6983 81
6984 70
6985 78
6986 82
6987 78
6988 66
6989 76
6990 86
6991 82
6992 73
6993 79
6994 70
6995 73
6996 77
6997 67
6998 81
6999 72
7000 80
7001 76
7002 95
7003 72
7004 64
7005 74
7006 64
7007 70
7008 83
7009 86
7010 62
7011 76
7012 77
7013 74
7014 84
7015 91
7016 79
7017 78
7018 73
7019 82
7020 72
7021 71
7022 81
7023 76
7024 77
7025 58
7026 70
7027 77
7028 69
7029 54
7030 61
7031 92
7032 75
7033 65
7034 60
7035 70
7036 72
7037 70
7038 72
7039 72
7040 87
7041 64
7042 62
7043 74
7044 77
7045 69
7046 76
7047 72
7048 69
7049 68
7050 75
7051 79
7052 60
7053 85
7054 68
7055 78
7056 72
7057 95
7058 70
7059 64
7060 66
7061 75
7062 76
7063 59
7064 66
7065 76
7066 63
7067 67
7068 71
7069 66
7070 79
7071 67
7072 71
7073 64
7074 66
7075 83
7076 71
7077 65
7078 70
7079 94
7080 82
7081 76
7082 65
7083 62
7084 77
7085 62
7086 74
7087 71
7088 68
7089 72
7090 59
7091 75
7092 86
7093 76
7094 69
7095 65
7096 66
7097 48
7098 71
7099 66
7100 66
7101 58
7102 73
7103 66
7104 56
7105 66
7106 77
7107 81
7108 76
7109 66
7110 51
7111 60
7112 60
7113 73
7114 57
7115 67
7116 68
7117 85
7118 81
7119 97
7120 61
7121 80
7122 63
7123 73
7124 84
7125 55
7126 68
7127 70
7128 57
7129 62
7130 65
7131 63
7132 64
7133 78
7134 72
7135 67
7136 70
7137 70
7138 68
7139 71
7140 90
7141 78
7142 67
7143 63
7144 81
7145 65
7146 74
7147 58
7148 81
7149 59
7150 57
7151 72
7152 72
7153 75
7154 64
7155 75
7156 77
7157 80
7158 60
7159 78
7160 83
7161 83
7162 65
7163 78
7164 75
7165 78
7166 69
7167 55
7168 77
7169 85
7170 80
7171 80
7172 74
7173 84
7174 81
7175 79
7176 68
7177 70
7178 84
7179 64
7180 72
7181 72
7182 84
7183 62
7184 72
7185 68
7186 61
7187 74
7188 72
7189 54
7190 68
7191 62
7192 64
7193 67
7194 67
7195 74
7196 60
7197 77
7198 68
7199 67
7200 54
7201 79
7202 74
7203 68
7204 70
7205 69
7206 71
7207 49
7208 60
7209 61
7210 75
7211 56
7212 66
7213 58
7214 76
7215 51
7216 63
7217 64
7218 62
7219 60
7220 68
7221 65
7222 68
7223 59
7224 76
7225 72
7226 63
7227 51
7228 73
7229 68
7230 72
7231 63
7232 67
7233 62
7234 77
7235 63
7236 71
7237 58
7238 65
7239 59
7240 66
7241 74
7242 66
7243 71
7244 62
7245 76
7246 73
7247 77
7248 75
7249 58
7250 71
7251 77
7252 67
7253 48
7254 66
7255 71
7256 71
7257 60
7258 64
7259 70
7260 69
7261 76
7262 62
7263 63
7264 62
7265 67
7266 78
7267 65
7268 69
7269 64
7270 65
7271 71
7272 76
7273 75
7274 55
7275 65
7276 66
7277 53
7278 81
7279 89
7280 56
7281 57
7282 74
7283 60
7284 57
7285 64
7286 55
7287 66
7288 58
7289 76
7290 64
7291 52
7292 66
7293 69
7294 68
7295 69
7296 62
7297 60
7298 71
7299 50
7300 70
7301 66
7302 75
7303 65
7304 71
7305 78
7306 61
7307 60
7308 72
7309 55
7310 77
7311 65
7312 66
7313 78
7314 69
7315 78
7316 79
7317 70
7318 52
7319 58
7320 75
7321 57
7322 50
7323 59
7324 68
7325 65
7326 62
7327 68
7328 79
7329 60
7330 62
7331 65
7332 60
7333 61
7334 62
7335 73
7336 69
7337 59
7338 79
7339 61
7340 60
7341 70
7342 61
7343 66
7344 74
7345 68
7346 71
7347 63
7348 69
7349 62
7350 65
7351 70
7352 62
7353 61
7354 64
7355 62
7356 54
7357 64
7358 60
7359 49
7360 65
7361 72
7362 75
7363 70
7364 75
7365 73
7366 64
7367 60
7368 70
7369 60
7370 72
7371 75
7372 73
7373 60
7374 69
7375 80
7376 65
7377 64
7378 77
7379 79
7380 73
7381 70
7382 75
7383 74
7384 69
7385 70
7386 67
7387 64
7388 63
7389 71
7390 65
7391 68
7392 74
7393 75
7394 67
7395 53
7396 70
7397 86
7398 68
7399 80
7400 82
7401 67
7402 62
7403 65
7404 70
7405 72
7406 62
7407 65
7408 49
7409 76
7410 69
7411 83
7412 66
7413 80
7414 68
7415 71
7416 69
7417 80
7418 73
7419 64
7420 64
7421 76
7422 67
7423 64
7424 63
7425 60
7426 78
7427 64
7428 55
7429 61
7430 59
7431 51
7432 55
7433 62
7434 66
7435 68
7436 47
7437 66
7438 75
7439 80
7440 77
7441 76
7442 69
7443 50
7444 70
7445 82
7446 65
7447 69
7448 60
7449 67
7450 66
7451 66
7452 54
7453 67
7454 73
7455 59
7456 63
7457 65
7458 77
7459 72
7460 84
7461 72
7462 77
7463 66
7464 82
7465 84
7466 67
7467 61
7468 63
7469 68
7470 66
7471 77
7472 62
7473 70
7474 62
7475 63
7476 63
7477 56
7478 63
7479 60
7480 52
7481 65
7482 68
7483 68
7484 65
7485 65
7486 70
7487 72
7488 59
7489 58
7490 58
7491 60
7492 62
7493 63
7494 70
7495 67
7496 73
7497 45
7498 67
7499 61
7500 73
7501 54
7502 55
7503 63
7504 64
7505 59
7506 72
7507 50
7508 72
7509 47
7510 60
7511 52
7512 71
7513 64
7514 69
7515 67
7516 70
7517 60
7518 62
7519 65
7520 63
7521 73
7522 65
7523 60
7524 55
7525 52
7526 66
7527 65
7528 59
7529 63
7530 59
7531 57
7532 66
7533 57
7534 65
7535 58
7536 71
7537 73
7538 68
7539 64
7540 75
7541 55
7542 58
7543 68
7544 71
7545 66
7546 57
7547 51
7548 69
7549 54
7550 63
7551 74
7552 72
7553 76
7554 73
7555 46
7556 66
7557 56
7558 54
7559 73
7560 66
7561 68
7562 65
7563 61
7564 71
7565 64
7566 77
7567 59
7568 67
7569 66
7570 54
7571 51
7572 52
7573 73
7574 68
7575 75
7576 67
7577 57
7578 63
7579 54
7580 69
7581 75
7582 65
7583 62
7584 67
7585 75
7586 55
7587 69
7588 62
7589 62
7590 65
7591 56
7592 72
7593 67
7594 66
7595 77
7596 62
7597 58
7598 65
7599 60
7600 70
7601 54
7602 59
7603 68
7604 72
7605 74
7606 64
7607 63
7608 50
7609 56
7610 56
7611 59
7612 69
7613 56
7614 64
7615 57
7616 74
7617 55
7618 73
7619 61
7620 67
7621 70
7622 56
7623 67
7624 62
7625 67
7626 53
7627 54
7628 48
7629 67
7630 65
7631 67
7632 63
7633 72
7634 75
7635 65
7636 57
7637 83
7638 75
7639 65
7640 75
7641 59
7642 58
7643 51
7644 79
7645 49
7646 70
7647 69
7648 57
7649 75
7650 66
7651 57
7652 50
7653 67
7654 54
7655 63
7656 61
7657 60
7658 66
7659 53
7660 61
7661 60
7662 60
7663 73
7664 60
7665 61
7666 63
7667 80
7668 52
7669 78
7670 57
7671 53
7672 60
7673 84
7674 60
7675 57
7676 73
7677 62
7678 61
7679 65
7680 50
7681 48
7682 71
7683 56
7684 60
7685 56
7686 65
7687 56
7688 57
7689 61
7690 58
7691 64
7692 60
7693 67
7694 58
7695 50
7696 75
7697 60
7698 68
7699 58
7700 49
7701 60
7702 63
7703 59
7704 72
7705 67
7706 56
7707 57
7708 63
7709 59
7710 58
7711 46
7712 65
7713 71
7714 65
7715 52
7716 62
7717 66
7718 63
7719 70
7720 68
7721 57
7722 57
7723 59
7724 62
7725 54
7726 65
7727 71
7728 56
7729 64
7730 63
7731 58
7732 69
7733 64
7734 61
7735 72
7736 61
7737 57
7738 56
7739 65
7740 61
7741 61
7742 56
7743 60
7744 81
7745 54
7746 70
7747 62
7748 53
7749 54
7750 69
7751 78
7752 59
7753 46
7754 67
7755 73
7756 55
7757 59
7758 80
7759 60
7760 79
7761 76
7762 45
7763 68
7764 59
7765 59
7766 62
7767 66
7768 70
7769 64
7770 61
7771 53
7772 63
7773 55
7774 54
7775 64
7776 51
7777 51
7778 58
7779 71
7780 62
7781 70
7782 62
7783 49
7784 57
7785 49
7786 72
7787 43
7788 59
7789 58
7790 58
7791 80
7792 56
7793 63
7794 64
7795 60
7796 65
7797 55
7798 58
7799 55
7800 66
7801 63
7802 67
7803 57
7804 66
7805 59
7806 67
7807 45
7808 64
7809 75
7810 68
7811 66
7812 64
7813 57
7814 59
7815 53
7816 67
7817 58
7818 69
7819 58
7820 62
7821 65
7822 65
7823 64
7824 68
7825 56
7826 54
7827 68
7828 53
7829 64
7830 71
7831 64
7832 76
7833 48
7834 59
7835 68
7836 66
7837 69
7838 70
7839 62
7840 56
7841 58
7842 57
7843 63
7844 67
7845 54
7846 59
7847 67
7848 65
7849 59
7850 65
7851 60
7852 52
7853 61
7854 59
7855 76
7856 63
7857 57
7858 77
7859 76
7860 58
7861 54
7862 48
7863 47
7864 60
7865 57
7866 64
7867 66
7868 57
7869 64
7870 67
7871 63
7872 47
7873 60
7874 58
7875 62
7876 55
7877 55
7878 61
7879 55
7880 63
7881 65
7882 57
7883 58
7884 63
7885 66
7886 53
7887 57
7888 60
7889 63
7890 67
7891 63
7892 62
7893 61
7894 48
7895 69
7896 48
7897 58
7898 63
7899 46
7900 54
7901 56
7902 67
7903 78
7904 57
7905 62
7906 59
7907 58
7908 56
7909 54
7910 44
7911 64
7912 65
7913 67
7914 47
7915 48
7916 69
7917 52
7918 65
7919 48
7920 56
7921 67
7922 64
7923 56
7924 53
7925 59
7926 57
7927 56
7928 69
7929 58
7930 52
7931 54
7932 39
7933 60
7934 50
7935 62
7936 53
7937 53
7938 46
7939 55
7940 54
7941 36
7942 71
7943 61
7944 66
7945 56
7946 54
7947 54
7948 53
7949 67
7950 55
7951 62
7952 66
7953 54
7954 74
7955 59
7956 65
7957 71
7958 73
7959 59
7960 69
7961 62
7962 54
7963 59
7964 69
7965 58
7966 55
7967 67
7968 46
7969 72
7970 64
7971 58
7972 80
7973 62
7974 56
7975 61
7976 58
7977 48
7978 61
7979 51
7980 67
7981 45
7982 57
7983 60
7984 52
7985 70
7986 70
7987 66
7988 60
7989 63
7990 58
7991 65
7992 53
7993 54
7994 54
7995 63
7996 64
7997 49
7998 65
7999 54
8000 68
8001 41
8002 47
8003 57
8004 63
8005 70
8006 69
8007 50
8008 48
8009 58
8010 52
8011 59
8012 71
8013 44
8014 68
8015 61
8016 54
8017 49
8018 65
8019 64
8020 52
8021 52
8022 62
8023 53
8024 51
8025 63
8026 74
8027 64
8028 51
8029 60
8030 66
8031 59
8032 40
8033 56
8034 53
8035 59
8036 46
8037 58
8038 51
8039 65
8040 52
8041 56
8042 52
8043 65
8044 59
8045 54
8046 46
8047 80
8048 49
8049 54
8050 61
8051 67
8052 60
8053 59
8054 53
8055 60
8056 66
8057 54
8058 51
8059 55
8060 63
8061 47
8062 76
8063 66
8064 64
8065 60
8066 65
8067 41
8068 68
8069 58
8070 38
8071 81
8072 62
8073 65
8074 71
8075 57
8076 65
8077 67
8078 35
8079 53
8080 48
8081 69
8082 54
8083 61
8084 46
8085 41
8086 66
8087 46
8088 47
8089 46
8090 62
8091 68
8092 76
8093 65
8094 52
8095 50
8096 60
8097 57
8098 50
8099 53
8100 49
8101 59
8102 49
8103 60
8104 63
8105 51
8106 63
8107 54
8108 46
8109 45
8110 52
8111 58
8112 61
8113 56
8114 48
8115 51
8116 53
8117 53
8118 54
8119 55
8120 48
8121 61
8122 54
8123 53
8124 45
8125 63
8126 62
8127 65
8128 55
8129 64
8130 62
8131 59
8132 46
8133 54
8134 72
8135 49
8136 58
8137 56
8138 46
8139 51
8140 65
8141 67
8142 69
8143 53
8144 58
8145 44
8146 46
8147 64
8148 55
8149 54
8150 49
8151 59
8152 57
8153 64
8154 57
8155 47
8156 66
8157 52
8158 53
8159 36
8160 53
8161 56
8162 66
8163 54
8164 62
8165 47
8166 64
8167 45
8168 54
8169 49
8170 57
8171 51
8172 56
8173 55
8174 59
8175 51
8176 54
8177 53
8178 55
8179 58
8180 50
8181 51
8182 52
8183 50
8184 44
8185 46
8186 43
8187 55
8188 39
8189 47
8190 46
8191 64
8192 58
8193 47
8194 64
8195 55
8196 59
8197 60
8198 61
8199 40
8200 60
8201 64
8202 61
8203 66
8204 48
8205 49
8206 54
8207 58
8208 48
8209 54
8210 53
8211 64
8212 60
8213 44
8214 58
8215 52
8216 51
8217 49
8218 62
8219 57
8220 55
8221 53
8222 60
8223 41
8224 46
8225 57
8226 49
8227 56
8228 48
8229 37
8230 44
8231 57
8232 53
8233 57
8234 54
8235 52
8236 48
8237 59
8238 45
8239 60
8240 50
8241 60
8242 60
8243 62
8244 66
8245 53
8246 48
8247 54
8248 44
8249 45
8250 55
8251 48
8252 53
8253 60
8254 70
8255 56
8256 53
8257 49
8258 63
8259 59
8260 46
8261 56
8262 56
8263 64
8264 64
8265 46
8266 60
8267 52
8268 58
8269 61
8270 64
8271 46
8272 53
8273 58
8274 51
8275 56
8276 56
8277 68
8278 70
8279 60
8280 64
8281 49
8282 54
8283 45
8284 54
8285 51
8286 54
8287 65
8288 74
8289 58
8290 53
8291 52
8292 33
8293 47
8294 50
8295 53
8296 65
8297 45
8298 50
8299 54
8300 47
8301 55
8302 64
8303 48
8304 37
8305 60
8306 42
8307 57
8308 57
8309 56
8310 55
8311 55
8312 49
8313 58
8314 53
8315 56
8316 65
8317 63
8318 65
8319 46
8320 54
8321 64
8322 43
8323 54
8324 45
8325 51
8326 53
8327 59
8328 63
8329 41
8330 52
8331 39
8332 53
8333 39
8334 42
8335 52
8336 37
8337 54
8338 58
8339 49
8340 63
8341 48
8342 48
8343 50
8344 47
8345 54
8346 49
8347 58
8348 54
8349 57
8350 52
8351 55
8352 44
8353 60
8354 47
8355 52
8356 57
8357 56
8358 56
8359 63
8360 59
8361 61
8362 48
8363 55
8364 58
8365 53
8366 58
8367 53
8368 48
8369 66
8370 53
8371 42
8372 63
8373 56
8374 51
8375 45
8376 59
8377 66
8378 59
8379 51
8380 60
8381 47
8382 48
8383 40
8384 42
8385 53
8386 39
8387 43
8388 45
8389 49
8390 45
8391 53
8392 47
8393 43
8394 44
8395 58
8396 52
8397 51
8398 40
8399 57
8400 57
8401 48
8402 47
8403 38
8404 40
8405 48
8406 44
8407 57
8408 38
8409 52
8410 51
8411 57
8412 56
8413 40
8414 43
8415 58
8416 50
8417 52
8418 62
8419 52
8420 49
8421 58
8422 51
8423 45
8424 57
8425 59
8426 54
8427 52
8428 43
8429 60
8430 46
8431 57
8432 49
8433 58
8434 55
8435 62
8436 71
8437 47
8438 58
8439 46
8440 61
8441 58
8442 46
8443 60
8444 66
8445 57
8446 50
8447 52
8448 43
8449 54
8450 58
8451 68
8452 53
8453 49
8454 48
8455 57
8456 71
8457 49
8458 66
8459 51
8460 65
8461 52
8462 48
8463 42
8464 64
8465 52
8466 49
8467 58
8468 40
8469 65
8470 57
8471 56
8472 35
8473 72
8474 44
8475 50
8476 53
8477 42
8478 55
8479 51
8480 52
8481 48
8482 52
8483 47
8484 40
8485 58
8486 48
8487 46
8488 53
8489 55
8490 53
8491 58
8492 44
8493 59
8494 62
8495 39
8496 44
8497 53
8498 44
8499 59
8500 31
8501 51
8502 45
8503 51
8504 50
8505 44
8506 38
8507 42
8508 45
8509 56
8510 46
8511 40
8512 52
8513 54
8514 43
8515 59
8516 47
8517 41
8518 49
8519 43
8520 41
8521 50
8522 45
8523 63
8524 52
8525 45
8526 38
8527 34
8528 46
8529 46
8530 50
8531 45
8532 50
8533 55
8534 47
8535 50
8536 57
8537 36
8538 46
8539 44
8540 55
8541 42
8542 57
8543 43
8544 51
8545 57
8546 45
8547 50
8548 50
8549 47
8550 51
8551 50
8552 52
8553 42
8554 41
8555 48
8556 34
8557 53
8558 55
8559 51
8560 59
8561 61
8562 36
8563 52
8564 40
8565 52
8566 53
8567 67
8568 59
8569 54
8570 48
8571 54
8572 47
8573 45
8574 51
8575 67
8576 62
8577 46
8578 45
8579 46
8580 43
8581 51
8582 48
8583 53
8584 47
8585 73
8586 53
8587 55
8588 44
8589 42
8590 52
8591 65
8592 37
8593 55
8594 45
8595 60
8596 49
8597 49
8598 47
8599 45
8600 49
8601 44
8602 40
8603 51
8604 38
8605 49
8606 56
8607 49
8608 45
8609 54
8610 59
8611 44
8612 63
8613 48
8614 40
8615 41
8616 57
8617 50
8618 44
8619 50
8620 39
8621 41
8622 50
8623 58
8624 54
8625 39
8626 49
8627 37
8628 36
8629 51
8630 53
8631 65
8632 49
8633 58
8634 52
8635 42
8636 49
8637 51
8638 46
8639 44
8640 62
8641 51
8642 44
8643 52
8644 51
8645 50
8646 38
8647 48
8648 63
8649 45
8650 33
8651 35
8652 49
8653 46
8654 41
8655 51
8656 52
8657 46
8658 42
8659 43
8660 46
8661 38
8662 44
8663 42
8664 41
8665 40
8666 35
8667 37
8668 55
8669 46
8670 52
8671 41
8672 46
8673 60
8674 53
8675 45
8676 51
8677 56
8678 57
8679 57
8680 40
8681 39
8682 39
8683 56
8684 57
8685 47
8686 55
8687 44
8688 54
8689 50
8690 53
8691 41
8692 41
8693 43
8694 46
8695 56
8696 44
8697 52
8698 49
8699 41
8700 37
8701 39
8702 52
8703 55
8704 60
8705 57
8706 62
8707 43
8708 46
8709 34
8710 57
8711 47
8712 49
8713 56
8714 57
8715 52
8716 45
8717 47
8718 68
8719 59
8720 60
8721 47
8722 42
8723 44
8724 58
8725 53
8726 44
8727 51
8728 52
8729 43
8730 57
8731 53
8732 52
8733 45
8734 46
8735 44
8736 46
8737 44
8738 47
8739 41
8740 53
8741 53
8742 35
8743 42
8744 45
8745 45
8746 56
8747 54
8748 55
8749 47
8750 46
8751 48
8752 48
8753 56
8754 67
8755 55
8756 51
8757 49
8758 47
8759 57
8760 46
8761 53
8762 43
8763 53
8764 52
8765 46
8766 54
8767 46
8768 46
8769 48
8770 51
8771 48
8772 47
8773 40
8774 41
8775 55
8776 41
8777 47
8778 45
8779 61
8780 40
8781 42
8782 47
8783 42
8784 52
8785 46
8786 42
8787 54
8788 40
8789 41
8790 58
8791 50
8792 57
8793 43
8794 52
8795 39
8796 57
8797 40
8798 51
8799 44
8800 48
8801 47
8802 51
8803 66
8804 40
8805 53
8806 42
8807 57
8808 45
8809 46
8810 53
8811 47
8812 44
8813 42
8814 60
8815 39
8816 43
8817 51
8818 42
8819 43
8820 49
8821 55
8822 46
8823 65
8824 53
8825 46
8826 49
8827 45
8828 50
8829 45
8830 57
8831 34
8832 47
8833 49
8834 51
8835 48
8836 51
8837 49
8838 41
8839 33
8840 28
8841 37
8842 54
8843 49
8844 42
8845 36
8846 43
8847 39
8848 56
8849 35
8850 54
8851 48
8852 43
8853 37
8854 42
8855 50
8856 50
8857 39
8858 50
8859 46
8860 46
8861 57
8862 38
8863 44
8864 48
8865 48
8866 50
8867 45
8868 44
8869 44
8870 52
8871 46
8872 52
8873 55
8874 44
8875 45
8876 49
8877 36
8878 52
8879 50
8880 50
8881 43
8882 52
8883 44
8884 41
8885 44
8886 43
8887 54
8888 49
8889 55
8890 55
8891 45
8892 56
8893 57
8894 50
8895 38
8896 47
8897 54
8898 49
8899 47
8900 53
8901 47
8902 46
8903 54
8904 45
8905 51
8906 34
8907 59
8908 52
8909 56
8910 47
8911 43
8912 31
8913 43
8914 50
8915 36
8916 49
8917 42
8918 36
8919 47
8920 46
8921 45
8922 44
8923 52
8924 46
8925 64
8926 52
8927 47
8928 42
8929 53
8930 35
8931 56
8932 53
8933 69
8934 52
8935 50
8936 53
8937 42
8938 56
8939 42
8940 40
8941 45
8942 53
8943 53
8944 38
8945 58
8946 44
8947 46
8948 45
8949 46
8950 51
8951 36
8952 53
8953 46
8954 54
8955 45
8956 51
8957 57
8958 52
8959 53
8960 41
8961 56
8962 56
8963 49
8964 49
8965 50
8966 50
8967 35
8968 52
8969 36
8970 60
8971 47
8972 36
8973 47
8974 50
8975 50
8976 43
8977 46
8978 40
8979 41
8980 50
8981 57
8982 54
8983 51
8984 52
8985 46
8986 52
8987 43
8988 50
8989 50
8990 40
8991 39
8992 41
8993 47
8994 45
8995 53
8996 53
8997 42
8998 35
8999 48
9000 41
9001 46
9002 54
9003 35
9004 43
9005 42
9006 50
9007 49
9008 50
9009 47
9010 45
9011 35
9012 48
9013 35
9014 42
9015 40
9016 41
9017 47
9018 45
9019 43
9020 51
9021 41
9022 34
9023 48
9024 45
9025 35
9026 48
9027 52
9028 49
9029 34
9030 43
9031 58
9032 48
9033 46
9034 38
9035 44
9036 37
9037 38
9038 44
9039 72
9040 46
9041 40
9042 54
9043 42
9044 55
9045 46
9046 38
9047 40
9048 57
9049 50
9050 56
9051 57
9052 46
9053 50
9054 48
9055 45
9056 42
9057 51
9058 44
9059 41
9060 42
9061 54
9062 44
9063 60
9064 43
9065 51
9066 27
9067 42
9068 39
9069 54
9070 51
9071 41
9072 39
9073 51
9074 45
9075 45
9076 48
9077 38
9078 54
9079 54
9080 40
9081 39
9082 36
9083 40
9084 37
9085 56
9086 53
9087 47
9088 56
9089 43
9090 42
9091 40
9092 42
9093 52
9094 47
9095 51
9096 56
9097 44
9098 51
9099 44
9100 46
9101 46
9102 48
9103 43
9104 48
9105 42
9106 40
9107 48
9108 52
9109 34
9110 55
9111 41
9112 42
9113 37
9114 47
9115 54
9116 49
9117 37
9118 36
9119 41
9120 48
9121 35
9122 45
9123 47
9124 42
9125 45
9126 50
9127 35
9128 58
9129 52
9130 45
9131 46
9132 47
9133 41
9134 50
9135 45
9136 50
9137 43
9138 38
9139 44
9140 48
9141 48
9142 50
9143 27
9144 39
9145 42
9146 47
9147 52
9148 54
9149 52
9150 37
9151 53
9152 54
9153 39
9154 59
9155 36
9156 44
9157 43
9158 40
9159 39
9160 53
9161 50
9162 36
9163 36
9164 52
9165 46
9166 47
9167 34
9168 43
9169 40
9170 41
9171 41
9172 45
9173 38
9174 51
9175 37
9176 38
9177 45
9178 43
9179 35
9180 43
9181 50
9182 56
9183 37
9184 42
9185 44
9186 44
9187 43
9188 39
9189 43
9190 50
9191 33
9192 42
9193 48
9194 45
9195 35
9196 37
9197 34
9198 43
9199 43
9200 44
9201 36
9202 38
9203 41
9204 40
9205 41
9206 38
9207 41
9208 34
9209 60
9210 35
9211 33
9212 46
9213 40
9214 39
9215 54
9216 30
9217 50
9218 47
9219 46
9220 52
9221 49
9222 37
9223 43
9224 35
9225 38
9226 44
9227 33
9228 44
9229 46
9230 44
9231 38
9232 45
9233 41
9234 51
9235 31
9236 52
9237 50
9238 50
9239 34
9240 51
9241 47
9242 40
9243 43
9244 49
9245 39
9246 42
9247 41
9248 38
9249 36
9250 43
9251 36
9252 43
9253 39
9254 46
9255 43
9256 45
9257 39
9258 40
9259 40
9260 39
9261 41
9262 38
9263 39
9264 52
9265 47
9266 36
9267 39
9268 40
9269 49
9270 43
9271 39
9272 44
9273 48
9274 46
9275 31
9276 46
9277 45
9278 37
9279 42
9280 47
9281 38
9282 45
9283 35
9284 47
9285 46
9286 36
9287 50
9288 38
9289 43
9290 48
9291 43
9292 40
9293 39
9294 42
9295 38
9296 56
9297 31
9298 41
9299 35
9300 42
9301 41
9302 47
9303 38
9304 53
9305 44
9306 42
9307 41
9308 43
9309 37
9310 34
9311 42
9312 46
9313 38
9314 50
9315 37
9316 34
9317 43
9318 41
9319 45
9320 42
9321 44
9322 47
9323 40
9324 42
9325 44
9326 41
9327 52
9328 44
9329 42
9330 34
9331 45
9332 53
9333 44
9334 42
9335 42
9336 43
9337 49
9338 32
9339 36
9340 45
9341 44
9342 45
9343 40
9344 44
9345 51
9346 30
9347 48
9348 46
9349 47
9350 49
9351 43
9352 48
9353 34
9354 42
9355 41
9356 46
9357 33
9358 30
9359 34
9360 52
9361 52
9362 37
9363 51
9364 41
9365 33
9366 36
9367 39
9368 48
9369 37
9370 37
9371 42
9372 35
9373 37
9374 42
9375 30
9376 49
9377 40
9378 48
9379 47
9380 55
9381 49
9382 38
9383 37
9384 31
9385 27
9386 41
9387 36
9388 45
9389 29
9390 39
9391 28
9392 24
9393 32
9394 34
9395 40
9396 36
9397 40
9398 40
9399 38
9400 29
9401 34
9402 47
9403 30
9404 42
9405 42
9406 41
9407 49
9408 55
9409 42
9410 46
9411 41
9412 46
9413 39
9414 35
9415 31
9416 39
9417 39
9418 43
9419 41
9420 45
9421 45
9422 46
9423 42
9424 51
9425 47
9426 56
9427 42
9428 49
9429 37
9430 34
9431 46
9432 43
9433 33
9434 55
9435 43
9436 39
9437 48
9438 36
9439 35
9440 42
9441 36
9442 44
9443 45
9444 38
9445 48
9446 42
9447 38
9448 37
9449 34
9450 47
9451 40
9452 31
9453 41
9454 30
9455 35
9456 36
9457 35
9458 34
9459 38
9460 55
9461 37
9462 44
9463 41
9464 43
9465 48
9466 52
9467 46
9468 35
9469 42
9470 46
9471 41
9472 41
9473 49
9474 44
9475 46
9476 50
9477 40
9478 48
9479 48
9480 24
9481 41
9482 34
9483 38
9484 28
9485 43
9486 43
9487 40
9488 52
9489 34
9490 33
9491 33
9492 33
9493 34
9494 38
9495 54
9496 46
9497 34
9498 35
9499 38
9500 51
9501 43
9502 49
9503 35
9504 52
9505 47
9506 39
9507 43
9508 29
9509 47
9510 45
9511 43
9512 37
9513 42
9514 40
9515 20
9516 40
9517 40
9518 29
9519 43
9520 37
9521 32
9522 36
9523 39
9524 43
9525 44
9526 29
9527 41
9528 34
9529 25
9530 30
9531 45
9532 40
9533 41
9534 38
9535 38
9536 45
9537 35
9538 41
9539 49
9540 39
9541 52
9542 40
9543 40
9544 46
9545 37
9546 46
9547 42
9548 45
9549 24
9550 38
9551 47
9552 41
9553 33
9554 38
9555 37
9556 50
9557 47
9558 30
9559 47
9560 46
9561 40
9562 32
9563 26
9564 41
9565 39
9566 48
9567 44
9568 35
9569 37
9570 49
9571 34
9572 39
9573 42
9574 38
9575 44
9576 45
9577 42
9578 39
9579 43
9580 35
9581 50
9582 44
9583 35
9584 30
9585 33
9586 32
9587 33
9588 42
9589 45
9590 26
9591 40
9592 47
9593 57
9594 40
9595 36
9596 40
9597 34
9598 41
9599 37
9600 32
9601 40
9602 51
9603 38
9604 51
9605 49
9606 39
9607 46
9608 56
9609 35
9610 36
9611 33
9612 43
9613 44
9614 29
9615 39
9616 40
9617 43
9618 44
9619 32
9620 29
9621 46
9622 35
9623 42
9624 54
9625 43
9626 40
9627 41
9628 52
9629 43
9630 33
9631 53
9632 38
9633 40
9634 26
9635 33
9636 29
9637 36
9638 38
9639 30
9640 32
9641 34
9642 43
9643 42
9644 32
9645 41
9646 48
9647 37
9648 39
9649 31
9650 37
9651 37
9652 36
9653 41
9654 33
9655 42
9656 31
9657 37
9658 36
9659 40
9660 38
9661 37
9662 40
9663 43
9664 40
9665 38
9666 46
9667 37
9668 36
9669 37
9670 37
9671 32
9672 34
9673 50
9674 25
9675 44
9676 39
9677 35
9678 63
9679 28
9680 34
9681 43
9682 31
9683 53
9684 32
9685 44
9686 29
9687 37
9688 37
9689 39
9690 41
9691 38
9692 21
9693 41
9694 26
9695 39
9696 34
9697 43
9698 36
9699 34
9700 24
9701 32
9702 30
9703 28
9704 35
9705 30
9706 31
9707 34
9708 33
9709 28
9710 45
9711 35
9712 36
9713 35
9714 39
9715 28
9716 31
9717 38
9718 34
9719 41
9720 34
9721 44
9722 33
9723 45
9724 37
9725 34
9726 32
9727 38
9728 41
9729 29
9730 35
9731 43
9732 51
9733 38
9734 35
9735 38
9736 35
9737 44
9738 25
9739 37
9740 39
9741 42
9742 35
9743 49
9744 28
9745 37
9746 42
9747 30
9748 45
9749 39
9750 34
9751 30
9752 45
9753 29
9754 38
9755 47
9756 39
9757 31
9758 48
9759 34
9760 37
9761 45
9762 38
9763 34
9764 38
9765 32
9766 41
9767 41
9768 30
9769 43
9770 29
9771 33
9772 34
9773 25
9774 41
9775 37
9776 43
9777 47
9778 30
9779 44
9780 41
9781 49
9782 29
9783 40
9784 29
9785 32
9786 34
9787 45
9788 33
9789 40
9790 40
9791 32
9792 44
9793 26
9794 33
9795 43
9796 43
9797 44
9798 47
9799 40
9800 39
9801 42
9802 44
9803 35
9804 37
9805 34
9806 39
9807 30
9808 25
9809 30
9810 44
9811 36
9812 30
9813 39
9814 50
9815 25
9816 32
9817 25
9818 33
9819 33
9820 30
9821 46
9822 36
9823 41
9824 35
9825 39
9826 40
9827 34
9828 44
9829 34
9830 40
9831 33
9832 34
9833 36
9834 37
9835 37
9836 31
9837 39
9838 36
9839 26
9840 25
9841 28
9842 37
9843 33
9844 32
9845 26
9846 40
9847 37
9848 30
9849 35
9850 29
9851 36
9852 27
9853 34
9854 26
9855 43
9856 25
9857 33
9858 36
9859 41
9860 31
9861 29
9862 37
9863 29
9864 33
9865 27
9866 36
9867 30
9868 30
9869 23
9870 41
9871 39
9872 37
9873 35
9874 32
9875 52
9876 37
9877 40
9878 29
9879 44
9880 23
9881 35
9882 31
9883 35
9884 55
9885 38
9886 40
9887 39
9888 27
9889 43
9890 33
9891 34
9892 36
9893 27
9894 24
9895 40
9896 34
9897 36
9898 30
9899 33
9900 37
9901 30
9902 34
9903 37
9904 38
9905 44
9906 44
9907 24
9908 36
9909 36
9910 29
9911 34
9912 39
9913 28
9914 34
9915 33
9916 41
9917 34
9918 43
9919 34
9920 40
9921 32
9922 42
9923 45
9924 31
9925 36
9926 32
9927 32
9928 38
9929 33
9930 44
9931 30
9932 38
9933 34
9934 42
9935 33
9936 33
9937 32
9938 36
9939 46
9940 30
9941 38
9942 38
9943 35
9944 37
9945 30
9946 26
9947 36
9948 32
9949 37
9950 35
9951 29
9952 35
9953 37
9954 29
9955 36
9956 29
9957 24
9958 39
9959 32
9960 30
9961 27
9962 38
9963 38
9964 35
9965 31
9966 23
9967 40
9968 41
9969 36
9970 43
9971 31
9972 27
9973 28
9974 29
9975 27
9976 38
9977 37
9978 32
9979 26
9980 38
9981 21
9982 39
9983 37
9984 32
9985 33
9986 46
9987 38
9988 31
9989 31
9990 35
9991 28
9992 39
9993 36
9994 31
9995 31
9996 40
9997 37
9998 39
9999 33
10000 40
10001 462485
