# Title:27-mer spectra for: 63
# XLabel:27-mer frequency
# YLabel:# distinct 27-mers
# Kmer value:27
# Input 1:<pipe>
###
1 2081765308
2 174762622
3 56687037
4 29971425
5 20318906
6 16641179
7 14923377
8 13855113
9 12705468
10 11352348
11 9780253
12 8195541
13 6707160
14 5488566
15 4579078
16 4009777
17 3758970
18 3787570
19 4093046
20 4657636
21 5444572
22 6454201
23 7642203
24 8980655
25 10391919
26 11809488
27 13155753
28 14367013
29 15355028
30 16082279
31 16494191
32 16560421
33 16305871
34 15747544
35 14923194
36 13882622
37 12687958
38 11392132
39 10079289
40 8775933
41 7537255
42 6391645
43 5372657
44 4489257
45 3735636
46 3109178
47 2610368
48 2223418
49 1939478
50 1742712
51 1613278
52 1546185
53 1527230
54 1543639
55 1594943
56 1659488
57 1736011
58 1817625
59 1894487
60 1965377
61 2029893
62 2078143
63 2113584
64 2132403
65 2133313
66 2118597
67 2083196
68 2034049
69 1972062
70 1893552
71 1808927
72 1713875
73 1612615
74 1512581
75 1406945
76 1301075
77 1198406
78 1101396
79 1008284
80 922610
81 844868
82 774441
83 708413
84 647533
85 598032
86 556856
87 517670
88 485787
89 459110
90 437862
91 419186
92 405947
93 390887
94 381221
95 372914
96 365551
97 359573
98 354936
99 348832
100 340759
101 333536
102 326868
103 320541
104 312921
105 304907
106 298121
107 290406
108 281883
109 273532
110 265431
111 257232
112 249706
113 242958
114 235812
115 229516
116 222895
117 216656
118 211083
119 206476
120 202009
121 196962
122 193973
123 189389
124 186807
125 184568
126 181701
127 180664
128 178113
129 175401
130 173032
131 171013
132 168304
133 166566
134 164148
135 161756
136 158593
137 156603
138 153332
139 151617
140 148071
141 145902
142 142882
143 140631
144 138341
145 135304
146 133169
147 130599
148 128062
149 125580
150 123179
151 121359
152 118568
153 116248
154 114872
155 111967
156 110763
157 109061
158 106553
159 105214
160 103722
161 101984
162 100774
163 99136
164 97948
165 97300
166 96274
167 94477
168 93227
169 92627
170 91110
171 90091
172 88783
173 87303
174 86851
175 86040
176 85124
177 83016
178 83212
179 81500
180 80758
181 79455
182 78886
183 77750
184 77344
185 75611
186 74303
187 74288
188 73032
189 71832
190 70663
191 70337
192 68886
193 68604
194 67950
195 67470
196 66755
197 66081
198 65843
199 65165
200 64091
201 63418
202 62543
203 62455
204 61295
205 60887
206 59794
207 59717
208 58692
209 58582
210 57949
211 57632
212 57127
213 56371
214 56003
215 55029
216 54970
217 54004
218 54035
219 52924
220 52376
221 52286
222 52131
223 51298
224 50708
225 50242
226 49907
227 49613
228 49383
229 48898
230 48244
231 48085
232 47558
233 47271
234 46189
235 46051
236 45463
237 45324
238 45334
239 44338
240 44040
241 44043
242 43532
243 42930
244 42520
245 41925
246 41781
247 41341
248 40893
249 40128
250 40378
251 39783
252 39019
253 39196
254 38808
255 38677
256 38048
257 37496
258 37296
259 36803
260 36443
261 36281
262 35909
263 35253
264 35009
265 34539
266 34608
267 34429
268 33826
269 33720
270 33216
271 33294
272 32625
273 32172
274 32166
275 32140
276 31865
277 31715
278 31212
279 30371
280 29875
281 30069
282 29810
283 29528
284 29252
285 29146
286 28852
287 28221
288 27854
289 27867
290 27707
291 27268
292 27194
293 27058
294 26545
295 26708
296 26232
297 26150
298 26030
299 25797
300 26008
301 25661
302 25572
303 25479
304 25229
305 25242
306 24853
307 24887
308 24364
309 24369
310 23902
311 24093
312 23796
313 23581
314 23171
315 23240
316 23181
317 22928
318 22776
319 22551
320 22389
321 22317
322 22068
323 21828
324 21887
325 21853
326 21539
327 21216
328 21051
329 20886
330 21004
331 21094
332 20748
333 20584
334 20611
335 20510
336 20271
337 19942
338 20068
339 19696
340 19679
341 19419
342 19096
343 19557
344 19119
345 19056
346 18998
347 18809
348 18575
349 18693
350 18357
351 18089
352 18125
353 18347
354 17835
355 17625
356 17692
357 17898
358 17678
359 17332
360 17688
361 17365
362 17369
363 17229
364 16928
365 16739
366 16856
367 16473
368 16269
369 16420
370 16326
371 16277
372 16305
373 16172
374 15951
375 16028
376 15570
377 15699
378 15688
379 15530
380 15322
381 15198
382 15203
383 15003
384 15033
385 15199
386 15099
387 14955
388 14711
389 14599
390 14662
391 14472
392 14576
393 14430
394 14244
395 14242
396 14256
397 14301
398 14199
399 13838
400 13848
401 13986
402 13691
403 13862
404 13652
405 13268
406 13512
407 13280
408 13352
409 13397
410 13203
411 13244
412 13279
413 12965
414 13110
415 12818
416 12859
417 12477
418 12679
419 12805
420 12556
421 12429
422 12483
423 12390
424 12437
425 12418
426 12324
427 11951
428 12054
429 12311
430 12069
431 12051
432 11829
433 11901
434 11879
435 11755
436 11578
437 11840
438 11743
439 11602
440 11546
441 11363
442 11442
443 11331
444 11204
445 11284
446 11237
447 11222
448 11083
449 11275
450 11175
451 11220
452 10945
453 10906
454 10825
455 10845
456 10778
457 10709
458 10522
459 10560
460 10390
461 10496
462 10465
463 10424
464 10412
465 10193
466 10408
467 10275
468 10189
469 10203
470 10027
471 10265
472 10087
473 10116
474 10196
475 9972
476 10052
477 9830
478 9967
479 9822
480 9782
481 9670
482 9617
483 9677
484 9628
485 9535
486 9631
487 9363
488 9322
489 9347
490 9275
491 9351
492 9412
493 9207
494 9186
495 9161
496 9076
497 8901
498 9143
499 9052
500 9038
501 8864
502 8913
503 8836
504 8799
505 8770
506 8843
507 8581
508 8747
509 8536
510 8605
511 8617
512 8489
513 8411
514 8370
515 8306
516 8205
517 8216
518 8299
519 8179
520 8025
521 8245
522 8277
523 8080
524 7985
525 8086
526 7983
527 7992
528 7951
529 7950
530 7860
531 7771
532 7766
533 7810
534 7640
535 7532
536 7650
537 7533
538 7530
539 7529
540 7445
541 7403
542 7451
543 7482
544 7365
545 7419
546 7447
547 7473
548 7456
549 7337
550 7269
551 7308
552 7308
553 7389
554 7106
555 7194
556 7041
557 7220
558 7169
559 7276
560 7099
561 7121
562 6954
563 6967
564 7031
565 7000
566 6931
567 6912
568 6846
569 6886
570 6900
571 6918
572 6954
573 6988
574 6943
575 6696
576 6858
577 6618
578 6664
579 6648
580 6627
581 6513
582 6523
583 6622
584 6507
585 6586
586 6544
587 6303
588 6499
589 6295
590 6387
591 6417
592 6345
593 6310
594 6258
595 6261
596 6209
597 6285
598 6167
599 6176
600 6091
601 6177
602 6184
603 5967
604 6128
605 6087
606 6046
607 5905
608 5859
609 6041
610 5962
611 5999
612 6016
613 5844
614 5860
615 5961
616 5861
617 6022
618 5894
619 5893
620 5874
621 5873
622 5777
623 5768
624 5834
625 5670
626 5629
627 5551
628 5577
629 5533
630 5596
631 5627
632 5457
633 5550
634 5398
635 5594
636 5378
637 5459
638 5442
639 5531
640 5564
641 5517
642 5356
643 5445
644 5418
645 5332
646 5342
647 5174
648 5212
649 5282
650 5276
651 5106
652 5147
653 5073
654 5320
655 5128
656 5141
657 5300
658 5163
659 5053
660 5112
661 5002
662 5221
663 4996
664 5003
665 5121
666 5016
667 5037
668 4800
669 5020
670 4874
671 4972
672 4842
673 5021
674 4977
675 4966
676 4888
677 4810
678 4884
679 4766
680 4850
681 4771
682 4726
683 4741
684 4700
685 4623
686 4718
687 4622
688 4684
689 4542
690 4719
691 4637
692 4644
693 4630
694 4616
695 4460
696 4501
697 4643
698 4551
699 4527
700 4401
701 4572
702 4492
703 4378
704 4423
705 4475
706 4435
707 4465
708 4369
709 4499
710 4472
711 4434
712 4494
713 4414
714 4440
715 4384
716 4416
717 4267
718 4278
719 4264
720 4298
721 4236
722 4304
723 4394
724 4078
725 4286
726 4154
727 4160
728 4132
729 4161
730 4060
731 4098
732 3982
733 4152
734 4006
735 3983
736 4133
737 4073
738 4014
739 4000
740 4138
741 4020
742 3995
743 4062
744 4062
745 4096
746 4030
747 3971
748 4075
749 3985
750 3898
751 3949
752 3927
753 3862
754 3966
755 3950
756 3838
757 3908
758 3737
759 3825
760 3876
761 3819
762 3860
763 3833
764 3764
765 3811
766 3837
767 3716
768 3763
769 3770
770 3716
771 3654
772 3684
773 3731
774 3639
775 3695
776 3603
777 3777
778 3774
779 3675
780 3628
781 3713
782 3696
783 3621
784 3726
785 3513
786 3495
787 3535
788 3450
789 3577
790 3646
791 3606
792 3441
793 3533
794 3446
795 3568
796 3599
797 3489
798 3457
799 3458
800 3609
801 3359
802 3427
803 3384
804 3420
805 3409
806 3415
807 3436
808 3369
809 3264
810 3332
811 3322
812 3252
813 3486
814 3351
815 3371
816 3421
817 3439
818 3357
819 3368
820 3305
821 3273
822 3318
823 3274
824 3236
825 3263
826 3172
827 3257
828 3243
829 3242
830 3247
831 3186
832 3201
833 3219
834 3167
835 3305
836 3224
837 3179
838 3117
839 3137
840 3250
841 3271
842 3163
843 3277
844 3165
845 3103
846 3116
847 3186
848 3108
849 3245
850 3037
851 3143
852 3084
853 3051
854 2966
855 3048
856 3084
857 2991
858 3041
859 2962
860 3048
861 2980
862 2969
863 2979
864 2954
865 2972
866 3024
867 2947
868 3010
869 3001
870 2911
871 2991
872 2954
873 2922
874 2930
875 2841
876 2906
877 2996
878 2864
879 2856
880 2931
881 2858
882 2893
883 2834
884 2853
885 2839
886 2920
887 2785
888 2855
889 2810
890 2751
891 2684
892 2813
893 2738
894 2859
895 2749
896 2699
897 2725
898 2702
899 2771
900 2769
901 2764
902 2741
903 2668
904 2796
905 2771
906 2799
907 2721
908 2754
909 2666
910 2738
911 2655
912 2706
913 2689
914 2715
915 2684
916 2631
917 2676
918 2700
919 2594
920 2780
921 2673
922 2626
923 2573
924 2691
925 2593
926 2632
927 2610
928 2543
929 2658
930 2564
931 2641
932 2623
933 2664
934 2606
935 2557
936 2598
937 2499
938 2527
939 2507
940 2573
941 2555
942 2483
943 2490
944 2491
945 2495
946 2421
947 2469
948 2432
949 2497
950 2517
951 2508
952 2458
953 2417
954 2506
955 2467
956 2434
957 2471
958 2416
959 2452
960 2390
961 2393
962 2480
963 2435
964 2377
965 2454
966 2294
967 2462
968 2414
969 2328
970 2459
971 2345
972 2400
973 2427
974 2509
975 2388
976 2376
977 2363
978 2311
979 2303
980 2354
981 2309
982 2300
983 2320
984 2278
985 2320
986 2315
987 2260
988 2337
989 2261
990 2347
991 2312
992 2288
993 2249
994 2164
995 2261
996 2188
997 2269
998 2290
999 2314
1000 2222
1001 2279
1002 2317
1003 2185
1004 2193
1005 2172
1006 2216
1007 2158
1008 2104
1009 2287
1010 2165
1011 2144
1012 2175
1013 2217
1014 2175
1015 2135
1016 2241
1017 2146
1018 2254
1019 2191
1020 2149
1021 2153
1022 2199
1023 2121
1024 2116
1025 2202
1026 2139
1027 2246
1028 2125
1029 2081
1030 2191
1031 2030
1032 2150
1033 2238
1034 2036
1035 2090
1036 2018
1037 1980
1038 2090
1039 2105
1040 2057
1041 2026
1042 2031
1043 1990
1044 1996
1045 2115
1046 2134
1047 2056
1048 2035
1049 2092
1050 2002
1051 2032
1052 1970
1053 1977
1054 1947
1055 2118
1056 1960
1057 2046
1058 1879
1059 1971
1060 1946
1061 1952
1062 2023
1063 2001
1064 1978
1065 1962
1066 2045
1067 1924
1068 1958
1069 1890
1070 1906
1071 1914
1072 1973
1073 1938
1074 1937
1075 1969
1076 1884
1077 1833
1078 1830
1079 1887
1080 1866
1081 1912
1082 1817
1083 1913
1084 1839
1085 1888
1086 1882
1087 1934
1088 1779
1089 1826
1090 1943
1091 1817
1092 1896
1093 1851
1094 1880
1095 1847
1096 1856
1097 1813
1098 1858
1099 1852
1100 1989
1101 1781
1102 1806
1103 1823
1104 1824
1105 1859
1106 1859
1107 1796
1108 1851
1109 1840
1110 1784
1111 1754
1112 1747
1113 1858
1114 1828
1115 1812
1116 1780
1117 1791
1118 1785
1119 1842
1120 1738
1121 1761
1122 1678
1123 1768
1124 1769
1125 1779
1126 1711
1127 1717
1128 1795
1129 1739
1130 1771
1131 1746
1132 1723
1133 1749
1134 1673
1135 1717
1136 1634
1137 1665
1138 1684
1139 1702
1140 1749
1141 1647
1142 1704
1143 1726
1144 1689
1145 1684
1146 1748
1147 1750
1148 1763
1149 1664
1150 1684
1151 1677
1152 1733
1153 1651
1154 1635
1155 1638
1156 1663
1157 1694
1158 1706
1159 1664
1160 1610
1161 1648
1162 1632
1163 1650
1164 1672
1165 1617
1166 1655
1167 1646
1168 1631
1169 1554
1170 1668
1171 1664
1172 1695
1173 1580
1174 1645
1175 1563
1176 1615
1177 1635
1178 1700
1179 1669
1180 1599
1181 1641
1182 1657
1183 1597
1184 1663
1185 1595
1186 1555
1187 1633
1188 1628
1189 1579
1190 1545
1191 1559
1192 1675
1193 1601
1194 1584
1195 1559
1196 1561
1197 1554
1198 1627
1199 1651
1200 1618
1201 1643
1202 1544
1203 1641
1204 1539
1205 1607
1206 1666
1207 1580
1208 1591
1209 1557
1210 1575
1211 1580
1212 1623
1213 1586
1214 1598
1215 1600
1216 1548
1217 1578
1218 1618
1219 1640
1220 1584
1221 1687
1222 1589
1223 1604
1224 1560
1225 1592
1226 1595
1227 1662
1228 1620
1229 1664
1230 1707
1231 1515
1232 1584
1233 1619
1234 1596
1235 1619
1236 1647
1237 1648
1238 1611
1239 1601
1240 1673
1241 1649
1242 1620
1243 1633
1244 1561
1245 1652
1246 1613
1247 1605
1248 1636
1249 1615
1250 1619
1251 1624
1252 1563
1253 1666
1254 1637
1255 1664
1256 1595
1257 1578
1258 1610
1259 1614
1260 1626
1261 1653
1262 1592
1263 1708
1264 1727
1265 1663
1266 1747
1267 1636
1268 1688
1269 1657
1270 1629
1271 1599
1272 1632
1273 1693
1274 1685
1275 1622
1276 1627
1277 1674
1278 1685
1279 1714
1280 1760
1281 1819
1282 1704
1283 1721
1284 1693
1285 1734
1286 1723
1287 1724
1288 1775
1289 1701
1290 1670
1291 1753
1292 1716
1293 1702
1294 1778
1295 1589
1296 1695
1297 1685
1298 1726
1299 1790
1300 1652
1301 1680
1302 1763
1303 1743
1304 1683
1305 1689
1306 1742
1307 1692
1308 1756
1309 1775
1310 1736
1311 1795
1312 1778
1313 1792
1314 1828
1315 1781
1316 1821
1317 1833
1318 1896
1319 1784
1320 1880
1321 1865
1322 1881
1323 1851
1324 1965
1325 1900
1326 1943
1327 1808
1328 1841
1329 1846
1330 1906
1331 1895
1332 1919
1333 1946
1334 1916
1335 1900
1336 1958
1337 1940
1338 1927
1339 1916
1340 1967
1341 1958
1342 1926
1343 1989
1344 1975
1345 2075
1346 1960
1347 1928
1348 2018
1349 1975
1350 1914
1351 1992
1352 2048
1353 2068
1354 1963
1355 2126
1356 2082
1357 2015
1358 2049
1359 2066
1360 2105
1361 2027
1362 2015
1363 2093
1364 2072
1365 2108
1366 2197
1367 2083
1368 2146
1369 2161
1370 2117
1371 2158
1372 2152
1373 2155
1374 2193
1375 2219
1376 2271
1377 2197
1378 2278
1379 2243
1380 2154
1381 2280
1382 2208
1383 2238
1384 2264
1385 2262
1386 2240
1387 2268
1388 2237
1389 2211
1390 2322
1391 2260
1392 2233
1393 2288
1394 2307
1395 2325
1396 2195
1397 2279
1398 2261
1399 2316
1400 2295
1401 2251
1402 2239
1403 2301
1404 2295
1405 2301
1406 2313
1407 2247
1408 2265
1409 2411
1410 2373
1411 2331
1412 2333
1413 2361
1414 2325
1415 2321
1416 2240
1417 2324
1418 2336
1419 2333
1420 2268
1421 2353
1422 2341
1423 2346
1424 2344
1425 2372
1426 2375
1427 2358
1428 2361
1429 2253
1430 2354
1431 2364
1432 2383
1433 2393
1434 2360
1435 2330
1436 2332
1437 2367
1438 2350
1439 2341
1440 2349
1441 2356
1442 2406
1443 2277
1444 2353
1445 2274
1446 2314
1447 2299
1448 2251
1449 2311
1450 2271
1451 2322
1452 2291
1453 2272
1454 2271
1455 2250
1456 2212
1457 2263
1458 2216
1459 2234
1460 2213
1461 2251
1462 2226
1463 2224
1464 2264
1465 2176
1466 2180
1467 2234
1468 2196
1469 2176
1470 2194
1471 2211
1472 2081
1473 2166
1474 2182
1475 2182
1476 2160
1477 2209
1478 2188
1479 2115
1480 2184
1481 2192
1482 2149
1483 2185
1484 2036
1485 2110
1486 2194
1487 2144
1488 2142
1489 2157
1490 2164
1491 2181
1492 2099
1493 2106
1494 2095
1495 2048
1496 2200
1497 2129
1498 2046
1499 2140
1500 2117
1501 2088
1502 2029
1503 2141
1504 2071
1505 2043
1506 2053
1507 2155
1508 1999
1509 2059
1510 1997
1511 2063
1512 2097
1513 2027
1514 2074
1515 2039
1516 2112
1517 2051
1518 1948
1519 2002
1520 2042
1521 2006
1522 2042
1523 1985
1524 2041
1525 2011
1526 2014
1527 2032
1528 1961
1529 1972
1530 2051
1531 2017
1532 1995
1533 2046
1534 1962
1535 1979
1536 1908
1537 1968
1538 1895
1539 1922
1540 1955
1541 2010
1542 1887
1543 1898
1544 1968
1545 1893
1546 1852
1547 1872
1548 1889
1549 1859
1550 1944
1551 1914
1552 1861
1553 1808
1554 1768
1555 1881
1556 1733
1557 1767
1558 1755
1559 1857
1560 1752
1561 1810
1562 1798
1563 1755
1564 1793
1565 1816
1566 1782
1567 1710
1568 1694
1569 1739
1570 1764
1571 1735
1572 1697
1573 1681
1574 1755
1575 1728
1576 1654
1577 1731
1578 1643
1579 1736
1580 1647
1581 1622
1582 1763
1583 1648
1584 1681
1585 1744
1586 1661
1587 1693
1588 1610
1589 1636
1590 1654
1591 1652
1592 1577
1593 1579
1594 1647
1595 1537
1596 1670
1597 1532
1598 1525
1599 1590
1600 1607
1601 1631
1602 1630
1603 1570
1604 1585
1605 1562
1606 1627
1607 1610
1608 1542
1609 1557
1610 1527
1611 1538
1612 1587
1613 1517
1614 1522
1615 1563
1616 1540
1617 1488
1618 1494
1619 1452
1620 1521
1621 1530
1622 1514
1623 1488
1624 1486
1625 1454
1626 1425
1627 1468
1628 1416
1629 1480
1630 1444
1631 1376
1632 1398
1633 1363
1634 1445
1635 1438
1636 1472
1637 1427
1638 1411
1639 1391
1640 1385
1641 1401
1642 1371
1643 1446
1644 1394
1645 1341
1646 1366
1647 1380
1648 1391
1649 1332
1650 1280
1651 1332
1652 1388
1653 1308
1654 1319
1655 1236
1656 1326
1657 1296
1658 1406
1659 1295
1660 1287
1661 1315
1662 1292
1663 1245
1664 1290
1665 1215
1666 1338
1667 1194
1668 1259
1669 1263
1670 1212
1671 1206
1672 1260
1673 1245
1674 1217
1675 1157
1676 1239
1677 1211
1678 1189
1679 1187
1680 1192
1681 1202
1682 1239
1683 1197
1684 1203
1685 1179
1686 1166
1687 1169
1688 1215
1689 1222
1690 1158
1691 1131
1692 1095
1693 1180
1694 1113
1695 1190
1696 1148
1697 1154
1698 1150
1699 1110
1700 1110
1701 1131
1702 1100
1703 1095
1704 1070
1705 1114
1706 1026
1707 1041
1708 1071
1709 1110
1710 1038
1711 1054
1712 1085
1713 1066
1714 1019
1715 1013
1716 1006
1717 1056
1718 1035
1719 1004
1720 1022
1721 981
1722 970
1723 1038
1724 1016
1725 1051
1726 1075
1727 1014
1728 981
1729 952
1730 1023
1731 965
1732 1009
1733 993
1734 974
1735 1026
1736 932
1737 1021
1738 989
1739 977
1740 974
1741 921
1742 936
1743 932
1744 960
1745 970
1746 938
1747 992
1748 930
1749 919
1750 907
1751 908
1752 911
1753 928
1754 904
1755 873
1756 964
1757 916
1758 898
1759 921
1760 894
1761 849
1762 867
1763 933
1764 892
1765 889
1766 865
1767 837
1768 857
1769 861
1770 862
1771 849
1772 836
1773 831
1774 871
1775 861
1776 821
1777 837
1778 848
1779 857
1780 881
1781 853
1782 804
1783 862
1784 781
1785 803
1786 808
1787 790
1788 823
1789 834
1790 808
1791 816
1792 802
1793 818
1794 818
1795 810
1796 851
1797 826
1798 824
1799 828
1800 759
1801 759
1802 788
1803 807
1804 764
1805 773
1806 790
1807 800
1808 784
1809 834
1810 774
1811 780
1812 760
1813 832
1814 773
1815 810
1816 766
1817 793
1818 749
1819 790
1820 756
1821 768
1822 767
1823 731
1824 796
1825 760
1826 767
1827 785
1828 787
1829 791
1830 744
1831 771
1832 748
1833 703
1834 785
1835 753
1836 722
1837 726
1838 719
1839 765
1840 756
1841 716
1842 724
1843 741
1844 768
1845 738
1846 701
1847 773
1848 729
1849 698
1850 799
1851 717
1852 728
1853 718
1854 736
1855 702
1856 708
1857 730
1858 693
1859 736
1860 738
1861 727
1862 717
1863 703
1864 750
1865 698
1866 718
1867 631
1868 699
1869 653
1870 692
1871 667
1872 722
1873 693
1874 679
1875 683
1876 761
1877 669
1878 685
1879 697
1880 658
1881 667
1882 687
1883 692
1884 685
1885 678
1886 632
1887 685
1888 652
1889 720
1890 709
1891 698
1892 662
1893 660
1894 679
1895 652
1896 696
1897 693
1898 688
1899 629
1900 691
1901 639
1902 694
1903 645
1904 648
1905 642
1906 676
1907 649
1908 638
1909 663
1910 649
1911 643
1912 614
1913 685
1914 658
1915 656
1916 671
1917 618
1918 646
1919 616
1920 661
1921 638
1922 669
1923 617
1924 628
1925 621
1926 561
1927 599
1928 657
1929 601
1930 652
1931 656
1932 645
1933 676
1934 606
1935 619
1936 594
1937 653
1938 604
1939 656
1940 646
1941 614
1942 594
1943 574
1944 593
1945 620
1946 605
1947 595
1948 662
1949 635
1950 621
1951 610
1952 620
1953 580
1954 554
1955 626
1956 596
1957 594
1958 607
1959 584
1960 633
1961 654
1962 578
1963 570
1964 603
1965 583
1966 610
1967 587
1968 639
1969 593
1970 588
1971 616
1972 582
1973 624
1974 611
1975 607
1976 571
1977 596
1978 624
1979 634
1980 600
1981 571
1982 525
1983 605
1984 580
1985 568
1986 602
1987 534
1988 544
1989 595
1990 618
1991 540
1992 569
1993 610
1994 586
1995 579
1996 588
1997 587
1998 609
1999 614
2000 595
2001 593
2002 579
2003 598
2004 606
2005 579
2006 563
2007 599
2008 631
2009 617
2010 579
2011 580
2012 556
2013 546
2014 587
2015 573
2016 594
2017 542
2018 578
2019 629
2020 555
2021 569
2022 568
2023 599
2024 590
2025 568
2026 592
2027 614
2028 575
2029 560
2030 564
2031 554
2032 589
2033 571
2034 557
2035 582
2036 528
2037 531
2038 551
2039 567
2040 556
2041 521
2042 568
2043 538
2044 551
2045 549
2046 570
2047 535
2048 553
2049 566
2050 540
2051 544
2052 570
2053 579
2054 557
2055 535
2056 541
2057 594
2058 599
2059 578
2060 573
2061 507
2062 604
2063 578
2064 568
2065 547
2066 576
2067 507
2068 504
2069 551
2070 535
2071 559
2072 553
2073 528
2074 534
2075 521
2076 504
2077 565
2078 522
2079 588
2080 564
2081 544
2082 544
2083 538
2084 511
2085 568
2086 526
2087 526
2088 556
2089 506
2090 556
2091 535
2092 508
2093 480
2094 528
2095 522
2096 555
2097 528
2098 494
2099 533
2100 537
2101 534
2102 502
2103 574
2104 520
2105 519
2106 494
2107 506
2108 547
2109 461
2110 513
2111 493
2112 515
2113 498
2114 547
2115 520
2116 500
2117 491
2118 547
2119 539
2120 529
2121 539
2122 511
2123 544
2124 538
2125 496
2126 555
2127 536
2128 529
2129 529
2130 469
2131 509
2132 487
2133 520
2134 479
2135 549
2136 529
2137 477
2138 493
2139 552
2140 508
2141 508
2142 518
2143 465
2144 521
2145 521
2146 512
2147 529
2148 515
2149 510
2150 519
2151 481
2152 495
2153 513
2154 496
2155 535
2156 541
2157 478
2158 530
2159 489
2160 481
2161 463
2162 522
2163 473
2164 515
2165 501
2166 513
2167 497
2168 499
2169 514
2170 497
2171 486
2172 480
2173 461
2174 542
2175 500
2176 488
2177 471
2178 498
2179 495
2180 519
2181 479
2182 493
2183 476
2184 489
2185 499
2186 473
2187 479
2188 504
2189 446
2190 461
2191 467
2192 514
2193 482
2194 464
2195 517
2196 477
2197 490
2198 445
2199 465
2200 462
2201 501
2202 509
2203 499
2204 482
2205 437
2206 447
2207 500
2208 432
2209 466
2210 477
2211 492
2212 503
2213 488
2214 531
2215 449
2216 444
2217 455
2218 463
2219 464
2220 480
2221 486
2222 481
2223 512
2224 452
2225 461
2226 466
2227 478
2228 507
2229 473
2230 493
2231 431
2232 467
2233 469
2234 448
2235 459
2236 435
2237 451
2238 444
2239 445
2240 473
2241 459
2242 473
2243 476
2244 479
2245 466
2246 443
2247 455
2248 459
2249 460
2250 464
2251 443
2252 435
2253 487
2254 417
2255 436
2256 469
2257 473
2258 456
2259 481
2260 476
2261 455
2262 423
2263 452
2264 436
2265 499
2266 466
2267 465
2268 453
2269 439
2270 445
2271 449
2272 483
2273 431
2274 408
2275 410
2276 444
2277 444
2278 473
2279 472
2280 416
2281 451
2282 413
2283 441
2284 418
2285 432
2286 483
2287 449
2288 434
2289 460
2290 407
2291 474
2292 434
2293 452
2294 387
2295 440
2296 470
2297 429
2298 469
2299 438
2300 455
2301 418
2302 431
2303 454
2304 420
2305 456
2306 403
2307 446
2308 430
2309 411
2310 442
2311 420
2312 434
2313 434
2314 424
2315 437
2316 453
2317 446
2318 434
2319 422
2320 454
2321 443
2322 446
2323 452
2324 471
2325 417
2326 396
2327 448
2328 430
2329 452
2330 453
2331 446
2332 426
2333 440
2334 405
2335 438
2336 462
2337 435
2338 465
2339 421
2340 413
2341 439
2342 442
2343 438
2344 426
2345 436
2346 424
2347 449
2348 440
2349 456
2350 418
2351 410
2352 448
2353 425
2354 408
2355 396
2356 384
2357 418
2358 435
2359 436
2360 402
2361 413
2362 437
2363 450
2364 402
2365 446
2366 455
2367 412
2368 416
2369 414
2370 427
2371 418
2372 377
2373 423
2374 431
2375 407
2376 387
2377 424
2378 418
2379 400
2380 434
2381 416
2382 422
2383 386
2384 403
2385 427
2386 386
2387 403
2388 441
2389 395
2390 385
2391 405
2392 409
2393 418
2394 395
2395 421
2396 350
2397 383
2398 398
2399 435
2400 389
2401 406
2402 412
2403 383
2404 375
2405 444
2406 390
2407 374
2408 398
2409 373
2410 417
2411 391
2412 412
2413 397
2414 378
2415 396
2416 419
2417 416
2418 430
2419 417
2420 404
2421 414
2422 365
2423 414
2424 384
2425 391
2426 402
2427 393
2428 438
2429 407
2430 365
2431 386
2432 411
2433 417
2434 422
2435 398
2436 389
2437 431
2438 408
2439 402
2440 404
2441 423
2442 389
2443 402
2444 440
2445 409
2446 395
2447 405
2448 416
2449 385
2450 425
2451 427
2452 405
2453 380
2454 398
2455 401
2456 406
2457 400
2458 381
2459 386
2460 395
2461 389
2462 388
2463 388
2464 343
2465 386
2466 423
2467 369
2468 346
2469 377
2470 400
2471 365
2472 402
2473 388
2474 356
2475 402
2476 378
2477 382
2478 385
2479 386
2480 345
2481 374
2482 407
2483 392
2484 376
2485 398
2486 356
2487 402
2488 372
2489 377
2490 362
2491 386
2492 382
2493 417
2494 368
2495 385
2496 380
2497 390
2498 380
2499 394
2500 382
2501 393
2502 364
2503 390
2504 373
2505 368
2506 380
2507 400
2508 396
2509 381
2510 411
2511 356
2512 377
2513 359
2514 388
2515 364
2516 360
2517 370
2518 392
2519 392
2520 376
2521 368
2522 374
2523 396
2524 368
2525 358
2526 386
2527 370
2528 357
2529 339
2530 374
2531 374
2532 376
2533 406
2534 376
2535 371
2536 337
2537 362
2538 379
2539 386
2540 370
2541 373
2542 379
2543 388
2544 367
2545 353
2546 340
2547 351
2548 360
2549 360
2550 396
2551 365
2552 378
2553 333
2554 388
2555 386
2556 372
2557 366
2558 371
2559 349
2560 343
2561 370
2562 363
2563 374
2564 371
2565 330
2566 349
2567 389
2568 362
2569 386
2570 388
2571 380
2572 361
2573 394
2574 364
2575 388
2576 395
2577 383
2578 358
2579 355
2580 368
2581 375
2582 372
2583 403
2584 381
2585 388
2586 350
2587 349
2588 345
2589 383
2590 364
2591 326
2592 360
2593 396
2594 328
2595 371
2596 341
2597 352
2598 358
2599 347
2600 370
2601 317
2602 347
2603 371
2604 340
2605 366
2606 318
2607 379
2608 369
2609 352
2610 356
2611 364
2612 349
2613 345
2614 364
2615 370
2616 371
2617 328
2618 322
2619 323
2620 360
2621 339
2622 339
2623 368
2624 341
2625 370
2626 345
2627 342
2628 354
2629 336
2630 354
2631 341
2632 381
2633 333
2634 346
2635 350
2636 369
2637 341
2638 342
2639 366
2640 369
2641 335
2642 349
2643 364
2644 365
2645 333
2646 330
2647 342
2648 361
2649 370
2650 345
2651 341
2652 395
2653 332
2654 346
2655 348
2656 358
2657 356
2658 355
2659 333
2660 374
2661 326
2662 367
2663 367
2664 393
2665 319
2666 346
2667 338
2668 332
2669 377
2670 347
2671 377
2672 344
2673 341
2674 339
2675 349
2676 351
2677 342
2678 381
2679 342
2680 338
2681 374
2682 390
2683 346
2684 378
2685 338
2686 355
2687 361
2688 318
2689 339
2690 345
2691 392
2692 372
2693 391
2694 355
2695 364
2696 353
2697 334
2698 371
2699 381
2700 372
2701 333
2702 358
2703 394
2704 349
2705 348
2706 348
2707 346
2708 359
2709 355
2710 390
2711 345
2712 342
2713 365
2714 342
2715 336
2716 340
2717 356
2718 359
2719 342
2720 354
2721 340
2722 352
2723 341
2724 334
2725 338
2726 346
2727 346
2728 347
2729 349
2730 364
2731 341
2732 305
2733 355
2734 312
2735 363
2736 320
2737 353
2738 323
2739 340
2740 338
2741 372
2742 358
2743 366
2744 359
2745 310
2746 346
2747 362
2748 326
2749 322
2750 323
2751 309
2752 340
2753 337
2754 340
2755 332
2756 362
2757 380
2758 338
2759 334
2760 330
2761 336
2762 310
2763 366
2764 332
2765 331
2766 303
2767 335
2768 348
2769 327
2770 294
2771 300
2772 330
2773 295
2774 332
2775 349
2776 296
2777 345
2778 365
2779 351
2780 310
2781 319
2782 304
2783 337
2784 346
2785 332
2786 325
2787 307
2788 330
2789 313
2790 341
2791 300
2792 305
2793 349
2794 305
2795 306
2796 328
2797 290
2798 299
2799 261
2800 320
2801 332
2802 300
2803 296
2804 286
2805 311
2806 352
2807 324
2808 311
2809 306
2810 284
2811 296
2812 314
2813 286
2814 306
2815 299
2816 317
2817 332
2818 304
2819 313
2820 304
2821 303
2822 291
2823 293
2824 312
2825 289
2826 302
2827 313
2828 280
2829 303
2830 299
2831 323
2832 316
2833 299
2834 299
2835 332
2836 283
2837 334
2838 329
2839 314
2840 309
2841 310
2842 296
2843 313
2844 284
2845 310
2846 257
2847 305
2848 299
2849 298
2850 299
2851 303
2852 317
2853 306
2854 295
2855 309
2856 332
2857 306
2858 313
2859 305
2860 296
2861 295
2862 342
2863 300
2864 290
2865 326
2866 293
2867 297
2868 308
2869 274
2870 297
2871 293
2872 306
2873 269
2874 314
2875 313
2876 305
2877 277
2878 271
2879 292
2880 334
2881 300
2882 303
2883 312
2884 284
2885 293
2886 299
2887 283
2888 322
2889 289
2890 240
2891 276
2892 289
2893 308
2894 327
2895 310
2896 315
2897 291
2898 290
2899 258
2900 307
2901 281
2902 283
2903 280
2904 278
2905 285
2906 300
2907 285
2908 289
2909 294
2910 290
2911 297
2912 301
2913 314
2914 292
2915 266
2916 266
2917 287
2918 267
2919 306
2920 271
2921 305
2922 318
2923 273
2924 261
2925 270
2926 267
2927 284
2928 261
2929 287
2930 257
2931 314
2932 292
2933 288
2934 289
2935 265
2936 315
2937 293
2938 279
2939 244
2940 263
2941 239
2942 290
2943 317
2944 292
2945 291
2946 290
2947 282
2948 244
2949 280
2950 269
2951 281
2952 288
2953 282
2954 274
2955 277
2956 276
2957 265
2958 251
2959 290
2960 278
2961 297
2962 301
2963 310
2964 275
2965 272
2966 262
2967 249
2968 273
2969 266
2970 249
2971 312
2972 301
2973 293
2974 271
2975 267
2976 295
2977 269
2978 274
2979 298
2980 258
2981 256
2982 287
2983 262
2984 280
2985 272
2986 290
2987 268
2988 286
2989 279
2990 270
2991 236
2992 300
2993 275
2994 226
2995 253
2996 302
2997 260
2998 254
2999 237
3000 256
3001 296
3002 250
3003 230
3004 241
3005 241
3006 261
3007 229
3008 256
3009 266
3010 295
3011 248
3012 246
3013 293
3014 251
3015 259
3016 245
3017 257
3018 276
3019 271
3020 244
3021 272
3022 213
3023 258
3024 279
3025 273
3026 263
3027 255
3028 248
3029 272
3030 240
3031 289
3032 262
3033 247
3034 262
3035 266
3036 273
3037 270
3038 264
3039 259
3040 286
3041 271
3042 241
3043 284
3044 268
3045 252
3046 250
3047 258
3048 269
3049 270
3050 257
3051 250
3052 269
3053 239
3054 247
3055 265
3056 268
3057 266
3058 227
3059 259
3060 236
3061 264
3062 249
3063 246
3064 253
3065 279
3066 266
3067 267
3068 250
3069 260
3070 267
3071 266
3072 255
3073 261
3074 264
3075 239
3076 236
3077 242
3078 263
3079 237
3080 254
3081 254
3082 239
3083 259
3084 263
3085 226
3086 277
3087 256
3088 221
3089 261
3090 279
3091 275
3092 268
3093 263
3094 254
3095 236
3096 274
3097 244
3098 257
3099 279
3100 245
3101 232
3102 270
3103 236
3104 247
3105 273
3106 294
3107 232
3108 262
3109 254
3110 273
3111 277
3112 259
3113 260
3114 260
3115 252
3116 268
3117 265
3118 233
3119 260
3120 248
3121 270
3122 279
3123 227
3124 278
3125 276
3126 268
3127 276
3128 243
3129 260
3130 240
3131 244
3132 227
3133 300
3134 253
3135 246
3136 256
3137 236
3138 254
3139 267
3140 253
3141 227
3142 245
3143 261
3144 251
3145 253
3146 251
3147 250
3148 288
3149 281
3150 247
3151 243
3152 221
3153 239
3154 257
3155 257
3156 209
3157 252
3158 276
3159 279
3160 252
3161 245
3162 249
3163 277
3164 260
3165 234
3166 265
3167 260
3168 228
3169 259
3170 231
3171 253
3172 228
3173 252
3174 246
3175 226
3176 234
3177 236
3178 280
3179 230
3180 263
3181 243
3182 237
3183 264
3184 229
3185 227
3186 243
3187 241
3188 258
3189 263
3190 261
3191 237
3192 250
3193 248
3194 242
3195 249
3196 229
3197 255
3198 223
3199 263
3200 228
3201 216
3202 247
3203 259
3204 255
3205 248
3206 238
3207 250
3208 284
3209 236
3210 226
3211 252
3212 267
3213 295
3214 254
3215 251
3216 231
3217 263
3218 259
3219 224
3220 226
3221 221
3222 257
3223 279
3224 231
3225 217
3226 228
3227 232
3228 257
3229 219
3230 229
3231 237
3232 235
3233 239
3234 261
3235 234
3236 234
3237 204
3238 250
3239 223
3240 224
3241 245
3242 227
3243 228
3244 211
3245 227
3246 222
3247 209
3248 243
3249 245
3250 232
3251 270
3252 237
3253 231
3254 268
3255 231
3256 211
3257 231
3258 235
3259 223
3260 218
3261 230
3262 226
3263 219
3264 236
3265 249
3266 205
3267 230
3268 214
3269 222
3270 229
3271 220
3272 213
3273 246
3274 223
3275 226
3276 214
3277 242
3278 196
3279 232
3280 250
3281 209
3282 232
3283 248
3284 234
3285 228
3286 225
3287 215
3288 196
3289 237
3290 207
3291 213
3292 206
3293 222
3294 223
3295 221
3296 239
3297 189
3298 231
3299 272
3300 210
3301 234
3302 234
3303 228
3304 203
3305 242
3306 221
3307 220
3308 229
3309 245
3310 227
3311 221
3312 215
3313 246
3314 246
3315 214
3316 218
3317 224
3318 254
3319 194
3320 197
3321 215
3322 217
3323 249
3324 204
3325 214
3326 239
3327 215
3328 215
3329 222
3330 235
3331 211
3332 243
3333 242
3334 209
3335 205
3336 215
3337 224
3338 236
3339 189
3340 202
3341 201
3342 220
3343 206
3344 189
3345 214
3346 222
3347 224
3348 227
3349 202
3350 204
3351 209
3352 210
3353 227
3354 226
3355 197
3356 194
3357 219
3358 199
3359 216
3360 220
3361 214
3362 227
3363 192
3364 236
3365 232
3366 213
3367 217
3368 195
3369 207
3370 214
3371 175
3372 223
3373 237
3374 204
3375 195
3376 221
3377 217
3378 214
3379 211
3380 177
3381 181
3382 210
3383 227
3384 208
3385 221
3386 198
3387 227
3388 225
3389 192
3390 197
3391 236
3392 221
3393 207
3394 210
3395 194
3396 192
3397 206
3398 200
3399 210
3400 197
3401 212
3402 180
3403 216
3404 186
3405 186
3406 223
3407 169
3408 195
3409 189
3410 194
3411 224
3412 224
3413 197
3414 223
3415 217
3416 214
3417 196
3418 219
3419 215
3420 199
3421 199
3422 207
3423 228
3424 192
3425 211
3426 215
3427 204
3428 207
3429 183
3430 186
3431 239
3432 213
3433 216
3434 199
3435 214
3436 197
3437 196
3438 222
3439 192
3440 224
3441 172
3442 199
3443 217
3444 210
3445 191
3446 207
3447 218
3448 183
3449 181
3450 220
3451 202
3452 179
3453 217
3454 212
3455 193
3456 185
3457 239
3458 188
3459 194
3460 170
3461 197
3462 200
3463 220
3464 200
3465 186
3466 194
3467 181
3468 176
3469 221
3470 187
3471 202
3472 195
3473 202
3474 190
3475 221
3476 198
3477 177
3478 207
3479 172
3480 192
3481 175
3482 196
3483 195
3484 203
3485 197
3486 189
3487 204
3488 218
3489 162
3490 216
3491 200
3492 212
3493 209
3494 187
3495 202
3496 192
3497 173
3498 191
3499 168
3500 184
3501 203
3502 189
3503 223
3504 178
3505 189
3506 191
3507 213
3508 215
3509 198
3510 201
3511 207
3512 200
3513 216
3514 197
3515 184
3516 212
3517 190
3518 183
3519 209
3520 184
3521 226
3522 241
3523 180
3524 202
3525 211
3526 182
3527 212
3528 204
3529 196
3530 205
3531 215
3532 180
3533 199
3534 177
3535 179
3536 191
3537 203
3538 188
3539 187
3540 194
3541 205
3542 197
3543 225
3544 195
3545 178
3546 203
3547 210
3548 192
3549 180
3550 198
3551 157
3552 187
3553 211
3554 198
3555 188
3556 179
3557 194
3558 168
3559 198
3560 185
3561 185
3562 215
3563 204
3564 181
3565 189
3566 179
3567 180
3568 195
3569 188
3570 191
3571 182
3572 216
3573 191
3574 215
3575 207
3576 175
3577 230
3578 175
3579 186
3580 199
3581 197
3582 183
3583 183
3584 179
3585 192
3586 167
3587 188
3588 204
3589 203
3590 208
3591 197
3592 179
3593 225
3594 173
3595 195
3596 174
3597 215
3598 190
3599 176
3600 185
3601 197
3602 202
3603 178
3604 192
3605 186
3606 173
3607 189
3608 178
3609 195
3610 180
3611 164
3612 169
3613 186
3614 227
3615 208
3616 201
3617 178
3618 186
3619 197
3620 173
3621 178
3622 187
3623 159
3624 201
3625 203
3626 178
3627 220
3628 201
3629 190
3630 177
3631 186
3632 163
3633 168
3634 182
3635 195
3636 204
3637 177
3638 161
3639 208
3640 189
3641 172
3642 196
3643 170
3644 192
3645 186
3646 180
3647 191
3648 186
3649 155
3650 188
3651 193
3652 190
3653 182
3654 212
3655 191
3656 182
3657 167
3658 191
3659 175
3660 196
3661 178
3662 190
3663 196
3664 156
3665 180
3666 178
3667 190
3668 164
3669 156
3670 177
3671 176
3672 202
3673 182
3674 175
3675 193
3676 180
3677 202
3678 185
3679 183
3680 163
3681 176
3682 154
3683 170
3684 173
3685 171
3686 178
3687 162
3688 173
3689 178
3690 173
3691 177
3692 202
3693 180
3694 165
3695 187
3696 164
3697 190
3698 168
3699 162
3700 183
3701 160
3702 189
3703 171
3704 160
3705 160
3706 175
3707 190
3708 172
3709 182
3710 189
3711 155
3712 172
3713 196
3714 180
3715 195
3716 186
3717 149
3718 183
3719 166
3720 194
3721 166
3722 183
3723 186
3724 162
3725 168
3726 151
3727 175
3728 191
3729 172
3730 187
3731 183
3732 156
3733 198
3734 148
3735 189
3736 193
3737 168
3738 146
3739 141
3740 152
3741 167
3742 190
3743 148
3744 187
3745 151
3746 184
3747 173
3748 179
3749 184
3750 191
3751 180
3752 181
3753 196
3754 172
3755 158
3756 161
3757 173
3758 185
3759 174
3760 182
3761 167
3762 155
3763 161
3764 150
3765 141
3766 190
3767 194
3768 147
3769 188
3770 195
3771 170
3772 161
3773 169
3774 185
3775 183
3776 190
3777 147
3778 158
3779 167
3780 172
3781 191
3782 181
3783 165
3784 181
3785 167
3786 148
3787 163
3788 182
3789 198
3790 184
3791 170
3792 166
3793 174
3794 160
3795 165
3796 169
3797 176
3798 158
3799 174
3800 164
3801 184
3802 181
3803 180
3804 159
3805 154
3806 158
3807 179
3808 161
3809 178
3810 184
3811 173
3812 173
3813 180
3814 188
3815 160
3816 145
3817 166
3818 170
3819 172
3820 205
3821 164
3822 162
3823 195
3824 164
3825 146
3826 173
3827 173
3828 168
3829 167
3830 164
3831 151
3832 187
3833 156
3834 157
3835 161
3836 170
3837 171
3838 166
3839 160
3840 155
3841 159
3842 156
3843 172
3844 160
3845 168
3846 179
3847 166
3848 142
3849 161
3850 160
3851 150
3852 147
3853 179
3854 170
3855 163
3856 166
3857 139
3858 175
3859 156
3860 147
3861 152
3862 162
3863 143
3864 162
3865 147
3866 173
3867 166
3868 163
3869 174
3870 165
3871 149
3872 137
3873 146
3874 175
3875 167
3876 157
3877 174
3878 149
3879 160
3880 150
3881 167
3882 134
3883 160
3884 147
3885 154
3886 143
3887 143
3888 143
3889 147
3890 169
3891 164
3892 155
3893 155
3894 154
3895 149
3896 151
3897 168
3898 155
3899 141
3900 157
3901 164
3902 145
3903 137
3904 140
3905 139
3906 160
3907 150
3908 165
3909 168
3910 150
3911 153
3912 166
3913 181
3914 140
3915 164
3916 134
3917 158
3918 151
3919 152
3920 140
3921 142
3922 144
3923 152
3924 179
3925 160
3926 154
3927 159
3928 164
3929 142
3930 142
3931 150
3932 161
3933 152
3934 130
3935 151
3936 143
3937 155
3938 171
3939 145
3940 143
3941 143
3942 128
3943 155
3944 129
3945 137
3946 125
3947 152
3948 154
3949 162
3950 153
3951 157
3952 153
3953 182
3954 145
3955 175
3956 114
3957 165
3958 148
3959 154
3960 159
3961 152
3962 139
3963 152
3964 156
3965 154
3966 141
3967 172
3968 124
3969 138
3970 159
3971 162
3972 152
3973 140
3974 127
3975 150
3976 172
3977 154
3978 142
3979 138
3980 145
3981 169
3982 156
3983 157
3984 156
3985 168
3986 147
3987 137
3988 156
3989 177
3990 148
3991 148
3992 134
3993 141
3994 155
3995 171
3996 159
3997 138
3998 138
3999 159
4000 153
4001 157
4002 138
4003 155
4004 136
4005 156
4006 155
4007 152
4008 173
4009 141
4010 155
4011 159
4012 128
4013 158
4014 170
4015 158
4016 159
4017 165
4018 147
4019 171
4020 159
4021 150
4022 141
4023 175
4024 153
4025 155
4026 160
4027 158
4028 135
4029 143
4030 151
4031 140
4032 133
4033 144
4034 137
4035 127
4036 164
4037 159
4038 145
4039 155
4040 159
4041 164
4042 146
4043 128
4044 162
4045 143
4046 128
4047 137
4048 138
4049 140
4050 142
4051 158
4052 140
4053 144
4054 175
4055 135
4056 177
4057 155
4058 140
4059 131
4060 142
4061 170
4062 143
4063 141
4064 144
4065 146
4066 142
4067 146
4068 157
4069 158
4070 137
4071 139
4072 162
4073 134
4074 150
4075 151
4076 132
4077 162
4078 148
4079 118
4080 136
4081 143
4082 141
4083 150
4084 144
4085 145
4086 150
4087 150
4088 142
4089 145
4090 152
4091 144
4092 135
4093 150
4094 136
4095 145
4096 144
4097 125
4098 133
4099 151
4100 153
4101 143
4102 141
4103 123
4104 123
4105 129
4106 128
4107 131
4108 138
4109 118
4110 166
4111 147
4112 159
4113 142
4114 127
4115 152
4116 149
4117 116
4118 140
4119 125
4120 148
4121 134
4122 134
4123 132
4124 148
4125 129
4126 137
4127 137
4128 138
4129 139
4130 134
4131 127
4132 113
4133 129
4134 133
4135 127
4136 145
4137 157
4138 104
4139 151
4140 147
4141 141
4142 125
4143 137
4144 147
4145 147
4146 143
4147 145
4148 120
4149 146
4150 140
4151 140
4152 134
4153 141
4154 140
4155 135
4156 123
4157 132
4158 131
4159 130
4160 130
4161 145
4162 152
4163 121
4164 125
4165 143
4166 124
4167 139
4168 146
4169 145
4170 120
4171 117
4172 129
4173 132
4174 154
4175 149
4176 123
4177 125
4178 143
4179 143
4180 123
4181 138
4182 136
4183 124
4184 134
4185 139
4186 119
4187 126
4188 135
4189 152
4190 152
4191 125
4192 156
4193 131
4194 133
4195 129
4196 145
4197 147
4198 138
4199 157
4200 136
4201 121
4202 119
4203 145
4204 146
4205 131
4206 141
4207 158
4208 130
4209 129
4210 137
4211 112
4212 125
4213 143
4214 140
4215 123
4216 132
4217 124
4218 129
4219 132
4220 117
4221 133
4222 131
4223 130
4224 134
4225 136
4226 116
4227 116
4228 112
4229 112
4230 119
4231 126
4232 106
4233 135
4234 143
4235 120
4236 120
4237 130
4238 119
4239 111
4240 153
4241 124
4242 124
4243 113
4244 135
4245 114
4246 116
4247 136
4248 121
4249 121
4250 126
4251 145
4252 128
4253 110
4254 108
4255 121
4256 124
4257 134
4258 136
4259 119
4260 127
4261 121
4262 131
4263 114
4264 128
4265 140
4266 130
4267 120
4268 121
4269 140
4270 131
4271 125
4272 129
4273 122
4274 135
4275 150
4276 142
4277 132
4278 142
4279 123
4280 116
4281 133
4282 114
4283 122
4284 121
4285 129
4286 111
4287 109
4288 118
4289 132
4290 129
4291 130
4292 127
4293 117
4294 138
4295 140
4296 119
4297 104
4298 121
4299 130
4300 126
4301 146
4302 122
4303 117
4304 108
4305 124
4306 100
4307 124
4308 123
4309 141
4310 126
4311 127
4312 148
4313 143
4314 125
4315 122
4316 119
4317 131
4318 125
4319 128
4320 143
4321 113
4322 124
4323 129
4324 129
4325 116
4326 122
4327 128
4328 110
4329 138
4330 115
4331 116
4332 138
4333 116
4334 115
4335 107
4336 114
4337 110
4338 112
4339 114
4340 121
4341 126
4342 115
4343 103
4344 123
4345 121
4346 136
4347 145
4348 126
4349 122
4350 106
4351 120
4352 125
4353 125
4354 115
4355 117
4356 121
4357 127
4358 108
4359 135
4360 135
4361 108
4362 133
4363 114
4364 133
4365 121
4366 127
4367 141
4368 110
4369 138
4370 117
4371 122
4372 133
4373 125
4374 128
4375 115
4376 121
4377 103
4378 112
4379 116
4380 113
4381 129
4382 127
4383 124
4384 122
4385 125
4386 122
4387 117
4388 118
4389 123
4390 121
4391 119
4392 158
4393 113
4394 134
4395 110
4396 113
4397 127
4398 133
4399 125
4400 100
4401 128
4402 113
4403 131
4404 124
4405 134
4406 124
4407 125
4408 105
4409 123
4410 120
4411 130
4412 136
4413 108
4414 134
4415 120
4416 113
4417 96
4418 107
4419 112
4420 134
4421 136
4422 121
4423 102
4424 121
4425 103
4426 105
4427 98
4428 104
4429 120
4430 114
4431 101
4432 104
4433 120
4434 115
4435 100
4436 103
4437 119
4438 99
4439 125
4440 124
4441 119
4442 140
4443 101
4444 127
4445 108
4446 140
4447 108
4448 116
4449 119
4450 116
4451 115
4452 102
4453 118
4454 99
4455 109
4456 113
4457 102
4458 113
4459 129
4460 113
4461 131
4462 110
4463 110
4464 122
4465 129
4466 102
4467 107
4468 103
4469 123
4470 126
4471 126
4472 119
4473 110
4474 114
4475 109
4476 126
4477 114
4478 117
4479 118
4480 97
4481 105
4482 103
4483 109
4484 114
4485 114
4486 119
4487 108
4488 113
4489 110
4490 107
4491 98
4492 112
4493 122
4494 99
4495 112
4496 110
4497 111
4498 122
4499 124
4500 115
4501 112
4502 106
4503 104
4504 118
4505 106
4506 109
4507 109
4508 112
4509 95
4510 103
4511 96
4512 113
4513 121
4514 106
4515 118
4516 110
4517 102
4518 101
4519 128
4520 103
4521 110
4522 99
4523 111
4524 114
4525 104
4526 118
4527 93
4528 113
4529 116
4530 102
4531 102
4532 99
4533 89
4534 122
4535 99
4536 112
4537 100
4538 119
4539 109
4540 114
4541 100
4542 119
4543 91
4544 102
4545 105
4546 108
4547 113
4548 101
4549 115
4550 104
4551 108
4552 114
4553 106
4554 117
4555 91
4556 110
4557 127
4558 109
4559 105
4560 101
4561 116
4562 114
4563 82
4564 116
4565 100
4566 116
4567 117
4568 114
4569 115
4570 132
4571 122
4572 92
4573 107
4574 122
4575 115
4576 89
4577 103
4578 86
4579 98
4580 101
4581 89
4582 104
4583 106
4584 103
4585 114
4586 106
4587 97
4588 105
4589 120
4590 98
4591 119
4592 115
4593 116
4594 120
4595 113
4596 97
4597 88
4598 113
4599 94
4600 91
4601 122
4602 97
4603 122
4604 114
4605 113
4606 87
4607 94
4608 91
4609 102
4610 86
4611 104
4612 104
4613 103
4614 108
4615 104
4616 106
4617 106
4618 107
4619 103
4620 87
4621 96
4622 106
4623 119
4624 100
4625 121
4626 107
4627 91
4628 116
4629 97
4630 106
4631 116
4632 106
4633 104
4634 101
4635 106
4636 107
4637 87
4638 111
4639 99
4640 84
4641 113
4642 79
4643 107
4644 109
4645 114
4646 95
4647 109
4648 96
4649 105
4650 91
4651 102
4652 110
4653 127
4654 89
4655 116
4656 99
4657 104
4658 112
4659 113
4660 97
4661 127
4662 114
4663 107
4664 100
4665 81
4666 108
4667 116
4668 101
4669 109
4670 91
4671 111
4672 103
4673 112
4674 93
4675 88
4676 107
4677 112
4678 119
4679 105
4680 109
4681 115
4682 106
4683 106
4684 97
4685 99
4686 113
4687 91
4688 95
4689 115
4690 95
4691 108
4692 94
4693 115
4694 83
4695 86
4696 102
4697 87
4698 107
4699 93
4700 100
4701 97
4702 98
4703 104
4704 106
4705 90
4706 119
4707 114
4708 113
4709 80
4710 93
4711 104
4712 99
4713 90
4714 105
4715 105
4716 122
4717 111
4718 99
4719 82
4720 124
4721 94
4722 95
4723 92
4724 102
4725 102
4726 110
4727 103
4728 99
4729 103
4730 104
4731 91
4732 113
4733 96
4734 97
4735 105
4736 105
4737 100
4738 90
4739 84
4740 109
4741 94
4742 95
4743 118
4744 98
4745 101
4746 101
4747 93
4748 95
4749 111
4750 103
4751 102
4752 85
4753 104
4754 93
4755 96
4756 111
4757 96
4758 103
4759 105
4760 98
4761 93
4762 88
4763 109
4764 99
4765 86
4766 97
4767 115
4768 99
4769 93
4770 82
4771 88
4772 107
4773 99
4774 88
4775 98
4776 99
4777 96
4778 121
4779 95
4780 106
4781 97
4782 83
4783 105
4784 102
4785 92
4786 121
4787 108
4788 90
4789 94
4790 99
4791 94
4792 96
4793 99
4794 92
4795 93
4796 91
4797 84
4798 93
4799 121
4800 87
4801 90
4802 88
4803 106
4804 114
4805 105
4806 100
4807 97
4808 92
4809 94
4810 91
4811 97
4812 99
4813 93
4814 102
4815 107
4816 127
4817 82
4818 106
4819 101
4820 91
4821 86
4822 109
4823 99
4824 96
4825 108
4826 100
4827 109
4828 105
4829 110
4830 96
4831 104
4832 112
4833 122
4834 96
4835 97
4836 88
4837 92
4838 101
4839 84
4840 105
4841 85
4842 102
4843 88
4844 91
4845 95
4846 94
4847 106
4848 105
4849 105
4850 97
4851 91
4852 100
4853 95
4854 105
4855 100
4856 109
4857 110
4858 109
4859 95
4860 110
4861 102
4862 95
4863 102
4864 84
4865 89
4866 119
4867 101
4868 116
4869 90
4870 104
4871 121
4872 98
4873 105
4874 110
4875 116
4876 76
4877 83
4878 106
4879 107
4880 100
4881 93
4882 106
4883 98
4884 98
4885 89
4886 110
4887 94
4888 99
4889 108
4890 100
4891 101
4892 109
4893 108
4894 94
4895 92
4896 83
4897 91
4898 96
4899 102
4900 94
4901 104
4902 109
4903 89
4904 96
4905 91
4906 92
4907 110
4908 94
4909 106
4910 126
4911 81
4912 100
4913 95
4914 106
4915 102
4916 101
4917 99
4918 92
4919 97
4920 104
4921 94
4922 90
4923 92
4924 81
4925 93
4926 107
4927 104
4928 77
4929 115
4930 90
4931 86
4932 88
4933 81
4934 95
4935 93
4936 88
4937 93
4938 88
4939 87
4940 81
4941 117
4942 88
4943 86
4944 79
4945 91
4946 99
4947 98
4948 96
4949 87
4950 87
4951 86
4952 98
4953 75
4954 81
4955 96
4956 86
4957 114
4958 89
4959 104
4960 89
4961 90
4962 79
4963 95
4964 86
4965 95
4966 67
4967 71
4968 69
4969 82
4970 83
4971 86
4972 80
4973 92
4974 93
4975 82
4976 82
4977 87
4978 74
4979 84
4980 83
4981 90
4982 88
4983 84
4984 80
4985 86
4986 70
4987 83
4988 85
4989 99
4990 79
4991 85
4992 95
4993 92
4994 91
4995 103
4996 75
4997 90
4998 86
4999 92
5000 104
5001 84
5002 102
5003 86
5004 106
5005 97
5006 86
5007 96
5008 84
5009 68
5010 89
5011 72
5012 67
5013 91
5014 100
5015 99
5016 80
5017 91
5018 79
5019 79
5020 97
5021 76
5022 71
5023 70
5024 79
5025 91
5026 70
5027 101
5028 72
5029 69
5030 70
5031 111
5032 95
5033 73
5034 80
5035 100
5036 80
5037 92
5038 75
5039 89
5040 89
5041 76
5042 82
5043 83
5044 85
5045 82
5046 75
5047 86
5048 96
5049 89
5050 93
5051 91
5052 90
5053 83
5054 91
5055 89
5056 69
5057 84
5058 67
5059 84
5060 85
5061 88
5062 87
5063 75
5064 94
5065 85
5066 83
5067 96
5068 93
5069 89
5070 72
5071 92
5072 82
5073 66
5074 93
5075 88
5076 89
5077 77
5078 84
5079 88
5080 97
5081 110
5082 85
5083 92
5084 66
5085 81
5086 67
5087 84
5088 88
5089 91
5090 91
5091 76
5092 81
5093 68
5094 90
5095 86
5096 89
5097 98
5098 86
5099 101
5100 76
5101 98
5102 83
5103 93
5104 83
5105 80
5106 100
5107 90
5108 85
5109 83
5110 82
5111 92
5112 102
5113 83
5114 97
5115 76
5116 89
5117 80
5118 66
5119 76
5120 93
5121 76
5122 76
5123 63
5124 71
5125 92
5126 81
5127 91
5128 79
5129 76
5130 96
5131 74
5132 111
5133 93
5134 77
5135 84
5136 93
5137 103
5138 104
5139 91
5140 82
5141 77
5142 87
5143 83
5144 107
5145 64
5146 70
5147 106
5148 85
5149 96
5150 80
5151 89
5152 83
5153 76
5154 69
5155 96
5156 102
5157 71
5158 70
5159 83
5160 90
5161 85
5162 98
5163 90
5164 87
5165 79
5166 98
5167 73
5168 86
5169 75
5170 84
5171 82
5172 108
5173 105
5174 97
5175 72
5176 80
5177 86
5178 92
5179 75
5180 91
5181 91
5182 92
5183 84
5184 95
5185 76
5186 105
5187 90
5188 77
5189 91
5190 72
5191 83
5192 89
5193 85
5194 89
5195 74
5196 102
5197 82
5198 92
5199 73
5200 80
5201 75
5202 77
5203 74
5204 65
5205 75
5206 96
5207 79
5208 65
5209 81
5210 84
5211 80
5212 92
5213 79
5214 81
5215 82
5216 77
5217 81
5218 77
5219 96
5220 78
5221 89
5222 89
5223 77
5224 70
5225 82
5226 86
5227 73
5228 96
5229 83
5230 87
5231 76
5232 73
5233 63
5234 88
5235 80
5236 79
5237 74
5238 84
5239 101
5240 80
5241 73
5242 81
5243 90
5244 67
5245 77
5246 84
5247 83
5248 94
5249 98
5250 91
5251 78
5252 92
5253 64
5254 80
5255 84
5256 85
5257 80
5258 64
5259 89
5260 95
5261 89
5262 81
5263 78
5264 83
5265 84
5266 83
5267 88
5268 77
5269 82
5270 72
5271 79
5272 76
5273 82
5274 82
5275 81
5276 81
5277 83
5278 81
5279 86
5280 81
5281 91
5282 77
5283 86
5284 87
5285 79
5286 69
5287 76
5288 81
5289 83
5290 85
5291 77
5292 82
5293 100
5294 82
5295 78
5296 79
5297 74
5298 82
5299 73
5300 84
5301 77
5302 81
5303 89
5304 85
5305 79
5306 84
5307 74
5308 72
5309 67
5310 83
5311 74
5312 83
5313 81
5314 85
5315 82
5316 94
5317 74
5318 80
5319 87
5320 74
5321 73
5322 71
5323 86
5324 81
5325 82
5326 81
5327 99
5328 85
5329 70
5330 77
5331 84
5332 67
5333 81
5334 82
5335 79
5336 83
5337 73
5338 88
5339 70
5340 84
5341 90
5342 77
5343 68
5344 86
5345 63
5346 96
5347 80
5348 78
5349 68
5350 66
5351 92
5352 85
5353 77
5354 78
5355 68
5356 85
5357 82
5358 77
5359 67
5360 70
5361 69
5362 71
5363 88
5364 83
5365 81
5366 76
5367 72
5368 92
5369 61
5370 72
5371 82
5372 87
5373 81
5374 82
5375 79
5376 85
5377 89
5378 61
5379 79
5380 82
5381 68
5382 61
5383 76
5384 73
5385 82
5386 77
5387 71
5388 80
5389 81
5390 85
5391 76
5392 81
5393 81
5394 76
5395 71
5396 75
5397 67
5398 79
5399 82
5400 82
5401 73
5402 76
5403 63
5404 86
5405 88
5406 91
5407 81
5408 89
5409 95
5410 85
5411 72
5412 80
5413 76
5414 84
5415 67
5416 95
5417 69
5418 83
5419 64
5420 87
5421 84
5422 84
5423 69
5424 80
5425 78
5426 89
5427 70
5428 63
5429 86
5430 67
5431 87
5432 90
5433 69
5434 77
5435 87
5436 65
5437 76
5438 92
5439 79
5440 78
5441 68
5442 75
5443 75
5444 76
5445 63
5446 72
5447 64
5448 63
5449 77
5450 69
5451 77
5452 79
5453 73
5454 59
5455 72
5456 67
5457 76
5458 72
5459 70
5460 61
5461 94
5462 78
5463 83
5464 78
5465 71
5466 72
5467 77
5468 86
5469 79
5470 73
5471 66
5472 94
5473 70
5474 72
5475 86
5476 71
5477 72
5478 80
5479 76
5480 61
5481 61
5482 68
5483 75
5484 77
5485 71
5486 75
5487 72
5488 79
5489 79
5490 88
5491 87
5492 66
5493 90
5494 74
5495 64
5496 60
5497 78
5498 67
5499 72
5500 88
5501 82
5502 77
5503 80
5504 74
5505 71
5506 67
5507 76
5508 72
5509 84
5510 72
5511 66
5512 70
5513 61
5514 81
5515 57
5516 78
5517 52
5518 79
5519 85
5520 77
5521 62
5522 59
5523 62
5524 75
5525 61
5526 71
5527 63
5528 76
5529 71
5530 72
5531 82
5532 63
5533 76
5534 62
5535 70
5536 60
5537 65
5538 67
5539 67
5540 74
5541 75
5542 80
5543 75
5544 67
5545 67
5546 72
5547 72
5548 69
5549 79
5550 74
5551 67
5552 73
5553 74
5554 59
5555 63
5556 74
5557 75
5558 89
5559 68
5560 85
5561 72
5562 75
5563 72
5564 77
5565 90
5566 70
5567 64
5568 69
5569 58
5570 73
5571 65
5572 56
5573 58
5574 68
5575 81
5576 69
5577 61
5578 74
5579 72
5580 78
5581 71
5582 65
5583 65
5584 65
5585 80
5586 90
5587 87
5588 76
5589 77
5590 60
5591 73
5592 55
5593 75
5594 74
5595 77
5596 70
5597 67
5598 81
5599 71
5600 83
5601 62
5602 57
5603 57
5604 58
5605 60
5606 71
5607 84
5608 51
5609 65
5610 69
5611 71
5612 63
5613 63
5614 66
5615 83
5616 67
5617 66
5618 75
5619 72
5620 62
5621 73
5622 89
5623 79
5624 66
5625 81
5626 70
5627 61
5628 77
5629 78
5630 76
5631 68
5632 79
5633 78
5634 65
5635 69
5636 63
5637 78
5638 79
5639 72
5640 92
5641 66
5642 80
5643 60
5644 69
5645 65
5646 65
5647 55
5648 69
5649 71
5650 70
5651 64
5652 72
5653 56
5654 89
5655 68
5656 75
5657 83
5658 67
5659 69
5660 59
5661 78
5662 62
5663 91
5664 84
5665 76
5666 76
5667 71
5668 68
5669 64
5670 79
5671 72
5672 67
5673 60
5674 70
5675 60
5676 75
5677 82
5678 67
5679 62
5680 87
5681 74
5682 65
5683 74
5684 67
5685 69
5686 62
5687 55
5688 80
5689 79
5690 58
5691 82
5692 63
5693 75
5694 53
5695 71
5696 62
5697 68
5698 70
5699 79
5700 66
5701 76
5702 63
5703 66
5704 68
5705 82
5706 59
5707 87
5708 67
5709 51
5710 75
5711 68
5712 70
5713 66
5714 74
5715 70
5716 76
5717 60
5718 73
5719 68
5720 69
5721 70
5722 72
5723 58
5724 62
5725 68
5726 72
5727 65
5728 65
5729 54
5730 73
5731 63
5732 68
5733 59
5734 75
5735 65
5736 74
5737 65
5738 71
5739 74
5740 57
5741 72
5742 61
5743 67
5744 56
5745 54
5746 61
5747 66
5748 71
5749 61
5750 61
5751 67
5752 55
5753 89
5754 67
5755 79
5756 65
5757 75
5758 77
5759 64
5760 49
5761 74
5762 56
5763 69
5764 57
5765 71
5766 64
5767 70
5768 65
5769 58
5770 65
5771 69
5772 71
5773 70
5774 90
5775 65
5776 72
5777 70
5778 72
5779 64
5780 68
5781 68
5782 60
5783 67
5784 60
5785 60
5786 66
5787 51
5788 51
5789 77
5790 69
5791 56
5792 61
5793 69
5794 72
5795 66
5796 68
5797 60
5798 65
5799 70
5800 54
5801 58
5802 67
5803 61
5804 66
5805 68
5806 48
5807 60
5808 66
5809 73
5810 62
5811 65
5812 67
5813 72
5814 64
5815 67
5816 81
5817 74
5818 64
5819 83
5820 57
5821 61
5822 73
5823 73
5824 70
5825 69
5826 67
5827 66
5828 61
5829 52
5830 60
5831 74
5832 69
5833 56
5834 60
5835 60
5836 67
5837 68
5838 61
5839 75
5840 64
5841 68
5842 63
5843 84
5844 67
5845 65
5846 51
5847 73
5848 69
5849 67
5850 51
5851 73
5852 67
5853 64
5854 60
5855 54
5856 76
5857 52
5858 58
5859 60
5860 72
5861 57
5862 64
5863 69
5864 55
5865 79
5866 61
5867 68
5868 70
5869 72
5870 44
5871 69
5872 68
5873 65
5874 57
5875 62
5876 72
5877 56
5878 53
5879 69
5880 57
5881 59
5882 64
5883 66
5884 50
5885 59
5886 64
5887 64
5888 77
5889 70
5890 56
5891 47
5892 59
5893 71
5894 53
5895 73
5896 56
5897 63
5898 67
5899 82
5900 67
5901 72
5902 69
5903 68
5904 51
5905 56
5906 71
5907 77
5908 61
5909 59
5910 71
5911 53
5912 59
5913 50
5914 70
5915 71
5916 50
5917 51
5918 60
5919 65
5920 70
5921 75
5922 62
5923 66
5924 62
5925 72
5926 74
5927 58
5928 69
5929 75
5930 61
5931 64
5932 65
5933 65
5934 69
5935 70
5936 57
5937 72
5938 65
5939 68
5940 75
5941 81
5942 65
5943 54
5944 67
5945 61
5946 74
5947 69
5948 71
5949 58
5950 62
5951 72
5952 60
5953 48
5954 64
5955 53
5956 70
5957 61
5958 59
5959 62
5960 60
5961 63
5962 69
5963 78
5964 58
5965 58
5966 55
5967 59
5968 65
5969 60
5970 65
5971 61
5972 59
5973 66
5974 57
5975 46
5976 70
5977 63
5978 68
5979 92
5980 63
5981 52
5982 56
5983 55
5984 70
5985 47
5986 52
5987 59
5988 64
5989 53
5990 54
5991 65
5992 59
5993 69
5994 65
5995 54
5996 74
5997 78
5998 62
5999 59
6000 57
6001 42
6002 55
6003 65
6004 52
6005 66
6006 63
6007 66
6008 73
6009 66
6010 53
6011 68
6012 76
6013 61
6014 69
6015 71
6016 63
6017 57
6018 51
6019 63
6020 53
6021 64
6022 63
6023 66
6024 54
6025 74
6026 51
6027 48
6028 51
6029 61
6030 59
6031 74
6032 47
6033 67
6034 77
6035 59
6036 61
6037 66
6038 63
6039 53
6040 61
6041 55
6042 66
6043 59
6044 60
6045 52
6046 65
6047 71
6048 58
6049 70
6050 70
6051 64
6052 71
6053 65
6054 64
6055 67
6056 67
6057 60
6058 59
6059 69
6060 58
6061 56
6062 64
6063 54
6064 64
6065 71
6066 60
6067 52
6068 60
6069 51
6070 57
6071 60
6072 54
6073 53
6074 64
6075 55
6076 59
6077 54
6078 66
6079 70
6080 52
6081 63
6082 68
6083 57
6084 53
6085 61
6086 52
6087 66
6088 69
6089 56
6090 70
6091 72
6092 59
6093 69
6094 63
6095 65
6096 63
6097 67
6098 62
6099 52
6100 62
6101 54
6102 56
6103 45
6104 76
6105 70
6106 61
6107 65
6108 59
6109 54
6110 57
6111 62
6112 70
6113 51
6114 55
6115 55
6116 59
6117 58
6118 70
6119 69
6120 63
6121 73
6122 52
6123 70
6124 81
6125 63
6126 61
6127 62
6128 58
6129 61
6130 73
6131 51
6132 61
6133 62
6134 68
6135 62
6136 65
6137 50
6138 63
6139 52
6140 63
6141 61
6142 77
6143 66
6144 47
6145 54
6146 62
6147 72
6148 61
6149 57
6150 74
6151 62
6152 51
6153 67
6154 68
6155 72
6156 60
6157 77
6158 65
6159 59
6160 63
6161 74
6162 63
6163 75
6164 71
6165 61
6166 63
6167 56
6168 61
6169 66
6170 58
6171 64
6172 70
6173 67
6174 58
6175 58
6176 71
6177 63
6178 63
6179 58
6180 68
6181 84
6182 62
6183 72
6184 52
6185 53
6186 67
6187 70
6188 78
6189 59
6190 62
6191 66
6192 58
6193 48
6194 61
6195 53
6196 60
6197 59
6198 65
6199 65
6200 60
6201 55
6202 72
6203 69
6204 68
6205 58
6206 62
6207 51
6208 55
6209 51
6210 69
6211 71
6212 72
6213 65
6214 51
6215 54
6216 53
6217 56
6218 66
6219 58
6220 56
6221 68
6222 50
6223 55
6224 62
6225 55
6226 65
6227 56
6228 52
6229 59
6230 57
6231 75
6232 59
6233 49
6234 47
6235 53
6236 60
6237 73
6238 48
6239 58
6240 56
6241 61
6242 50
6243 60
6244 58
6245 58
6246 54
6247 61
6248 69
6249 64
6250 45
6251 61
6252 67
6253 70
6254 73
6255 71
6256 75
6257 62
6258 55
6259 57
6260 78
6261 64
6262 63
6263 77
6264 57
6265 61
6266 62
6267 51
6268 62
6269 55
6270 50
6271 60
6272 61
6273 68
6274 54
6275 65
6276 72
6277 62
6278 67
6279 68
6280 68
6281 67
6282 54
6283 68
6284 57
6285 75
6286 72
6287 59
6288 60
6289 65
6290 83
6291 64
6292 67
6293 50
6294 60
6295 61
6296 71
6297 52
6298 58
6299 57
6300 64
6301 66
6302 67
6303 82
6304 61
6305 58
6306 67
6307 41
6308 63
6309 61
6310 58
6311 70
6312 58
6313 69
6314 64
6315 60
6316 65
6317 56
6318 63
6319 69
6320 74
6321 53
6322 65
6323 61
6324 57
6325 63
6326 59
6327 53
6328 64
6329 61
6330 56
6331 56
6332 49
6333 60
6334 58
6335 62
6336 70
6337 61
6338 76
6339 59
6340 68
6341 65
6342 61
6343 56
6344 66
6345 55
6346 65
6347 63
6348 70
6349 73
6350 58
6351 62
6352 63
6353 51
6354 59
6355 65
6356 79
6357 53
6358 47
6359 64
6360 57
6361 55
6362 71
6363 51
6364 64
6365 71
6366 47
6367 59
6368 76
6369 65
6370 64
6371 59
6372 57
6373 54
6374 55
6375 59
6376 77
6377 59
6378 66
6379 63
6380 63
6381 56
6382 56
6383 54
6384 61
6385 72
6386 52
6387 55
6388 72
6389 51
6390 64
6391 70
6392 67
6393 73
6394 63
6395 71
6396 75
6397 55
6398 59
6399 66
6400 50
6401 56
6402 58
6403 56
6404 62
6405 50
6406 61
6407 61
6408 46
6409 57
6410 53
6411 57
6412 83
6413 54
6414 48
6415 65
6416 45
6417 44
6418 45
6419 65
6420 58
6421 57
6422 53
6423 59
6424 62
6425 58
6426 63
6427 71
6428 67
6429 59
6430 61
6431 60
6432 59
6433 53
6434 60
6435 60
6436 64
6437 70
6438 60
6439 51
6440 52
6441 60
6442 53
6443 55
6444 66
6445 56
6446 58
6447 52
6448 62
6449 67
6450 72
6451 56
6452 56
6453 60
6454 61
6455 54
6456 43
6457 51
6458 52
6459 61
6460 55
6461 36
6462 60
6463 54
6464 58
6465 64
6466 49
6467 49
6468 47
6469 48
6470 44
6471 67
6472 59
6473 56
6474 50
6475 53
6476 42
6477 60
6478 55
6479 62
6480 63
6481 60
6482 69
6483 50
6484 56
6485 54
6486 61
6487 43
6488 57
6489 53
6490 58
6491 55
6492 61
6493 55
6494 63
6495 75
6496 52
6497 60
6498 56
6499 46
6500 65
6501 64
6502 69
6503 52
6504 61
6505 69
6506 66
6507 55
6508 47
6509 58
6510 64
6511 60
6512 67
6513 62
6514 46
6515 52
6516 68
6517 55
6518 62
6519 62
6520 59
6521 54
6522 70
6523 61
6524 55
6525 55
6526 59
6527 69
6528 70
6529 73
6530 57
6531 63
6532 53
6533 48
6534 54
6535 65
6536 61
6537 52
6538 55
6539 47
6540 53
6541 53
6542 61
6543 61
6544 68
6545 62
6546 53
6547 57
6548 71
6549 62
6550 54
6551 57
6552 56
6553 67
6554 56
6555 58
6556 63
6557 67
6558 53
6559 54
6560 52
6561 63
6562 45
6563 58
6564 55
6565 67
6566 63
6567 55
6568 50
6569 52
6570 67
6571 59
6572 55
6573 64
6574 52
6575 49
6576 53
6577 58
6578 62
6579 58
6580 50
6581 53
6582 63
6583 62
6584 48
6585 65
6586 59
6587 66
6588 46
6589 57
6590 65
6591 68
6592 53
6593 45
6594 50
6595 73
6596 50
6597 59
6598 53
6599 56
6600 68
6601 55
6602 65
6603 67
6604 70
6605 52
6606 55
6607 55
6608 54
6609 57
6610 51
6611 54
6612 63
6613 64
6614 61
6615 73
6616 56
6617 61
6618 60
6619 65
6620 54
6621 53
6622 66
6623 45
6624 54
6625 49
6626 52
6627 56
6628 61
6629 54
6630 60
6631 65
6632 72
6633 57
6634 58
6635 54
6636 39
6637 77
6638 49
6639 47
6640 61
6641 44
6642 62
6643 54
6644 74
6645 47
6646 52
6647 62
6648 69
6649 65
6650 59
6651 38
6652 48
6653 69
6654 60
6655 59
6656 60
6657 54
6658 58
6659 58
6660 58
6661 64
6662 58
6663 65
6664 56
6665 67
6666 59
6667 61
6668 60
6669 59
6670 58
6671 71
6672 55
6673 57
6674 57
6675 44
6676 65
6677 54
6678 62
6679 52
6680 62
6681 66
6682 58
6683 72
6684 61
6685 69
6686 53
6687 58
6688 65
6689 64
6690 70
6691 53
6692 57
6693 73
6694 63
6695 66
6696 69
6697 60
6698 55
6699 61
6700 65
6701 63
6702 59
6703 68
6704 65
6705 57
6706 57
6707 73
6708 66
6709 56
6710 71
6711 55
6712 55
6713 52
6714 72
6715 49
6716 60
6717 64
6718 63
6719 44
6720 76
6721 72
6722 58
6723 54
6724 77
6725 61
6726 56
6727 56
6728 50
6729 61
6730 51
6731 57
6732 57
6733 55
6734 68
6735 60
6736 50
6737 63
6738 55
6739 58
6740 43
6741 57
6742 51
6743 67
6744 60
6745 58
6746 57
6747 53
6748 55
6749 60
6750 44
6751 60
6752 52
6753 56
6754 54
6755 62
6756 53
6757 48
6758 74
6759 49
6760 57
6761 64
6762 43
6763 59
6764 74
6765 52
6766 57
6767 46
6768 62
6769 63
6770 63
6771 51
6772 78
6773 63
6774 44
6775 59
6776 60
6777 65
6778 72
6779 73
6780 87
6781 66
6782 57
6783 57
6784 59
6785 63
6786 58
6787 55
6788 62
6789 71
6790 64
6791 54
6792 68
6793 62
6794 72
6795 59
6796 63
6797 54
6798 65
6799 60
6800 57
6801 63
6802 60
6803 62
6804 59
6805 51
6806 54
6807 52
6808 58
6809 65
6810 63
6811 58
6812 53
6813 61
6814 63
6815 64
6816 61
6817 50
6818 56
6819 72
6820 61
6821 54
6822 60
6823 52
6824 47
6825 61
6826 56
6827 61
6828 56
6829 75
6830 63
6831 69
6832 72
6833 51
6834 64
6835 65
6836 57
6837 44
6838 57
6839 68
6840 62
6841 58
6842 58
6843 46
6844 55
6845 51
6846 56
6847 63
6848 46
6849 66
6850 59
6851 61
6852 71
6853 57
6854 73
6855 62
6856 69
6857 75
6858 65
6859 70
6860 59
6861 67
6862 60
6863 64
6864 60
6865 64
6866 62
6867 61
6868 60
6869 64
6870 67
6871 78
6872 62
6873 61
6874 70
6875 70
6876 52
6877 70
6878 64
6879 65
6880 71
6881 62
6882 82
6883 63
6884 69
6885 66
6886 65
6887 60
6888 61
6889 76
6890 60
6891 60
6892 59
6893 61
6894 74
6895 60
6896 59
6897 58
6898 53
6899 74
6900 68
6901 68
6902 75
6903 67
6904 74
6905 74
6906 68
6907 67
6908 64
6909 71
6910 76
6911 68
6912 61
6913 62
6914 75
6915 66
6916 61
6917 73
6918 60
6919 49
6920 65
6921 47
6922 62
6923 71
6924 66
6925 46
6926 64
6927 68
6928 62
6929 69
6930 76
6931 78
6932 81
6933 61
6934 76
6935 63
6936 61
6937 56
6938 68
6939 64
6940 59
6941 72
6942 62
6943 71
6944 65
6945 64
6946 85
6947 64
6948 71
6949 67
6950 83
6951 57
6952 59
6953 69
6954 45
6955 72
6956 63
6957 67
6958 55
6959 69
6960 68
6961 70
6962 62
6963 57
6964 69
6965 65
6966 67
6967 70
6968 57
6969 61
6970 52
6971 59
6972 66
6973 62
6974 53
6975 71
6976 76
6977 69
6978 68
6979 54
6980 68
6981 64
6982 66
6983 79
6984 64
6985 68
6986 59
6987 65
6988 83
6989 65
6990 69
6991 83
6992 54
6993 56
6994 75
6995 66
6996 53
6997 53
6998 71
6999 67
7000 67
7001 65
7002 55
7003 71
7004 53
7005 62
7006 62
7007 63
7008 71
7009 53
7010 68
7011 65
7012 65
7013 64
7014 78
7015 64
7016 58
7017 68
7018 82
7019 67
7020 60
7021 58
7022 62
7023 73
7024 61
7025 59
7026 56
7027 62
7028 52
7029 54
7030 58
7031 64
7032 70
7033 63
7034 61
7035 63
7036 61
7037 50
7038 53
7039 48
7040 59
7041 46
7042 51
7043 55
7044 61
7045 52
7046 69
7047 63
7048 67
7049 69
7050 68
7051 77
7052 65
7053 59
7054 56
7055 62
7056 53
7057 64
7058 56
7059 68
7060 60
7061 54
7062 55
7063 69
7064 56
7065 61
7066 65
7067 55
7068 54
7069 58
7070 69
7071 51
7072 65
7073 70
7074 65
7075 55
7076 57
7077 68
7078 61
7079 68
7080 64
7081 64
7082 70
7083 60
7084 58
7085 58
7086 69
7087 58
7088 59
7089 71
7090 58
7091 55
7092 53
7093 59
7094 58
7095 66
7096 66
7097 65
7098 62
7099 57
7100 71
7101 61
7102 71
7103 67
7104 55
7105 59
7106 66
7107 69
7108 66
7109 85
7110 64
7111 72
7112 60
7113 71
7114 52
7115 68
7116 56
7117 68
7118 70
7119 70
7120 68
7121 65
7122 69
7123 70
7124 62
7125 60
7126 68
7127 51
7128 60
7129 59
7130 66
7131 73
7132 78
7133 65
7134 74
7135 71
7136 54
7137 57
7138 68
7139 68
7140 66
7141 66
7142 57
7143 83
7144 75
7145 56
7146 50
7147 74
7148 74
7149 69
7150 61
7151 65
7152 73
7153 75
7154 67
7155 49
7156 80
7157 71
7158 57
7159 82
7160 69
7161 67
7162 68
7163 70
7164 69
7165 62
7166 63
7167 76
7168 62
7169 61
7170 60
7171 60
7172 62
7173 84
7174 85
7175 68
7176 77
7177 83
7178 68
7179 69
7180 90
7181 80
7182 90
7183 81
7184 91
7185 84
7186 61
7187 90
7188 73
7189 72
7190 90
7191 77
7192 68
7193 69
7194 68
7195 78
7196 89
7197 77
7198 92
7199 100
7200 69
7201 88
7202 82
7203 76
7204 83
7205 89
7206 56
7207 84
7208 78
7209 82
7210 74
7211 88
7212 83
7213 76
7214 80
7215 88
7216 88
7217 92
7218 85
7219 78
7220 75
7221 75
7222 78
7223 97
7224 93
7225 84
7226 60
7227 68
7228 76
7229 68
7230 91
7231 89
7232 81
7233 82
7234 84
7235 77
7236 80
7237 84
7238 74
7239 72
7240 67
7241 75
7242 81
7243 87
7244 82
7245 97
7246 89
7247 79
7248 76
7249 88
7250 81
7251 85
7252 69
7253 80
7254 88
7255 76
7256 76
7257 94
7258 88
7259 78
7260 91
7261 78
7262 101
7263 88
7264 86
7265 86
7266 94
7267 71
7268 85
7269 77
7270 90
7271 68
7272 90
7273 71
7274 79
7275 80
7276 90
7277 82
7278 90
7279 82
7280 81
7281 96
7282 97
7283 84
7284 70
7285 90
7286 87
7287 92
7288 69
7289 80
7290 90
7291 114
7292 71
7293 95
7294 77
7295 78
7296 98
7297 91
7298 78
7299 102
7300 83
7301 80
7302 80
7303 94
7304 75
7305 82
7306 81
7307 92
7308 86
7309 94
7310 72
7311 84
7312 89
7313 81
7314 67
7315 71
7316 84
7317 89
7318 81
7319 89
7320 88
7321 80
7322 85
7323 98
7324 89
7325 90
7326 66
7327 101
7328 82
7329 81
7330 86
7331 101
7332 76
7333 99
7334 85
7335 82
7336 111
7337 94
7338 106
7339 74
7340 75
7341 83
7342 91
7343 75
7344 92
7345 84
7346 107
7347 85
7348 94
7349 81
7350 100
7351 79
7352 94
7353 83
7354 81
7355 100
7356 95
7357 86
7358 69
7359 89
7360 85
7361 102
7362 87
7363 89
7364 96
7365 91
7366 106
7367 89
7368 86
7369 83
7370 87
7371 91
7372 80
7373 85
7374 87
7375 85
7376 84
7377 80
7378 90
7379 81
7380 78
7381 86
7382 107
7383 85
7384 115
7385 78
7386 75
7387 88
7388 77
7389 81
7390 78
7391 96
7392 82
7393 101
7394 83
7395 106
7396 98
7397 75
7398 95
7399 98
7400 84
7401 77
7402 87
7403 87
7404 108
7405 91
7406 96
7407 90
7408 92
7409 86
7410 74
7411 87
7412 94
7413 95
7414 80
7415 98
7416 92
7417 92
7418 103
7419 106
7420 102
7421 104
7422 84
7423 96
7424 89
7425 88
7426 105
7427 84
7428 91
7429 89
7430 101
7431 108
7432 101
7433 104
7434 85
7435 92
7436 99
7437 96
7438 100
7439 89
7440 106
7441 95
7442 101
7443 82
7444 78
7445 104
7446 102
7447 85
7448 111
7449 90
7450 102
7451 88
7452 113
7453 107
7454 87
7455 95
7456 86
7457 87
7458 104
7459 111
7460 88
7461 126
7462 91
7463 94
7464 83
7465 100
7466 119
7467 93
7468 108
7469 95
7470 96
7471 103
7472 92
7473 97
7474 115
7475 112
7476 102
7477 89
7478 101
7479 107
7480 111
7481 96
7482 103
7483 93
7484 122
7485 104
7486 111
7487 106
7488 103
7489 124
7490 103
7491 90
7492 95
7493 127
7494 107
7495 82
7496 115
7497 106
7498 92
7499 108
7500 83
7501 109
7502 110
7503 94
7504 114
7505 102
7506 101
7507 96
7508 96
7509 100
7510 108
7511 98
7512 91
7513 109
7514 97
7515 121
7516 94
7517 123
7518 103
7519 112
7520 102
7521 108
7522 100
7523 116
7524 115
7525 116
7526 91
7527 103
7528 88
7529 90
7530 92
7531 85
7532 102
7533 94
7534 106
7535 88
7536 114
7537 98
7538 113
7539 95
7540 94
7541 108
7542 102
7543 97
7544 104
7545 110
7546 107
7547 104
7548 109
7549 119
7550 105
7551 95
7552 89
7553 111
7554 104
7555 97
7556 100
7557 109
7558 122
7559 107
7560 87
7561 105
7562 91
7563 98
7564 105
7565 102
7566 115
7567 99
7568 96
7569 94
7570 101
7571 113
7572 108
7573 103
7574 108
7575 102
7576 104
7577 103
7578 114
7579 100
7580 98
7581 116
7582 94
7583 97
7584 115
7585 106
7586 110
7587 87
7588 108
7589 108
7590 90
7591 93
7592 106
7593 105
7594 115
7595 99
7596 96
7597 101
7598 92
7599 100
7600 96
7601 100
7602 97
7603 93
7604 110
7605 116
7606 94
7607 108
7608 115
7609 90
7610 117
7611 102
7612 115
7613 95
7614 99
7615 92
7616 112
7617 100
7618 95
7619 93
7620 103
7621 110
7622 101
7623 106
7624 86
7625 97
7626 93
7627 100
7628 111
7629 96
7630 99
7631 101
7632 97
7633 109
7634 86
7635 98
7636 111
7637 109
7638 107
7639 120
7640 113
7641 89
7642 109
7643 85
7644 102
7645 116
7646 101
7647 103
7648 92
7649 112
7650 90
7651 111
7652 108
7653 103
7654 91
7655 114
7656 90
7657 111
7658 104
7659 98
7660 85
7661 99
7662 120
7663 97
7664 116
7665 105
7666 89
7667 113
7668 106
7669 102
7670 111
7671 107
7672 106
7673 89
7674 98
7675 93
7676 97
7677 102
7678 89
7679 103
7680 86
7681 106
7682 106
7683 122
7684 107
7685 89
7686 101
7687 103
7688 104
7689 100
7690 96
7691 105
7692 103
7693 109
7694 109
7695 100
7696 95
7697 90
7698 110
7699 95
7700 87
7701 99
7702 102
7703 112
7704 96
7705 103
7706 105
7707 103
7708 108
7709 118
7710 113
7711 85
7712 126
7713 111
7714 109
7715 111
7716 81
7717 117
7718 113
7719 98
7720 107
7721 124
7722 100
7723 113
7724 101
7725 109
7726 103
7727 106
7728 100
7729 100
7730 87
7731 97
7732 104
7733 103
7734 103
7735 90
7736 104
7737 119
7738 89
7739 106
7740 110
7741 101
7742 116
7743 113
7744 123
7745 108
7746 115
7747 112
7748 98
7749 92
7750 90
7751 123
7752 89
7753 114
7754 118
7755 121
7756 120
7757 118
7758 101
7759 116
7760 109
7761 133
7762 103
7763 100
7764 107
7765 115
7766 83
7767 90
7768 87
7769 114
7770 107
7771 105
7772 105
7773 98
7774 108
7775 107
7776 110
7777 108
7778 103
7779 114
7780 108
7781 114
7782 91
7783 104
7784 115
7785 126
7786 128
7787 100
7788 104
7789 110
7790 103
7791 124
7792 140
7793 114
7794 98
7795 111
7796 122
7797 113
7798 111
7799 104
7800 94
7801 106
7802 109
7803 98
7804 103
7805 106
7806 114
7807 102
7808 114
7809 133
7810 116
7811 108
7812 107
7813 98
7814 104
7815 109
7816 89
7817 119
7818 124
7819 136
7820 115
7821 110
7822 121
7823 96
7824 129
7825 119
7826 102
7827 104
7828 130
7829 105
7830 96
7831 121
7832 112
7833 131
7834 122
7835 113
7836 121
7837 116
7838 116
7839 114
7840 106
7841 120
7842 101
7843 113
7844 129
7845 103
7846 116
7847 119
7848 128
7849 114
7850 121
7851 90
7852 98
7853 123
7854 122
7855 119
7856 115
7857 131
7858 108
7859 93
7860 108
7861 108
7862 135
7863 126
7864 110
7865 107
7866 117
7867 136
7868 112
7869 117
7870 124
7871 134
7872 122
7873 122
7874 103
7875 122
7876 117
7877 123
7878 120
7879 98
7880 122
7881 124
7882 113
7883 111
7884 119
7885 102
7886 132
7887 111
7888 118
7889 118
7890 102
7891 122
7892 101
7893 116
7894 104
7895 109
7896 111
7897 109
7898 106
7899 97
7900 104
7901 109
7902 99
7903 93
7904 106
7905 115
7906 93
7907 100
7908 119
7909 112
7910 121
7911 105
7912 108
7913 125
7914 97
7915 116
7916 130
7917 73
7918 103
7919 120
7920 116
7921 110
7922 117
7923 100
7924 108
7925 115
7926 93
7927 117
7928 125
7929 117
7930 108
7931 111
7932 123
7933 116
7934 105
7935 117
7936 96
7937 120
7938 99
7939 117
7940 108
7941 113
7942 105
7943 106
7944 99
7945 117
7946 117
7947 125
7948 121
7949 116
7950 118
7951 102
7952 125
7953 107
7954 114
7955 132
7956 101
7957 112
7958 96
7959 127
7960 105
7961 124
7962 121
7963 104
7964 109
7965 138
7966 128
7967 125
7968 105
7969 132
7970 91
7971 120
7972 109
7973 115
7974 103
7975 104
7976 109
7977 119
7978 127
7979 94
7980 105
7981 87
7982 97
7983 116
7984 99
7985 123
7986 131
7987 129
7988 116
7989 107
7990 112
7991 123
7992 92
7993 90
7994 104
7995 112
7996 116
7997 97
7998 103
7999 103
8000 124
8001 109
8002 96
8003 134
8004 117
8005 106
8006 118
8007 102
8008 94
8009 113
8010 107
8011 106
8012 97
8013 108
8014 115
8015 92
8016 106
8017 112
8018 119
8019 119
8020 109
8021 116
8022 117
8023 107
8024 107
8025 114
8026 117
8027 113
8028 126
8029 140
8030 112
8031 108
8032 103
8033 101
8034 102
8035 110
8036 97
8037 110
8038 92
8039 113
8040 109
8041 97
8042 95
8043 108
8044 125
8045 112
8046 113
8047 109
8048 116
8049 104
8050 114
8051 104
8052 92
8053 111
8054 94
8055 99
8056 123
8057 119
8058 99
8059 106
8060 110
8061 97
8062 100
8063 115
8064 104
8065 107
8066 88
8067 133
8068 89
8069 108
8070 104
8071 97
8072 107
8073 113
8074 89
8075 110
8076 122
8077 95
8078 91
8079 111
8080 98
8081 117
8082 117
8083 124
8084 99
8085 96
8086 111
8087 118
8088 102
8089 112
8090 115
8091 123
8092 106
8093 110
8094 104
8095 100
8096 110
8097 89
8098 101
8099 107
8100 90
8101 102
8102 117
8103 90
8104 96
8105 108
8106 115
8107 94
8108 90
8109 101
8110 113
8111 91
8112 100
8113 124
8114 103
8115 97
8116 94
8117 102
8118 96
8119 89
8120 91
8121 94
8122 85
8123 95
8124 81
8125 88
8126 108
8127 82
8128 102
8129 100
8130 90
8131 85
8132 86
8133 103
8134 96
8135 102
8136 92
8137 103
8138 108
8139 87
8140 88
8141 96
8142 107
8143 94
8144 91
8145 93
8146 94
8147 98
8148 81
8149 107
8150 99
8151 113
8152 95
8153 90
8154 99
8155 75
8156 109
8157 93
8158 103
8159 76
8160 88
8161 94
8162 94
8163 90
8164 112
8165 86
8166 94
8167 114
8168 91
8169 103
8170 87
8171 95
8172 95
8173 92
8174 79
8175 97
8176 93
8177 98
8178 82
8179 86
8180 80
8181 92
8182 94
8183 89
8184 81
8185 80
8186 89
8187 82
8188 87
8189 94
8190 94
8191 89
8192 95
8193 66
8194 88
8195 95
8196 90
8197 82
8198 91
8199 78
8200 85
8201 74
8202 72
8203 87
8204 80
8205 92
8206 80
8207 76
8208 83
8209 83
8210 83
8211 76
8212 88
8213 88
8214 93
8215 76
8216 86
8217 89
8218 91
8219 60
8220 79
8221 67
8222 75
8223 85
8224 66
8225 84
8226 72
8227 79
8228 86
8229 69
8230 87
8231 89
8232 92
8233 64
8234 79
8235 74
8236 93
8237 85
8238 85
8239 86
8240 81
8241 86
8242 82
8243 88
8244 70
8245 74
8246 85
8247 83
8248 77
8249 74
8250 76
8251 89
8252 74
8253 68
8254 73
8255 64
8256 69
8257 76
8258 71
8259 70
8260 98
8261 94
8262 83
8263 73
8264 76
8265 70
8266 86
8267 66
8268 88
8269 68
8270 67
8271 76
8272 86
8273 62
8274 63
8275 82
8276 92
8277 69
8278 72
8279 89
8280 77
8281 71
8282 65
8283 64
8284 85
8285 80
8286 72
8287 69
8288 78
8289 80
8290 79
8291 63
8292 73
8293 76
8294 71
8295 80
8296 77
8297 68
8298 67
8299 64
8300 64
8301 75
8302 75
8303 78
8304 66
8305 88
8306 77
8307 82
8308 90
8309 69
8310 83
8311 81
8312 62
8313 65
8314 68
8315 60
8316 69
8317 70
8318 66
8319 71
8320 67
8321 78
8322 85
8323 59
8324 69
8325 69
8326 61
8327 75
8328 63
8329 72
8330 78
8331 78
8332 69
8333 61
8334 66
8335 52
8336 63
8337 84
8338 61
8339 59
8340 60
8341 73
8342 66
8343 59
8344 55
8345 51
8346 59
8347 51
8348 70
8349 54
8350 57
8351 58
8352 43
8353 61
8354 78
8355 56
8356 56
8357 61
8358 47
8359 61
8360 70
8361 69
8362 56
8363 59
8364 60
8365 54
8366 78
8367 60
8368 75
8369 65
8370 56
8371 75
8372 57
8373 53
8374 62
8375 56
8376 67
8377 65
8378 58
8379 61
8380 62
8381 67
8382 53
8383 61
8384 68
8385 63
8386 48
8387 57
8388 63
8389 61
8390 50
8391 62
8392 61
8393 56
8394 52
8395 54
8396 57
8397 51
8398 54
8399 62
8400 56
8401 70
8402 59
8403 70
8404 40
8405 60
8406 49
8407 52
8408 50
8409 63
8410 51
8411 58
8412 60
8413 60
8414 70
8415 72
8416 49
8417 48
8418 54
8419 51
8420 52
8421 58
8422 65
8423 57
8424 56
8425 65
8426 71
8427 64
8428 54
8429 47
8430 58
8431 61
8432 63
8433 53
8434 57
8435 54
8436 63
8437 63
8438 47
8439 68
8440 64
8441 58
8442 52
8443 54
8444 39
8445 59
8446 54
8447 49
8448 54
8449 40
8450 43
8451 64
8452 55
8453 45
8454 44
8455 45
8456 52
8457 58
8458 61
8459 49
8460 51
8461 43
8462 54
8463 40
8464 59
8465 44
8466 57
8467 57
8468 49
8469 42
8470 40
8471 50
8472 50
8473 65
8474 45
8475 44
8476 54
8477 41
8478 49
8479 50
8480 62
8481 43
8482 55
8483 50
8484 36
8485 41
8486 56
8487 46
8488 53
8489 54
8490 61
8491 47
8492 35
8493 54
8494 47
8495 41
8496 39
8497 49
8498 48
8499 47
8500 41
8501 51
8502 59
8503 52
8504 53
8505 44
8506 41
8507 57
8508 53
8509 44
8510 60
8511 46
8512 29
8513 56
8514 42
8515 42
8516 40
8517 46
8518 44
8519 47
8520 45
8521 64
8522 52
8523 40
8524 41
8525 40
8526 49
8527 60
8528 43
8529 44
8530 43
8531 52
8532 40
8533 40
8534 49
8535 40
8536 58
8537 48
8538 58
8539 50
8540 43
8541 37
8542 50
8543 38
8544 53
8545 55
8546 64
8547 49
8548 47
8549 40
8550 47
8551 53
8552 38
8553 39
8554 36
8555 55
8556 50
8557 49
8558 41
8559 44
8560 47
8561 41
8562 48
8563 41
8564 38
8565 28
8566 39
8567 31
8568 41
8569 39
8570 42
8571 39
8572 30
8573 47
8574 44
8575 43
8576 48
8577 39
8578 50
8579 50
8580 46
8581 36
8582 39
8583 49
8584 33
8585 46
8586 49
8587 32
8588 48
8589 39
8590 36
8591 38
8592 40
8593 29
8594 44
8595 33
8596 34
8597 37
8598 35
8599 48
8600 52
8601 38
8602 42
8603 44
8604 52
8605 51
8606 44
8607 46
8608 42
8609 34
8610 33
8611 44
8612 36
8613 44
8614 42
8615 38
8616 40
8617 46
8618 58
8619 41
8620 40
8621 44
8622 45
8623 41
8624 50
8625 47
8626 56
8627 49
8628 43
8629 45
8630 37
8631 27
8632 43
8633 53
8634 38
8635 36
8636 31
8637 35
8638 38
8639 31
8640 41
8641 47
8642 49
8643 41
8644 45
8645 49
8646 34
8647 44
8648 36
8649 37
8650 40
8651 37
8652 40
8653 32
8654 50
8655 39
8656 35
8657 44
8658 40
8659 31
8660 43
8661 44
8662 45
8663 44
8664 35
8665 45
8666 52
8667 37
8668 43
8669 37
8670 47
8671 38
8672 34
8673 31
8674 37
8675 41
8676 35
8677 49
8678 43
8679 31
8680 39
8681 48
8682 34
8683 31
8684 32
8685 43
8686 48
8687 34
8688 45
8689 33
8690 32
8691 30
8692 33
8693 41
8694 40
8695 51
8696 32
8697 22
8698 32
8699 33
8700 32
8701 45
8702 42
8703 34
8704 36
8705 28
8706 36
8707 37
8708 33
8709 26
8710 32
8711 29
8712 34
8713 40
8714 32
8715 29
8716 33
8717 36
8718 41
8719 32
8720 36
8721 27
8722 35
8723 36
8724 28
8725 30
8726 24
8727 22
8728 41
8729 27
8730 30
8731 39
8732 22
8733 37
8734 35
8735 30
8736 42
8737 38
8738 30
8739 35
8740 39
8741 36
8742 28
8743 33
8744 38
8745 41
8746 36
8747 35
8748 32
8749 31
8750 28
8751 42
8752 32
8753 33
8754 42
8755 29
8756 23
8757 29
8758 38
8759 26
8760 39
8761 18
8762 28
8763 25
8764 24
8765 39
8766 32
8767 25
8768 34
8769 32
8770 35
8771 33
8772 36
8773 27
8774 33
8775 31
8776 20
8777 34
8778 26
8779 50
8780 35
8781 28
8782 36
8783 29
8784 31
8785 30
8786 37
8787 42
8788 25
8789 36
8790 26
8791 26
8792 34
8793 32
8794 39
8795 34
8796 26
8797 42
8798 29
8799 35
8800 42
8801 36
8802 24
8803 29
8804 32
8805 32
8806 26
8807 33
8808 22
8809 31
8810 26
8811 34
8812 36
8813 40
8814 31
8815 29
8816 29
8817 24
8818 27
8819 41
8820 27
8821 41
8822 26
8823 25
8824 53
8825 36
8826 31
8827 24
8828 40
8829 36
8830 34
8831 23
8832 29
8833 27
8834 28
8835 36
8836 37
8837 38
8838 33
8839 23
8840 27
8841 40
8842 24
8843 32
8844 28
8845 32
8846 33
8847 24
8848 30
8849 36
8850 41
8851 36
8852 22
8853 33
8854 28
8855 18
8856 31
8857 32
8858 30
8859 23
8860 32
8861 27
8862 23
8863 27
8864 28
8865 33
8866 42
8867 25
8868 32
8869 31
8870 39
8871 24
8872 32
8873 23
8874 35
8875 25
8876 30
8877 28
8878 25
8879 38
8880 21
8881 22
8882 37
8883 27
8884 28
8885 32
8886 42
8887 46
8888 45
8889 34
8890 33
8891 21
8892 47
8893 26
8894 30
8895 29
8896 30
8897 32
8898 34
8899 45
8900 41
8901 34
8902 30
8903 30
8904 28
8905 30
8906 28
8907 32
8908 28
8909 19
8910 26
8911 43
8912 23
8913 36
8914 20
8915 31
8916 44
8917 17
8918 31
8919 31
8920 26
8921 25
8922 38
8923 34
8924 36
8925 23
8926 31
8927 31
8928 26
8929 29
8930 33
8931 17
8932 33
8933 34
8934 23
8935 29
8936 23
8937 28
8938 30
8939 32
8940 27
8941 23
8942 28
8943 37
8944 34
8945 25
8946 27
8947 30
8948 37
8949 29
8950 23
8951 31
8952 28
8953 30
8954 31
8955 29
8956 20
8957 25
8958 36
8959 23
8960 29
8961 22
8962 26
8963 39
8964 28
8965 30
8966 27
8967 32
8968 36
8969 27
8970 24
8971 29
8972 32
8973 28
8974 32
8975 24
8976 24
8977 24
8978 36
8979 24
8980 32
8981 26
8982 23
8983 22
8984 32
8985 30
8986 30
8987 25
8988 26
8989 30
8990 39
8991 24
8992 28
8993 25
8994 28
8995 27
8996 25
8997 28
8998 30
8999 30
9000 39
9001 26
9002 35
9003 24
9004 30
9005 25
9006 27
9007 21
9008 32
9009 31
9010 20
9011 27
9012 27
9013 32
9014 28
9015 32
9016 28
9017 23
9018 22
9019 20
9020 22
9021 22
9022 31
9023 33
9024 29
9025 30
9026 25
9027 23
9028 36
9029 36
9030 16
9031 36
9032 30
9033 34
9034 24
9035 27
9036 31
9037 25
9038 26
9039 28
9040 32
9041 25
9042 25
9043 28
9044 27
9045 23
9046 26
9047 23
9048 25
9049 29
9050 30
9051 28
9052 34
9053 32
9054 35
9055 24
9056 22
9057 34
9058 22
9059 20
9060 34
9061 34
9062 27
9063 33
9064 22
9065 27
9066 22
9067 36
9068 30
9069 24
9070 24
9071 32
9072 28
9073 29
9074 29
9075 29
9076 32
9077 28
9078 26
9079 25
9080 37
9081 22
9082 31
9083 17
9084 27
9085 24
9086 37
9087 28
9088 36
9089 33
9090 21
9091 29
9092 33
9093 25
9094 31
9095 28
9096 26
9097 26
9098 35
9099 32
9100 24
9101 27
9102 31
9103 31
9104 25
9105 37
9106 31
9107 30
9108 29
9109 25
9110 31
9111 25
9112 38
9113 34
9114 27
9115 39
9116 25
9117 28
9118 23
9119 40
9120 31
9121 26
9122 27
9123 27
9124 31
9125 25
9126 35
9127 25
9128 35
9129 26
9130 32
9131 29
9132 37
9133 28
9134 27
9135 28
9136 27
9137 27
9138 31
9139 37
9140 30
9141 28
9142 27
9143 21
9144 21
9145 32
9146 33
9147 29
9148 42
9149 32
9150 27
9151 29
9152 27
9153 28
9154 31
9155 32
9156 27
9157 31
9158 27
9159 33
9160 36
9161 29
9162 24
9163 24
9164 21
9165 22
9166 20
9167 38
9168 35
9169 15
9170 26
9171 37
9172 29
9173 20
9174 30
9175 24
9176 30
9177 25
9178 31
9179 31
9180 31
9181 30
9182 28
9183 37
9184 29
9185 24
9186 25
9187 30
9188 32
9189 33
9190 26
9191 22
9192 33
9193 30
9194 32
9195 26
9196 26
9197 28
9198 21
9199 30
9200 35
9201 31
9202 28
9203 34
9204 34
9205 21
9206 23
9207 27
9208 33
9209 35
9210 31
9211 19
9212 27
9213 22
9214 33
9215 24
9216 23
9217 20
9218 32
9219 28
9220 22
9221 23
9222 35
9223 34
9224 25
9225 23
9226 26
9227 28
9228 32
9229 39
9230 33
9231 25
9232 26
9233 32
9234 24
9235 31
9236 26
9237 31
9238 31
9239 29
9240 31
9241 26
9242 31
9243 19
9244 32
9245 26
9246 30
9247 21
9248 30
9249 29
9250 30
9251 25
9252 33
9253 31
9254 21
9255 23
9256 33
9257 26
9258 29
9259 31
9260 27
9261 24
9262 26
9263 37
9264 38
9265 26
9266 27
9267 31
9268 32
9269 32
9270 24
9271 34
9272 29
9273 19
9274 28
9275 30
9276 39
9277 25
9278 36
9279 40
9280 34
9281 40
9282 31
9283 36
9284 24
9285 38
9286 25
9287 27
9288 29
9289 28
9290 24
9291 29
9292 25
9293 32
9294 31
9295 19
9296 29
9297 26
9298 23
9299 33
9300 28
9301 34
9302 26
9303 29
9304 35
9305 28
9306 27
9307 31
9308 29
9309 34
9310 22
9311 23
9312 40
9313 20
9314 28
9315 32
9316 25
9317 28
9318 31
9319 27
9320 28
9321 31
9322 33
9323 27
9324 33
9325 28
9326 20
9327 23
9328 35
9329 23
9330 23
9331 27
9332 29
9333 21
9334 34
9335 21
9336 28
9337 32
9338 25
9339 35
9340 24
9341 31
9342 27
9343 18
9344 31
9345 28
9346 30
9347 24
9348 33
9349 27
9350 33
9351 29
9352 28
9353 20
9354 25
9355 29
9356 19
9357 36
9358 26
9359 20
9360 39
9361 24
9362 25
9363 25
9364 31
9365 23
9366 27
9367 20
9368 29
9369 24
9370 29
9371 31
9372 32
9373 23
9374 26
9375 35
9376 20
9377 26
9378 34
9379 23
9380 29
9381 24
9382 29
9383 27
9384 23
9385 27
9386 32
9387 38
9388 25
9389 27
9390 25
9391 24
9392 26
9393 32
9394 25
9395 28
9396 29
9397 31
9398 26
9399 21
9400 32
9401 21
9402 27
9403 32
9404 22
9405 30
9406 25
9407 28
9408 30
9409 27
9410 21
9411 24
9412 32
9413 19
9414 34
9415 27
9416 29
9417 26
9418 24
9419 23
9420 23
9421 30
9422 30
9423 28
9424 36
9425 25
9426 20
9427 27
9428 30
9429 26
9430 43
9431 22
9432 20
9433 28
9434 28
9435 22
9436 20
9437 30
9438 27
9439 24
9440 20
9441 25
9442 23
9443 26
9444 29
9445 29
9446 28
9447 17
9448 26
9449 31
9450 32
9451 27
9452 27
9453 25
9454 27
9455 27
9456 34
9457 28
9458 29
9459 29
9460 26
9461 24
9462 18
9463 24
9464 32
9465 33
9466 30
9467 28
9468 32
9469 18
9470 24
9471 20
9472 21
9473 26
9474 29
9475 25
9476 23
9477 13
9478 32
9479 29
9480 30
9481 23
9482 24
9483 19
9484 24
9485 24
9486 27
9487 25
9488 24
9489 26
9490 25
9491 25
9492 24
9493 20
9494 30
9495 18
9496 27
9497 25
9498 32
9499 23
9500 22
9501 22
9502 22
9503 15
9504 30
9505 36
9506 30
9507 23
9508 17
9509 33
9510 27
9511 22
9512 25
9513 25
9514 16
9515 27
9516 16
9517 27
9518 20
9519 31
9520 18
9521 25
9522 24
9523 24
9524 25
9525 16
9526 26
9527 29
9528 18
9529 20
9530 22
9531 27
9532 20
9533 28
9534 29
9535 23
9536 24
9537 18
9538 21
9539 25
9540 22
9541 27
9542 24
9543 26
9544 23
9545 22
9546 26
9547 20
9548 29
9549 24
9550 22
9551 25
9552 30
9553 17
9554 20
9555 20
9556 16
9557 28
9558 29
9559 30
9560 25
9561 19
9562 24
9563 32
9564 19
9565 30
9566 32
9567 26
9568 21
9569 32
9570 32
9571 32
9572 27
9573 33
9574 22
9575 27
9576 32
9577 31
9578 37
9579 21
9580 25
9581 28
9582 20
9583 17
9584 33
9585 23
9586 28
9587 22
9588 28
9589 18
9590 21
9591 25
9592 22
9593 30
9594 31
9595 28
9596 14
9597 25
9598 28
9599 36
9600 35
9601 32
9602 21
9603 30
9604 27
9605 25
9606 20
9607 27
9608 15
9609 21
9610 27
9611 29
9612 24
9613 28
9614 30
9615 27
9616 16
9617 23
9618 31
9619 22
9620 25
9621 26
9622 18
9623 29
9624 20
9625 25
9626 23
9627 25
9628 24
9629 19
9630 23
9631 15
9632 30
9633 17
9634 25
9635 20
9636 32
9637 24
9638 27
9639 28
9640 29
9641 18
9642 26
9643 22
9644 20
9645 29
9646 26
9647 23
9648 25
9649 17
9650 24
9651 29
9652 23
9653 25
9654 30
9655 24
9656 26
9657 28
9658 19
9659 26
9660 28
9661 21
9662 29
9663 31
9664 22
9665 19
9666 31
9667 32
9668 23
9669 15
9670 22
9671 21
9672 28
9673 26
9674 23
9675 23
9676 21
9677 35
9678 23
9679 24
9680 38
9681 22
9682 25
9683 23
9684 38
9685 22
9686 32
9687 24
9688 16
9689 27
9690 25
9691 30
9692 23
9693 23
9694 17
9695 22
9696 23
9697 24
9698 24
9699 24
9700 28
9701 21
9702 17
9703 30
9704 20
9705 31
9706 21
9707 23
9708 28
9709 27
9710 30
9711 21
9712 26
9713 27
9714 21
9715 33
9716 21
9717 19
9718 24
9719 19
9720 22
9721 27
9722 30
9723 29
9724 21
9725 20
9726 22
9727 15
9728 20
9729 24
9730 25
9731 25
9732 32
9733 28
9734 24
9735 22
9736 20
9737 23
9738 28
9739 24
9740 34
9741 20
9742 18
9743 27
9744 25
9745 26
9746 24
9747 27
9748 23
9749 33
9750 16
9751 30
9752 28
9753 20
9754 24
9755 24
9756 22
9757 24
9758 23
9759 24
9760 26
9761 23
9762 21
9763 27
9764 32
9765 21
9766 29
9767 21
9768 23
9769 25
9770 21
9771 13
9772 24
9773 17
9774 17
9775 20
9776 33
9777 23
9778 23
9779 18
9780 34
9781 23
9782 32
9783 20
9784 26
9785 19
9786 21
9787 31
9788 22
9789 18
9790 17
9791 20
9792 20
9793 31
9794 22
9795 20
9796 18
9797 23
9798 17
9799 24
9800 20
9801 15
9802 26
9803 19
9804 18
9805 32
9806 19
9807 22
9808 17
9809 14
9810 26
9811 20
9812 15
9813 17
9814 25
9815 22
9816 22
9817 24
9818 20
9819 23
9820 22
9821 18
9822 23
9823 25
9824 22
9825 16
9826 28
9827 20
9828 23
9829 22
9830 16
9831 12
9832 31
9833 24
9834 24
9835 31
9836 19
9837 24
9838 18
9839 24
9840 23
9841 35
9842 20
9843 17
9844 25
9845 29
9846 20
9847 30
9848 29
9849 21
9850 26
9851 31
9852 28
9853 38
9854 21
9855 19
9856 23
9857 30
9858 26
9859 23
9860 15
9861 26
9862 22
9863 23
9864 24
9865 18
9866 21
9867 18
9868 17
9869 20
9870 27
9871 26
9872 18
9873 25
9874 16
9875 20
9876 23
9877 24
9878 26
9879 24
9880 15
9881 22
9882 17
9883 20
9884 21
9885 27
9886 18
9887 32
9888 23
9889 21
9890 15
9891 26
9892 19
9893 23
9894 20
9895 31
9896 25
9897 13
9898 15
9899 20
9900 22
9901 24
9902 29
9903 27
9904 18
9905 19
9906 25
9907 23
9908 22
9909 22
9910 30
9911 20
9912 21
9913 21
9914 21
9915 24
9916 22
9917 24
9918 22
9919 20
9920 19
9921 27
9922 20
9923 16
9924 19
9925 27
9926 30
9927 12
9928 22
9929 17
9930 27
9931 21
9932 28
9933 17
9934 15
9935 15
9936 18
9937 17
9938 24
9939 16
9940 24
9941 22
9942 15
9943 20
9944 21
9945 22
9946 20
9947 19
9948 24
9949 27
9950 23
9951 19
9952 24
9953 16
9954 21
9955 17
9956 25
9957 16
9958 21
9959 30
9960 19
9961 23
9962 19
9963 21
9964 23
9965 16
9966 23
9967 21
9968 27
9969 19
9970 21
9971 11
9972 19
9973 21
9974 20
9975 21
9976 26
9977 23
9978 21
9979 22
9980 27
9981 13
9982 26
9983 16
9984 16
9985 26
9986 19
9987 14
9988 26
9989 14
9990 14
9991 20
9992 25
9993 25
9994 23
9995 27
9996 19
9997 27
9998 21
9999 32
10000 24
10001 230143
