# Title:27-mer spectra for: 63
# XLabel:27-mer frequency
# YLabel:# distinct 27-mers
# Kmer value:27
# Input 1:<pipe>
###
1 1800371281
2 128269320
3 36316548
4 17237941
5 9347346
6 5894123
7 3919384
8 2794367
9 2064749
10 1603011
11 1300857
12 1121175
13 1035419
14 1024764
15 1096954
16 1260695
17 1526793
18 1904937
19 2418679
20 3078910
21 3895741
22 4879462
23 6008124
24 7264727
25 8596106
26 9989637
27 11349427
28 12598890
29 13728525
30 14657446
31 15333409
32 15714320
33 15801400
34 15608721
35 15131165
36 14421066
37 13491007
38 12438234
39 11269649
40 10068471
41 8857221
42 7697751
43 6608304
44 5624471
45 4751096
46 3987160
47 3341414
48 2813201
49 2389557
50 2060021
51 1815697
52 1650645
53 1542673
54 1492897
55 1483761
56 1502734
57 1547582
58 1600774
59 1665279
60 1732863
61 1804118
62 1865503
63 1920883
64 1961524
65 1993216
66 2013071
67 2019211
68 2003127
69 1978231
70 1934395
71 1879519
72 1819983
73 1743947
74 1662091
75 1574883
76 1483305
77 1386259
78 1294297
79 1197329
80 1105829
81 1019352
82 937478
83 860054
84 789018
85 725490
86 666164
87 612968
88 566341
89 528543
90 492408
91 462553
92 438349
93 415178
94 397327
95 383547
96 372006
97 361014
98 352103
99 346722
100 338294
101 331088
102 326566
103 319363
104 314993
105 309587
106 303111
107 297680
108 290511
109 283823
110 277289
111 271467
112 264599
113 257573
114 250385
115 244989
116 238724
117 231712
118 225166
119 218263
120 211788
121 205809
122 200951
123 196294
124 192162
125 188691
126 183794
127 180409
128 178502
129 175775
130 172254
131 168698
132 166509
133 163771
134 162224
135 159589
136 157211
137 155157
138 154112
139 152491
140 149899
141 147918
142 145408
143 143765
144 141935
145 139792
146 136130
147 133627
148 132049
149 129562
150 127558
151 125088
152 123546
153 120969
154 118798
155 116894
156 113889
157 112984
158 110198
159 108773
160 106773
161 104885
162 103120
163 101602
164 99429
165 98474
166 96623
167 95487
168 94048
169 92995
170 91397
171 91276
172 90195
173 89061
174 87559
175 86890
176 85895
177 85590
178 83135
179 83112
180 81587
181 80781
182 79962
183 79163
184 78229
185 76874
186 76016
187 75563
188 74450
189 73647
190 71904
191 71729
192 70615
193 69840
194 69332
195 68103
196 67498
197 66851
198 66268
199 65333
200 64562
201 63827
202 63082
203 62124
204 61700
205 60641
206 60035
207 59748
208 58964
209 58448
210 58495
211 57672
212 56720
213 56435
214 55803
215 55312
216 54553
217 54155
218 53449
219 52644
220 52200
221 51400
222 51360
223 50494
224 50145
225 49473
226 48559
227 48597
228 48076
229 46947
230 46662
231 46779
232 46696
233 46032
234 45794
235 45244
236 44909
237 44117
238 44362
239 43387
240 43225
241 42568
242 42584
243 41968
244 41792
245 41618
246 40965
247 40641
248 40331
249 39792
250 39480
251 39366
252 38689
253 38048
254 37969
255 37556
256 37153
257 36975
258 36203
259 36577
260 35988
261 35659
262 35388
263 35257
264 34593
265 34124
266 33907
267 33787
268 34357
269 33988
270 33232
271 32821
272 32395
273 32284
274 32359
275 31669
276 31854
277 31373
278 30787
279 30992
280 30990
281 30101
282 30242
283 29959
284 29382
285 29411
286 28732
287 28674
288 28637
289 28341
290 27951
291 27986
292 27695
293 27318
294 26947
295 26725
296 26778
297 26487
298 26654
299 25985
300 25970
301 25903
302 25742
303 25585
304 25348
305 25230
306 25285
307 24753
308 24669
309 24586
310 24287
311 24289
312 23857
313 23897
314 23799
315 23738
316 23406
317 23059
318 23054
319 22847
320 22717
321 22381
322 22527
323 22145
324 22431
325 21976
326 21898
327 21787
328 21449
329 21398
330 21190
331 20907
332 20937
333 21162
334 20854
335 20667
336 20649
337 20343
338 20268
339 20197
340 20028
341 19756
342 19546
343 19486
344 19127
345 19161
346 19202
347 19208
348 19197
349 18757
350 18565
351 18899
352 18382
353 18308
354 18501
355 18454
356 18121
357 18059
358 17800
359 17738
360 17589
361 17993
362 17415
363 17543
364 17297
365 17220
366 16950
367 17024
368 16982
369 16613
370 16694
371 16736
372 16549
373 16322
374 16083
375 16329
376 15995
377 15979
378 15996
379 15866
380 15787
381 15840
382 15915
383 15938
384 15579
385 15612
386 15524
387 15331
388 15119
389 15096
390 15193
391 15059
392 15056
393 14896
394 14815
395 14602
396 14438
397 14414
398 14251
399 14166
400 13998
401 14108
402 13833
403 13705
404 13839
405 13587
406 13584
407 13452
408 13295
409 13271
410 13523
411 13419
412 13366
413 13311
414 13084
415 13036
416 13130
417 12933
418 13036
419 13133
420 13007
421 12938
422 12640
423 12637
424 12558
425 12572
426 12503
427 12361
428 12277
429 12320
430 12271
431 12181
432 12041
433 12052
434 11846
435 12052
436 11740
437 11936
438 11787
439 11450
440 11613
441 11362
442 11513
443 11244
444 11516
445 11017
446 11423
447 11152
448 11268
449 11082
450 11188
451 11217
452 11106
453 10964
454 10890
455 10971
456 10851
457 10832
458 10811
459 10851
460 10615
461 10693
462 10480
463 10530
464 10580
465 10579
466 10501
467 10310
468 10389
469 10309
470 10335
471 10279
472 10282
473 10156
474 10039
475 10102
476 10055
477 9898
478 9937
479 9857
480 9752
481 9774
482 9795
483 9559
484 9735
485 9571
486 9508
487 9563
488 9458
489 9477
490 9428
491 9343
492 9407
493 9319
494 9384
495 9350
496 9219
497 9162
498 9113
499 9280
500 9106
501 9251
502 9092
503 9188
504 9139
505 9080
506 8952
507 9077
508 9039
509 8886
510 8948
511 8759
512 8921
513 8631
514 8601
515 8635
516 8538
517 8524
518 8419
519 8502
520 8650
521 8583
522 8406
523 8410
524 8319
525 8404
526 8453
527 8368
528 8316
529 8139
530 8234
531 8254
532 8202
533 7996
534 8207
535 7984
536 8115
537 7913
538 8036
539 7868
540 7908
541 7802
542 7716
543 7708
544 7738
545 7649
546 7716
547 7656
548 7708
549 7505
550 7451
551 7529
552 7512
553 7299
554 7226
555 7581
556 7387
557 7342
558 7279
559 7323
560 7181
561 7320
562 7247
563 7128
564 7218
565 7078
566 7179
567 7219
568 7105
569 7159
570 7104
571 7062
572 6693
573 7079
574 7045
575 6872
576 7133
577 6849
578 7113
579 6816
580 6775
581 6844
582 6649
583 6905
584 6756
585 6633
586 6696
587 6578
588 6606
589 6682
590 6644
591 6755
592 6586
593 6454
594 6522
595 6381
596 6547
597 6382
598 6551
599 6539
600 6439
601 6382
602 6276
603 6350
604 6359
605 6442
606 6100
607 6294
608 6277
609 6348
610 6231
611 6174
612 6103
613 6112
614 6076
615 6181
616 6162
617 6105
618 6269
619 6092
620 6045
621 6118
622 6107
623 5861
624 5830
625 5955
626 5827
627 6044
628 5826
629 5787
630 5708
631 5732
632 5641
633 5600
634 5504
635 5621
636 5535
637 5557
638 5543
639 5500
640 5397
641 5533
642 5396
643 5432
644 5351
645 5507
646 5394
647 5386
648 5380
649 5485
650 5367
651 5449
652 5410
653 5207
654 5329
655 5263
656 5247
657 5197
658 5170
659 5180
660 5242
661 5126
662 5197
663 5080
664 5096
665 5049
666 5061
667 5126
668 5176
669 5144
670 4956
671 4925
672 4923
673 4799
674 4876
675 4913
676 4893
677 4836
678 4947
679 4928
680 4860
681 4874
682 4951
683 4794
684 5008
685 4820
686 4742
687 4756
688 4877
689 4650
690 4697
691 4630
692 4603
693 4573
694 4575
695 4531
696 4599
697 4574
698 4535
699 4499
700 4642
701 4451
702 4560
703 4472
704 4477
705 4453
706 4457
707 4453
708 4500
709 4521
710 4365
711 4352
712 4381
713 4436
714 4260
715 4323
716 4306
717 4339
718 4413
719 4320
720 4271
721 4163
722 4195
723 4265
724 4229
725 4258
726 4235
727 4200
728 4126
729 4204
730 3965
731 4134
732 4147
733 4074
734 4259
735 4059
736 4032
737 4171
738 4140
739 4035
740 4015
741 4102
742 4036
743 4037
744 4000
745 3929
746 4028
747 3901
748 4019
749 3946
750 3987
751 3975
752 4013
753 3920
754 3966
755 3855
756 3798
757 3925
758 3821
759 3976
760 3867
761 3918
762 3724
763 3859
764 3825
765 3887
766 3868
767 3809
768 3815
769 3812
770 3800
771 3570
772 3692
773 3667
774 3816
775 3594
776 3617
777 3753
778 3749
779 3698
780 3589
781 3687
782 3696
783 3601
784 3705
785 3644
786 3548
787 3638
788 3673
789 3453
790 3571
791 3504
792 3619
793 3591
794 3502
795 3569
796 3567
797 3423
798 3525
799 3628
800 3566
801 3490
802 3530
803 3545
804 3409
805 3621
806 3493
807 3521
808 3443
809 3518
810 3430
811 3489
812 3345
813 3517
814 3484
815 3501
816 3397
817 3421
818 3349
819 3488
820 3374
821 3265
822 3362
823 3306
824 3192
825 3188
826 3273
827 3144
828 3247
829 3335
830 3351
831 3297
832 3226
833 3269
834 3195
835 3216
836 3284
837 3246
838 3261
839 3127
840 3190
841 3258
842 3163
843 3251
844 3228
845 3112
846 3167
847 3113
848 3085
849 3149
850 3172
851 2986
852 3130
853 3038
854 3133
855 3085
856 3074
857 3091
858 3045
859 3063
860 2982
861 3001
862 2973
863 2984
864 3056
865 2957
866 3049
867 2983
868 2982
869 2934
870 3030
871 2953
872 2865
873 2862
874 2900
875 2859
876 2931
877 2827
878 2840
879 2914
880 2889
881 2892
882 2881
883 2988
884 2906
885 2883
886 2897
887 2869
888 2854
889 2914
890 2849
891 2894
892 2939
893 2910
894 2811
895 2910
896 2797
897 2921
898 2866
899 2774
900 2807
901 2868
902 2897
903 2743
904 2825
905 2840
906 2760
907 2844
908 2751
909 2772
910 2693
911 2741
912 2754
913 2637
914 2651
915 2675
916 2671
917 2716
918 2639
919 2631
920 2720
921 2674
922 2744
923 2686
924 2548
925 2678
926 2680
927 2669
928 2660
929 2674
930 2596
931 2516
932 2685
933 2640
934 2584
935 2669
936 2625
937 2649
938 2620
939 2505
940 2579
941 2576
942 2481
943 2514
944 2588
945 2669
946 2508
947 2511
948 2485
949 2501
950 2514
951 2595
952 2635
953 2516
954 2439
955 2563
956 2500
957 2476
958 2485
959 2540
960 2464
961 2374
962 2470
963 2403
964 2385
965 2478
966 2401
967 2335
968 2421
969 2363
970 2386
971 2444
972 2335
973 2339
974 2296
975 2448
976 2447
977 2431
978 2489
979 2371
980 2446
981 2298
982 2344
983 2399
984 2256
985 2262
986 2321
987 2369
988 2327
989 2378
990 2331
991 2333
992 2339
993 2354
994 2320
995 2254
996 2245
997 2287
998 2321
999 2261
1000 2361
1001 2283
1002 2271
1003 2218
1004 2309
1005 2253
1006 2266
1007 2223
1008 2290
1009 2281
1010 2146
1011 2215
1012 2201
1013 2295
1014 2170
1015 2290
1016 2241
1017 2222
1018 2166
1019 2177
1020 2150
1021 2191
1022 2134
1023 2185
1024 2217
1025 2134
1026 2264
1027 2207
1028 2169
1029 2238
1030 2090
1031 2193
1032 2186
1033 2164
1034 2113
1035 2173
1036 2200
1037 2174
1038 2119
1039 2119
1040 2094
1041 2164
1042 2114
1043 2028
1044 2127
1045 2068
1046 2039
1047 2027
1048 2042
1049 2062
1050 2001
1051 2089
1052 2023
1053 2074
1054 2055
1055 1987
1056 2001
1057 2040
1058 2038
1059 2001
1060 2009
1061 2043
1062 1987
1063 2033
1064 2106
1065 2079
1066 2121
1067 1970
1068 2108
1069 2020
1070 2022
1071 2032
1072 1946
1073 2020
1074 1949
1075 2018
1076 1894
1077 1914
1078 2007
1079 2045
1080 1965
1081 1968
1082 1947
1083 1935
1084 1908
1085 1966
1086 1997
1087 2008
1088 1994
1089 1911
1090 1935
1091 1810
1092 1933
1093 1960
1094 1941
1095 1871
1096 1913
1097 1833
1098 1874
1099 1864
1100 1922
1101 1849
1102 1873
1103 1870
1104 1856
1105 1806
1106 1862
1107 1876
1108 1867
1109 1962
1110 1901
1111 1953
1112 1818
1113 1847
1114 1900
1115 1858
1116 1877
1117 1894
1118 1736
1119 1868
1120 1791
1121 1821
1122 1768
1123 1826
1124 1872
1125 1772
1126 1877
1127 1881
1128 1820
1129 1814
1130 1751
1131 1785
1132 1796
1133 1842
1134 1761
1135 1814
1136 1749
1137 1758
1138 1741
1139 1770
1140 1728
1141 1839
1142 1891
1143 1810
1144 1748
1145 1734
1146 1756
1147 1789
1148 1876
1149 1805
1150 1807
1151 1818
1152 1706
1153 1803
1154 1869
1155 1841
1156 1831
1157 1794
1158 1801
1159 1742
1160 1752
1161 1815
1162 1815
1163 1806
1164 1758
1165 1788
1166 1879
1167 1797
1168 1839
1169 1772
1170 1788
1171 1802
1172 1847
1173 1814
1174 1734
1175 1803
1176 1749
1177 1684
1178 1716
1179 1774
1180 1779
1181 1728
1182 1758
1183 1740
1184 1729
1185 1778
1186 1737
1187 1677
1188 1795
1189 1700
1190 1722
1191 1767
1192 1770
1193 1756
1194 1803
1195 1688
1196 1761
1197 1748
1198 1814
1199 1794
1200 1738
1201 1754
1202 1700
1203 1765
1204 1725
1205 1760
1206 1756
1207 1735
1208 1736
1209 1723
1210 1822
1211 1751
1212 1740
1213 1860
1214 1793
1215 1827
1216 1722
1217 1812
1218 1697
1219 1738
1220 1758
1221 1817
1222 1811
1223 1785
1224 1731
1225 1772
1226 1748
1227 1801
1228 1803
1229 1801
1230 1772
1231 1810
1232 1731
1233 1750
1234 1819
1235 1779
1236 1803
1237 1813
1238 1778
1239 1810
1240 1821
1241 1738
1242 1814
1243 1769
1244 1822
1245 1762
1246 1755
1247 1761
1248 1812
1249 1749
1250 1721
1251 1786
1252 1739
1253 1739
1254 1754
1255 1762
1256 1754
1257 1763
1258 1795
1259 1762
1260 1807
1261 1824
1262 1827
1263 1836
1264 1783
1265 1789
1266 1820
1267 1838
1268 1832
1269 1770
1270 1858
1271 1888
1272 1825
1273 1798
1274 1730
1275 1782
1276 1886
1277 1858
1278 1865
1279 1825
1280 1916
1281 1903
1282 1891
1283 1902
1284 1913
1285 1909
1286 1883
1287 1934
1288 1975
1289 1883
1290 1910
1291 1894
1292 1941
1293 1892
1294 2024
1295 1836
1296 1845
1297 1889
1298 1965
1299 1920
1300 1855
1301 1929
1302 1949
1303 1909
1304 1998
1305 1950
1306 1943
1307 1943
1308 1951
1309 1939
1310 2018
1311 1978
1312 1922
1313 1979
1314 1931
1315 2028
1316 1962
1317 1995
1318 1946
1319 2004
1320 2026
1321 1968
1322 1937
1323 2012
1324 2043
1325 1973
1326 2052
1327 1907
1328 1962
1329 1995
1330 2043
1331 1975
1332 1947
1333 2062
1334 1950
1335 2001
1336 2006
1337 2008
1338 2035
1339 2043
1340 2058
1341 2010
1342 2117
1343 2091
1344 1989
1345 2036
1346 2104
1347 2079
1348 2245
1349 2034
1350 2065
1351 2133
1352 2086
1353 2003
1354 2095
1355 2069
1356 2092
1357 2031
1358 2125
1359 2132
1360 2111
1361 2057
1362 2122
1363 2176
1364 2109
1365 2094
1366 2199
1367 2127
1368 2210
1369 2202
1370 2251
1371 2119
1372 2215
1373 2221
1374 2237
1375 2218
1376 2293
1377 2229
1378 2153
1379 2253
1380 2267
1381 2199
1382 2137
1383 2050
1384 2224
1385 2179
1386 2116
1387 2215
1388 2283
1389 2243
1390 2191
1391 2189
1392 2218
1393 2270
1394 2216
1395 2154
1396 2125
1397 2226
1398 2131
1399 2167
1400 2257
1401 2188
1402 2225
1403 2211
1404 2272
1405 2162
1406 2323
1407 2303
1408 2195
1409 2229
1410 2245
1411 2280
1412 2199
1413 2280
1414 2246
1415 2193
1416 2178
1417 2168
1418 2244
1419 2278
1420 2220
1421 2247
1422 2213
1423 2192
1424 2202
1425 2184
1426 2159
1427 2217
1428 2165
1429 2123
1430 2225
1431 2180
1432 2192
1433 2143
1434 2158
1435 2246
1436 2145
1437 2172
1438 2139
1439 2267
1440 2140
1441 2151
1442 2114
1443 2112
1444 2239
1445 2218
1446 2169
1447 2140
1448 2138
1449 2170
1450 2237
1451 2146
1452 2145
1453 2161
1454 2246
1455 2242
1456 2122
1457 2126
1458 2188
1459 2111
1460 2176
1461 2126
1462 2155
1463 2140
1464 2134
1465 2169
1466 2177
1467 2300
1468 2147
1469 2245
1470 2092
1471 2072
1472 2081
1473 2166
1474 2186
1475 2190
1476 2118
1477 2040
1478 2139
1479 2031
1480 2121
1481 2131
1482 2099
1483 2118
1484 2096
1485 2176
1486 2056
1487 2040
1488 2094
1489 2128
1490 2163
1491 2150
1492 2070
1493 2139
1494 2069
1495 2124
1496 2093
1497 2106
1498 2087
1499 2084
1500 2006
1501 2075
1502 2030
1503 2026
1504 2102
1505 2007
1506 1957
1507 1974
1508 2040
1509 1960
1510 1974
1511 1969
1512 2034
1513 1945
1514 1982
1515 1993
1516 1966
1517 1963
1518 1989
1519 1944
1520 1963
1521 1922
1522 1911
1523 1959
1524 1948
1525 1923
1526 1973
1527 1867
1528 2012
1529 1994
1530 2002
1531 1973
1532 1979
1533 1890
1534 1909
1535 1871
1536 1891
1537 1878
1538 1842
1539 1853
1540 1903
1541 1770
1542 1916
1543 1826
1544 1842
1545 1784
1546 1807
1547 1804
1548 1814
1549 1816
1550 1790
1551 1900
1552 1714
1553 1805
1554 1847
1555 1810
1556 1844
1557 1803
1558 1773
1559 1782
1560 1790
1561 1775
1562 1724
1563 1748
1564 1832
1565 1731
1566 1784
1567 1731
1568 1676
1569 1697
1570 1673
1571 1710
1572 1679
1573 1628
1574 1679
1575 1599
1576 1641
1577 1588
1578 1639
1579 1637
1580 1580
1581 1581
1582 1582
1583 1551
1584 1556
1585 1533
1586 1567
1587 1530
1588 1538
1589 1534
1590 1530
1591 1519
1592 1446
1593 1494
1594 1456
1595 1491
1596 1472
1597 1429
1598 1442
1599 1478
1600 1402
1601 1511
1602 1482
1603 1426
1604 1414
1605 1339
1606 1365
1607 1440
1608 1394
1609 1382
1610 1467
1611 1386
1612 1318
1613 1436
1614 1319
1615 1361
1616 1351
1617 1411
1618 1405
1619 1335
1620 1310
1621 1323
1622 1360
1623 1363
1624 1325
1625 1346
1626 1323
1627 1270
1628 1307
1629 1285
1630 1281
1631 1355
1632 1348
1633 1321
1634 1288
1635 1300
1636 1232
1637 1202
1638 1282
1639 1194
1640 1268
1641 1201
1642 1188
1643 1231
1644 1139
1645 1131
1646 1254
1647 1202
1648 1164
1649 1188
1650 1173
1651 1113
1652 1153
1653 1169
1654 1133
1655 1164
1656 1128
1657 1163
1658 1131
1659 1041
1660 1044
1661 1065
1662 1085
1663 1009
1664 1081
1665 1060
1666 1023
1667 1067
1668 1065
1669 1070
1670 1091
1671 1054
1672 1066
1673 1048
1674 1020
1675 1073
1676 1030
1677 1025
1678 987
1679 993
1680 1106
1681 977
1682 983
1683 1050
1684 1000
1685 997
1686 965
1687 969
1688 982
1689 1003
1690 978
1691 935
1692 940
1693 978
1694 934
1695 903
1696 914
1697 940
1698 923
1699 967
1700 946
1701 912
1702 908
1703 943
1704 978
1705 951
1706 993
1707 940
1708 920
1709 978
1710 911
1711 911
1712 908
1713 948
1714 829
1715 891
1716 903
1717 836
1718 858
1719 873
1720 867
1721 880
1722 919
1723 808
1724 881
1725 823
1726 878
1727 830
1728 809
1729 829
1730 804
1731 868
1732 882
1733 824
1734 841
1735 835
1736 796
1737 878
1738 835
1739 838
1740 858
1741 780
1742 852
1743 858
1744 786
1745 804
1746 851
1747 833
1748 801
1749 830
1750 784
1751 770
1752 761
1753 777
1754 812
1755 778
1756 783
1757 805
1758 799
1759 781
1760 802
1761 754
1762 726
1763 803
1764 739
1765 778
1766 762
1767 763
1768 750
1769 777
1770 782
1771 792
1772 754
1773 733
1774 742
1775 730
1776 730
1777 764
1778 747
1779 756
1780 770
1781 745
1782 724
1783 713
1784 746
1785 724
1786 705
1787 717
1788 709
1789 641
1790 664
1791 709
1792 751
1793 716
1794 653
1795 716
1796 734
1797 709
1798 743
1799 709
1800 737
1801 780
1802 741
1803 774
1804 706
1805 754
1806 720
1807 712
1808 725
1809 675
1810 722
1811 731
1812 687
1813 744
1814 679
1815 664
1816 689
1817 723
1818 743
1819 749
1820 655
1821 713
1822 725
1823 669
1824 726
1825 721
1826 696
1827 696
1828 668
1829 700
1830 740
1831 689
1832 687
1833 728
1834 715
1835 691
1836 700
1837 660
1838 727
1839 682
1840 655
1841 689
1842 688
1843 733
1844 682
1845 659
1846 674
1847 712
1848 681
1849 716
1850 702
1851 660
1852 691
1853 659
1854 650
1855 724
1856 760
1857 671
1858 672
1859 706
1860 688
1861 691
1862 650
1863 658
1864 672
1865 651
1866 670
1867 664
1868 713
1869 647
1870 649
1871 673
1872 698
1873 639
1874 657
1875 669
1876 665
1877 664
1878 683
1879 672
1880 645
1881 656
1882 644
1883 655
1884 665
1885 636
1886 645
1887 647
1888 638
1889 637
1890 643
1891 645
1892 651
1893 655
1894 635
1895 647
1896 626
1897 630
1898 654
1899 690
1900 687
1901 609
1902 641
1903 640
1904 622
1905 653
1906 623
1907 660
1908 618
1909 662
1910 635
1911 643
1912 622
1913 562
1914 665
1915 642
1916 610
1917 653
1918 577
1919 608
1920 645
1921 601
1922 630
1923 641
1924 641
1925 633
1926 620
1927 611
1928 646
1929 634
1930 633
1931 634
1932 627
1933 664
1934 639
1935 602
1936 605
1937 636
1938 648
1939 609
1940 672
1941 634
1942 658
1943 632
1944 612
1945 605
1946 579
1947 641
1948 612
1949 616
1950 558
1951 593
1952 617
1953 601
1954 632
1955 634
1956 597
1957 634
1958 611
1959 591
1960 623
1961 604
1962 598
1963 659
1964 638
1965 629
1966 597
1967 592
1968 624
1969 594
1970 612
1971 577
1972 631
1973 573
1974 570
1975 640
1976 606
1977 566
1978 583
1979 585
1980 602
1981 588
1982 571
1983 556
1984 575
1985 567
1986 609
1987 590
1988 572
1989 583
1990 577
1991 582
1992 579
1993 552
1994 535
1995 564
1996 543
1997 576
1998 562
1999 571
2000 565
2001 597
2002 565
2003 568
2004 599
2005 573
2006 546
2007 559
2008 607
2009 563
2010 551
2011 558
2012 537
2013 596
2014 589
2015 532
2016 584
2017 550
2018 570
2019 556
2020 584
2021 575
2022 561
2023 541
2024 546
2025 605
2026 578
2027 548
2028 560
2029 523
2030 611
2031 579
2032 579
2033 590
2034 558
2035 545
2036 532
2037 550
2038 564
2039 612
2040 524
2041 593
2042 565
2043 579
2044 532
2045 543
2046 543
2047 556
2048 562
2049 580
2050 575
2051 567
2052 543
2053 544
2054 589
2055 578
2056 517
2057 534
2058 538
2059 538
2060 530
2061 519
2062 539
2063 534
2064 543
2065 529
2066 531
2067 560
2068 561
2069 582
2070 507
2071 539
2072 552
2073 518
2074 535
2075 554
2076 551
2077 539
2078 556
2079 578
2080 535
2081 538
2082 516
2083 571
2084 506
2085 530
2086 492
2087 543
2088 567
2089 542
2090 501
2091 551
2092 500
2093 550
2094 485
2095 527
2096 525
2097 506
2098 511
2099 552
2100 534
2101 479
2102 487
2103 519
2104 533
2105 578
2106 531
2107 515
2108 496
2109 486
2110 547
2111 506
2112 515
2113 519
2114 526
2115 504
2116 545
2117 508
2118 492
2119 524
2120 512
2121 527
2122 544
2123 535
2124 489
2125 487
2126 485
2127 543
2128 461
2129 536
2130 471
2131 508
2132 511
2133 504
2134 472
2135 537
2136 498
2137 532
2138 508
2139 406
2140 485
2141 522
2142 509
2143 464
2144 498
2145 504
2146 473
2147 509
2148 472
2149 494
2150 483
2151 500
2152 442
2153 484
2154 506
2155 480
2156 434
2157 446
2158 490
2159 483
2160 463
2161 466
2162 459
2163 481
2164 475
2165 456
2166 489
2167 466
2168 462
2169 476
2170 499
2171 480
2172 488
2173 495
2174 515
2175 453
2176 450
2177 470
2178 503
2179 459
2180 486
2181 443
2182 481
2183 476
2184 470
2185 474
2186 460
2187 503
2188 492
2189 516
2190 471
2191 498
2192 420
2193 488
2194 516
2195 467
2196 457
2197 467
2198 488
2199 487
2200 478
2201 463
2202 464
2203 462
2204 497
2205 491
2206 456
2207 494
2208 486
2209 471
2210 430
2211 433
2212 458
2213 480
2214 432
2215 437
2216 455
2217 453
2218 459
2219 493
2220 466
2221 475
2222 469
2223 462
2224 463
2225 490
2226 438
2227 463
2228 444
2229 467
2230 439
2231 458
2232 465
2233 473
2234 438
2235 449
2236 447
2237 474
2238 466
2239 463
2240 478
2241 446
2242 461
2243 496
2244 479
2245 487
2246 439
2247 453
2248 471
2249 495
2250 493
2251 437
2252 471
2253 485
2254 436
2255 445
2256 491
2257 470
2258 418
2259 453
2260 416
2261 442
2262 453
2263 402
2264 433
2265 456
2266 404
2267 456
2268 480
2269 469
2270 460
2271 450
2272 457
2273 427
2274 433
2275 462
2276 447
2277 475
2278 463
2279 472
2280 494
2281 462
2282 433
2283 428
2284 449
2285 450
2286 474
2287 407
2288 468
2289 443
2290 448
2291 433
2292 443
2293 402
2294 447
2295 449
2296 436
2297 434
2298 451
2299 451
2300 460
2301 416
2302 420
2303 437
2304 434
2305 432
2306 444
2307 440
2308 417
2309 496
2310 481
2311 438
2312 421
2313 448
2314 436
2315 459
2316 454
2317 457
2318 428
2319 414
2320 439
2321 438
2322 453
2323 405
2324 425
2325 438
2326 441
2327 428
2328 437
2329 433
2330 430
2331 465
2332 425
2333 428
2334 435
2335 424
2336 413
2337 462
2338 393
2339 436
2340 409
2341 452
2342 454
2343 448
2344 442
2345 430
2346 411
2347 425
2348 419
2349 457
2350 447
2351 397
2352 429
2353 430
2354 443
2355 448
2356 446
2357 418
2358 394
2359 502
2360 452
2361 450
2362 469
2363 441
2364 428
2365 445
2366 460
2367 407
2368 439
2369 446
2370 443
2371 457
2372 453
2373 392
2374 411
2375 403
2376 459
2377 448
2378 442
2379 448
2380 438
2381 470
2382 382
2383 442
2384 386
2385 427
2386 423
2387 421
2388 387
2389 421
2390 409
2391 418
2392 412
2393 422
2394 421
2395 456
2396 438
2397 433
2398 423
2399 411
2400 446
2401 439
2402 445
2403 380
2404 428
2405 416
2406 395
2407 391
2408 441
2409 439
2410 387
2411 407
2412 385
2413 461
2414 407
2415 415
2416 417
2417 436
2418 387
2419 424
2420 417
2421 441
2422 435
2423 443
2424 427
2425 376
2426 415
2427 424
2428 418
2429 413
2430 403
2431 436
2432 437
2433 431
2434 424
2435 426
2436 412
2437 427
2438 394
2439 389
2440 392
2441 397
2442 377
2443 416
2444 380
2445 389
2446 412
2447 369
2448 395
2449 400
2450 402
2451 414
2452 401
2453 388
2454 401
2455 436
2456 387
2457 407
2458 457
2459 421
2460 411
2461 454
2462 405
2463 409
2464 397
2465 425
2466 413
2467 428
2468 456
2469 436
2470 398
2471 401
2472 398
2473 401
2474 412
2475 364
2476 401
2477 391
2478 380
2479 380
2480 420
2481 428
2482 400
2483 447
2484 416
2485 390
2486 391
2487 407
2488 396
2489 404
2490 370
2491 385
2492 354
2493 386
2494 385
2495 384
2496 353
2497 386
2498 391
2499 439
2500 379
2501 402
2502 406
2503 401
2504 378
2505 439
2506 385
2507 418
2508 405
2509 393
2510 392
2511 376
2512 380
2513 379
2514 410
2515 386
2516 371
2517 411
2518 388
2519 423
2520 381
2521 384
2522 412
2523 373
2524 365
2525 388
2526 405
2527 366
2528 393
2529 400
2530 376
2531 377
2532 417
2533 382
2534 357
2535 399
2536 379
2537 376
2538 381
2539 382
2540 364
2541 419
2542 345
2543 376
2544 404
2545 396
2546 385
2547 390
2548 373
2549 379
2550 351
2551 359
2552 406
2553 356
2554 381
2555 394
2556 393
2557 397
2558 364
2559 375
2560 403
2561 397
2562 361
2563 386
2564 421
2565 393
2566 426
2567 396
2568 362
2569 389
2570 422
2571 429
2572 419
2573 383
2574 378
2575 357
2576 402
2577 393
2578 376
2579 386
2580 387
2581 390
2582 414
2583 395
2584 387
2585 350
2586 423
2587 387
2588 419
2589 415
2590 371
2591 408
2592 379
2593 371
2594 387
2595 418
2596 383
2597 352
2598 382
2599 371
2600 425
2601 399
2602 396
2603 398
2604 369
2605 375
2606 376
2607 366
2608 356
2609 377
2610 377
2611 405
2612 403
2613 371
2614 376
2615 395
2616 379
2617 398
2618 375
2619 379
2620 349
2621 387
2622 380
2623 391
2624 359
2625 329
2626 411
2627 405
2628 383
2629 362
2630 407
2631 389
2632 433
2633 385
2634 387
2635 362
2636 364
2637 353
2638 407
2639 363
2640 369
2641 372
2642 393
2643 368
2644 344
2645 406
2646 414
2647 373
2648 361
2649 382
2650 384
2651 379
2652 362
2653 335
2654 346
2655 372
2656 353
2657 344
2658 362
2659 379
2660 385
2661 380
2662 366
2663 369
2664 391
2665 358
2666 375
2667 363
2668 374
2669 379
2670 363
2671 353
2672 345
2673 365
2674 353
2675 362
2676 350
2677 359
2678 373
2679 362
2680 362
2681 341
2682 363
2683 349
2684 387
2685 376
2686 361
2687 347
2688 344
2689 353
2690 346
2691 347
2692 364
2693 365
2694 356
2695 389
2696 358
2697 333
2698 364
2699 331
2700 351
2701 365
2702 318
2703 369
2704 360
2705 326
2706 358
2707 323
2708 330
2709 331
2710 347
2711 314
2712 340
2713 360
2714 325
2715 324
2716 385
2717 333
2718 335
2719 391
2720 361
2721 352
2722 343
2723 367
2724 379
2725 314
2726 338
2727 361
2728 368
2729 336
2730 329
2731 315
2732 333
2733 363
2734 329
2735 296
2736 309
2737 372
2738 331
2739 320
2740 355
2741 324
2742 335
2743 325
2744 314
2745 326
2746 329
2747 314
2748 359
2749 328
2750 311
2751 314
2752 346
2753 328
2754 338
2755 311
2756 297
2757 350
2758 324
2759 316
2760 315
2761 321
2762 330
2763 328
2764 320
2765 336
2766 333
2767 328
2768 308
2769 307
2770 324
2771 362
2772 301
2773 345
2774 293
2775 322
2776 319
2777 313
2778 336
2779 302
2780 304
2781 302
2782 304
2783 319
2784 290
2785 330
2786 272
2787 331
2788 331
2789 363
2790 304
2791 335
2792 331
2793 312
2794 304
2795 296
2796 317
2797 303
2798 347
2799 304
2800 295
2801 300
2802 350
2803 306
2804 304
2805 286
2806 309
2807 298
2808 280
2809 310
2810 295
2811 303
2812 299
2813 290
2814 306
2815 295
2816 289
2817 295
2818 331
2819 300
2820 309
2821 306
2822 296
2823 285
2824 282
2825 299
2826 269
2827 280
2828 321
2829 300
2830 276
2831 314
2832 279
2833 290
2834 291
2835 300
2836 322
2837 321
2838 290
2839 271
2840 300
2841 271
2842 299
2843 301
2844 306
2845 296
2846 257
2847 286
2848 281
2849 320
2850 276
2851 281
2852 292
2853 312
2854 265
2855 283
2856 293
2857 294
2858 309
2859 297
2860 305
2861 263
2862 255
2863 343
2864 270
2865 297
2866 308
2867 281
2868 309
2869 303
2870 302
2871 292
2872 277
2873 278
2874 317
2875 315
2876 290
2877 296
2878 274
2879 280
2880 303
2881 263
2882 254
2883 272
2884 297
2885 263
2886 292
2887 285
2888 273
2889 330
2890 291
2891 301
2892 300
2893 301
2894 270
2895 236
2896 295
2897 291
2898 297
2899 249
2900 273
2901 290
2902 298
2903 277
2904 256
2905 297
2906 276
2907 267
2908 273
2909 292
2910 303
2911 266
2912 271
2913 275
2914 265
2915 282
2916 266
2917 285
2918 295
2919 272
2920 286
2921 263
2922 273
2923 243
2924 273
2925 279
2926 263
2927 285
2928 252
2929 233
2930 258
2931 239
2932 270
2933 290
2934 267
2935 262
2936 269
2937 278
2938 283
2939 274
2940 293
2941 266
2942 304
2943 279
2944 248
2945 300
2946 286
2947 274
2948 257
2949 261
2950 246
2951 255
2952 263
2953 251
2954 279
2955 262
2956 270
2957 256
2958 243
2959 275
2960 263
2961 265
2962 241
2963 229
2964 262
2965 277
2966 272
2967 254
2968 276
2969 283
2970 275
2971 258
2972 269
2973 228
2974 265
2975 264
2976 253
2977 249
2978 262
2979 268
2980 269
2981 268
2982 265
2983 239
2984 294
2985 273
2986 254
2987 266
2988 272
2989 240
2990 256
2991 252
2992 259
2993 265
2994 243
2995 252
2996 268
2997 246
2998 237
2999 236
3000 239
3001 264
3002 260
3003 238
3004 256
3005 257
3006 243
3007 251
3008 280
3009 281
3010 251
3011 267
3012 291
3013 269
3014 257
3015 237
3016 265
3017 260
3018 265
3019 291
3020 256
3021 244
3022 270
3023 251
3024 292
3025 273
3026 250
3027 264
3028 249
3029 241
3030 255
3031 275
3032 220
3033 267
3034 249
3035 271
3036 243
3037 258
3038 237
3039 257
3040 262
3041 239
3042 243
3043 226
3044 266
3045 229
3046 235
3047 268
3048 252
3049 266
3050 243
3051 267
3052 242
3053 236
3054 253
3055 257
3056 226
3057 262
3058 228
3059 242
3060 240
3061 275
3062 270
3063 264
3064 260
3065 254
3066 255
3067 229
3068 272
3069 266
3070 246
3071 251
3072 237
3073 255
3074 254
3075 229
3076 257
3077 233
3078 232
3079 239
3080 229
3081 242
3082 241
3083 272
3084 254
3085 239
3086 247
3087 264
3088 230
3089 224
3090 254
3091 262
3092 252
3093 254
3094 246
3095 246
3096 242
3097 242
3098 252
3099 257
3100 222
3101 225
3102 251
3103 241
3104 263
3105 243
3106 243
3107 232
3108 247
3109 253
3110 251
3111 253
3112 242
3113 223
3114 213
3115 233
3116 271
3117 259
3118 227
3119 238
3120 234
3121 246
3122 242
3123 225
3124 258
3125 237
3126 266
3127 233
3128 247
3129 252
3130 239
3131 232
3132 240
3133 257
3134 255
3135 245
3136 274
3137 228
3138 232
3139 197
3140 252
3141 240
3142 219
3143 236
3144 239
3145 230
3146 241
3147 225
3148 231
3149 250
3150 234
3151 229
3152 244
3153 237
3154 230
3155 234
3156 231
3157 232
3158 228
3159 235
3160 242
3161 230
3162 230
3163 231
3164 219
3165 206
3166 226
3167 232
3168 249
3169 209
3170 244
3171 245
3172 235
3173 214
3174 232
3175 247
3176 242
3177 229
3178 223
3179 230
3180 235
3181 213
3182 233
3183 246
3184 227
3185 241
3186 229
3187 221
3188 235
3189 260
3190 230
3191 243
3192 250
3193 235
3194 236
3195 231
3196 233
3197 283
3198 203
3199 215
3200 234
3201 248
3202 236
3203 224
3204 211
3205 221
3206 227
3207 212
3208 221
3209 216
3210 238
3211 233
3212 187
3213 218
3214 215
3215 221
3216 226
3217 224
3218 246
3219 243
3220 216
3221 247
3222 249
3223 250
3224 220
3225 225
3226 224
3227 242
3228 237
3229 237
3230 205
3231 232
3232 237
3233 239
3234 222
3235 249
3236 237
3237 212
3238 229
3239 219
3240 213
3241 235
3242 195
3243 214
3244 237
3245 233
3246 213
3247 237
3248 234
3249 220
3250 238
3251 226
3252 236
3253 200
3254 223
3255 220
3256 220
3257 217
3258 222
3259 228
3260 203
3261 204
3262 250
3263 213
3264 243
3265 246
3266 209
3267 239
3268 206
3269 211
3270 218
3271 256
3272 243
3273 211
3274 208
3275 231
3276 237
3277 235
3278 216
3279 221
3280 233
3281 196
3282 218
3283 237
3284 204
3285 227
3286 216
3287 233
3288 236
3289 193
3290 214
3291 218
3292 212
3293 221
3294 225
3295 250
3296 215
3297 210
3298 224
3299 216
3300 206
3301 204
3302 226
3303 215
3304 197
3305 228
3306 181
3307 214
3308 199
3309 201
3310 211
3311 222
3312 223
3313 225
3314 213
3315 235
3316 211
3317 214
3318 240
3319 205
3320 216
3321 221
3322 224
3323 211
3324 199
3325 193
3326 200
3327 196
3328 217
3329 208
3330 218
3331 213
3332 221
3333 215
3334 211
3335 196
3336 226
3337 218
3338 213
3339 214
3340 201
3341 215
3342 208
3343 187
3344 186
3345 213
3346 191
3347 194
3348 201
3349 195
3350 180
3351 241
3352 205
3353 190
3354 202
3355 213
3356 222
3357 208
3358 208
3359 226
3360 186
3361 178
3362 192
3363 222
3364 201
3365 184
3366 195
3367 207
3368 240
3369 188
3370 189
3371 206
3372 236
3373 200
3374 211
3375 214
3376 217
3377 180
3378 238
3379 189
3380 194
3381 210
3382 200
3383 201
3384 223
3385 211
3386 202
3387 228
3388 226
3389 215
3390 233
3391 207
3392 233
3393 199
3394 223
3395 205
3396 201
3397 214
3398 227
3399 202
3400 194
3401 226
3402 191
3403 203
3404 204
3405 206
3406 209
3407 207
3408 208
3409 227
3410 203
3411 191
3412 191
3413 222
3414 202
3415 194
3416 222
3417 190
3418 179
3419 210
3420 216
3421 193
3422 246
3423 191
3424 209
3425 186
3426 203
3427 198
3428 233
3429 205
3430 182
3431 196
3432 214
3433 205
3434 213
3435 199
3436 214
3437 195
3438 186
3439 236
3440 219
3441 208
3442 211
3443 213
3444 173
3445 211
3446 204
3447 207
3448 220
3449 195
3450 187
3451 200
3452 212
3453 195
3454 210
3455 192
3456 194
3457 211
3458 236
3459 212
3460 183
3461 197
3462 215
3463 208
3464 218
3465 174
3466 188
3467 190
3468 203
3469 200
3470 198
3471 196
3472 222
3473 193
3474 197
3475 183
3476 205
3477 185
3478 212
3479 159
3480 162
3481 196
3482 202
3483 198
3484 204
3485 214
3486 185
3487 183
3488 205
3489 206
3490 189
3491 170
3492 182
3493 200
3494 207
3495 192
3496 195
3497 211
3498 208
3499 174
3500 185
3501 190
3502 190
3503 197
3504 205
3505 186
3506 205
3507 183
3508 182
3509 184
3510 200
3511 187
3512 188
3513 189
3514 187
3515 197
3516 212
3517 185
3518 187
3519 194
3520 172
3521 214
3522 183
3523 196
3524 208
3525 190
3526 201
3527 192
3528 168
3529 160
3530 200
3531 204
3532 198
3533 193
3534 190
3535 170
3536 173
3537 172
3538 190
3539 180
3540 187
3541 182
3542 191
3543 172
3544 178
3545 185
3546 206
3547 191
3548 185
3549 161
3550 192
3551 193
3552 182
3553 195
3554 191
3555 177
3556 192
3557 203
3558 190
3559 175
3560 156
3561 183
3562 186
3563 190
3564 181
3565 166
3566 207
3567 176
3568 190
3569 163
3570 188
3571 199
3572 158
3573 189
3574 197
3575 202
3576 175
3577 172
3578 185
3579 185
3580 196
3581 170
3582 202
3583 205
3584 195
3585 164
3586 170
3587 187
3588 190
3589 187
3590 189
3591 184
3592 180
3593 194
3594 170
3595 177
3596 176
3597 192
3598 181
3599 191
3600 185
3601 158
3602 184
3603 210
3604 196
3605 174
3606 211
3607 176
3608 190
3609 180
3610 196
3611 179
3612 171
3613 190
3614 175
3615 183
3616 176
3617 171
3618 186
3619 195
3620 165
3621 177
3622 202
3623 178
3624 190
3625 179
3626 172
3627 165
3628 173
3629 191
3630 187
3631 178
3632 192
3633 163
3634 176
3635 179
3636 203
3637 162
3638 163
3639 161
3640 183
3641 159
3642 170
3643 147
3644 170
3645 159
3646 174
3647 187
3648 180
3649 164
3650 166
3651 189
3652 169
3653 180
3654 174
3655 172
3656 170
3657 150
3658 182
3659 166
3660 167
3661 160
3662 193
3663 181
3664 179
3665 176
3666 157
3667 148
3668 176
3669 177
3670 167
3671 150
3672 151
3673 163
3674 162
3675 192
3676 165
3677 183
3678 201
3679 165
3680 196
3681 193
3682 174
3683 201
3684 162
3685 181
3686 197
3687 184
3688 172
3689 186
3690 192
3691 175
3692 179
3693 167
3694 174
3695 170
3696 173
3697 166
3698 180
3699 167
3700 189
3701 164
3702 136
3703 157
3704 191
3705 158
3706 148
3707 167
3708 151
3709 164
3710 150
3711 195
3712 158
3713 164
3714 157
3715 190
3716 160
3717 175
3718 171
3719 173
3720 143
3721 177
3722 149
3723 168
3724 177
3725 149
3726 179
3727 179
3728 162
3729 156
3730 173
3731 163
3732 168
3733 150
3734 173
3735 176
3736 168
3737 170
3738 163
3739 155
3740 165
3741 171
3742 152
3743 170
3744 139
3745 155
3746 181
3747 167
3748 168
3749 171
3750 158
3751 172
3752 187
3753 155
3754 143
3755 155
3756 163
3757 191
3758 178
3759 172
3760 172
3761 164
3762 176
3763 176
3764 159
3765 159
3766 155
3767 176
3768 163
3769 164
3770 175
3771 150
3772 157
3773 144
3774 160
3775 163
3776 150
3777 153
3778 179
3779 160
3780 151
3781 176
3782 170
3783 159
3784 156
3785 177
3786 144
3787 164
3788 159
3789 170
3790 155
3791 171
3792 163
3793 186
3794 144
3795 148
3796 142
3797 135
3798 146
3799 167
3800 155
3801 157
3802 153
3803 161
3804 174
3805 159
3806 158
3807 191
3808 166
3809 176
3810 161
3811 163
3812 175
3813 152
3814 153
3815 129
3816 161
3817 165
3818 161
3819 165
3820 174
3821 147
3822 154
3823 178
3824 200
3825 144
3826 176
3827 184
3828 189
3829 151
3830 191
3831 155
3832 169
3833 145
3834 149
3835 167
3836 153
3837 160
3838 167
3839 139
3840 152
3841 139
3842 168
3843 141
3844 197
3845 159
3846 169
3847 160
3848 150
3849 139
3850 156
3851 168
3852 175
3853 165
3854 160
3855 168
3856 156
3857 177
3858 170
3859 170
3860 164
3861 151
3862 162
3863 182
3864 170
3865 155
3866 174
3867 169
3868 141
3869 162
3870 151
3871 168
3872 147
3873 168
3874 165
3875 155
3876 145
3877 171
3878 173
3879 140
3880 154
3881 141
3882 161
3883 167
3884 160
3885 159
3886 184
3887 166
3888 166
3889 154
3890 173
3891 165
3892 167
3893 163
3894 153
3895 136
3896 157
3897 166
3898 149
3899 146
3900 153
3901 164
3902 158
3903 158
3904 151
3905 146
3906 145
3907 153
3908 153
3909 171
3910 151
3911 158
3912 135
3913 170
3914 152
3915 173
3916 175
3917 154
3918 154
3919 173
3920 166
3921 158
3922 154
3923 154
3924 171
3925 168
3926 175
3927 164
3928 155
3929 145
3930 153
3931 148
3932 157
3933 173
3934 128
3935 148
3936 181
3937 157
3938 173
3939 152
3940 167
3941 178
3942 151
3943 149
3944 173
3945 163
3946 173
3947 153
3948 128
3949 121
3950 166
3951 149
3952 136
3953 184
3954 146
3955 162
3956 156
3957 141
3958 146
3959 173
3960 154
3961 148
3962 154
3963 138
3964 148
3965 162
3966 137
3967 165
3968 157
3969 157
3970 151
3971 156
3972 149
3973 143
3974 142
3975 166
3976 176
3977 147
3978 159
3979 146
3980 159
3981 158
3982 144
3983 154
3984 144
3985 173
3986 155
3987 133
3988 145
3989 159
3990 142
3991 130
3992 146
3993 142
3994 134
3995 134
3996 135
3997 124
3998 159
3999 133
4000 144
4001 145
4002 149
4003 162
4004 158
4005 147
4006 143
4007 139
4008 120
4009 142
4010 130
4011 133
4012 151
4013 134
4014 154
4015 129
4016 160
4017 141
4018 128
4019 132
4020 165
4021 136
4022 141
4023 124
4024 165
4025 153
4026 121
4027 138
4028 126
4029 157
4030 130
4031 162
4032 166
4033 157
4034 148
4035 144
4036 131
4037 145
4038 155
4039 144
4040 151
4041 147
4042 142
4043 131
4044 166
4045 133
4046 125
4047 140
4048 157
4049 157
4050 156
4051 147
4052 149
4053 169
4054 147
4055 159
4056 138
4057 144
4058 135
4059 138
4060 164
4061 152
4062 157
4063 155
4064 164
4065 131
4066 162
4067 144
4068 133
4069 166
4070 140
4071 132
4072 150
4073 130
4074 164
4075 166
4076 129
4077 144
4078 162
4079 166
4080 128
4081 144
4082 148
4083 145
4084 159
4085 129
4086 156
4087 156
4088 143
4089 130
4090 129
4091 148
4092 140
4093 155
4094 162
4095 141
4096 148
4097 156
4098 123
4099 134
4100 123
4101 132
4102 133
4103 138
4104 148
4105 146
4106 133
4107 154
4108 168
4109 141
4110 133
4111 165
4112 137
4113 143
4114 133
4115 130
4116 136
4117 147
4118 121
4119 142
4120 133
4121 146
4122 154
4123 148
4124 141
4125 162
4126 141
4127 111
4128 141
4129 133
4130 140
4131 127
4132 159
4133 141
4134 131
4135 158
4136 138
4137 151
4138 126
4139 162
4140 151
4141 128
4142 135
4143 136
4144 131
4145 147
4146 146
4147 110
4148 169
4149 153
4150 130
4151 143
4152 143
4153 140
4154 166
4155 150
4156 149
4157 161
4158 141
4159 147
4160 144
4161 142
4162 136
4163 129
4164 120
4165 125
4166 127
4167 143
4168 145
4169 134
4170 116
4171 135
4172 119
4173 115
4174 159
4175 124
4176 143
4177 154
4178 149
4179 113
4180 128
4181 130
4182 128
4183 131
4184 138
4185 141
4186 149
4187 121
4188 145
4189 134
4190 163
4191 138
4192 124
4193 137
4194 128
4195 136
4196 129
4197 121
4198 134
4199 155
4200 122
4201 129
4202 125
4203 164
4204 141
4205 146
4206 142
4207 134
4208 129
4209 126
4210 119
4211 143
4212 143
4213 129
4214 152
4215 138
4216 137
4217 135
4218 126
4219 141
4220 135
4221 128
4222 155
4223 131
4224 139
4225 139
4226 121
4227 121
4228 115
4229 128
4230 141
4231 125
4232 142
4233 130
4234 128
4235 113
4236 130
4237 140
4238 124
4239 123
4240 143
4241 122
4242 130
4243 117
4244 118
4245 137
4246 134
4247 118
4248 111
4249 110
4250 135
4251 114
4252 128
4253 111
4254 125
4255 121
4256 133
4257 128
4258 113
4259 151
4260 125
4261 134
4262 134
4263 144
4264 128
4265 117
4266 117
4267 129
4268 127
4269 124
4270 152
4271 124
4272 125
4273 124
4274 119
4275 124
4276 116
4277 115
4278 115
4279 133
4280 143
4281 130
4282 126
4283 115
4284 113
4285 122
4286 129
4287 112
4288 103
4289 145
4290 117
4291 114
4292 109
4293 118
4294 132
4295 135
4296 129
4297 110
4298 124
4299 127
4300 127
4301 132
4302 139
4303 148
4304 144
4305 127
4306 129
4307 150
4308 129
4309 125
4310 125
4311 123
4312 124
4313 111
4314 134
4315 88
4316 108
4317 115
4318 142
4319 140
4320 122
4321 129
4322 109
4323 140
4324 106
4325 105
4326 115
4327 129
4328 114
4329 125
4330 155
4331 115
4332 118
4333 131
4334 123
4335 131
4336 117
4337 128
4338 139
4339 115
4340 134
4341 120
4342 143
4343 148
4344 116
4345 115
4346 118
4347 106
4348 107
4349 117
4350 125
4351 131
4352 121
4353 123
4354 112
4355 116
4356 113
4357 126
4358 144
4359 119
4360 147
4361 132
4362 133
4363 142
4364 107
4365 137
4366 139
4367 122
4368 131
4369 119
4370 141
4371 114
4372 105
4373 115
4374 132
4375 144
4376 111
4377 127
4378 121
4379 125
4380 148
4381 130
4382 100
4383 118
4384 114
4385 129
4386 114
4387 103
4388 120
4389 117
4390 122
4391 109
4392 128
4393 135
4394 128
4395 111
4396 136
4397 122
4398 104
4399 125
4400 130
4401 123
4402 122
4403 112
4404 130
4405 109
4406 110
4407 134
4408 115
4409 143
4410 123
4411 107
4412 106
4413 107
4414 130
4415 128
4416 117
4417 127
4418 132
4419 136
4420 111
4421 132
4422 132
4423 134
4424 111
4425 145
4426 116
4427 127
4428 118
4429 127
4430 93
4431 106
4432 113
4433 123
4434 121
4435 108
4436 133
4437 105
4438 116
4439 113
4440 126
4441 132
4442 110
4443 141
4444 129
4445 116
4446 109
4447 121
4448 122
4449 118
4450 117
4451 123
4452 118
4453 106
4454 126
4455 124
4456 121
4457 117
4458 112
4459 109
4460 122
4461 114
4462 125
4463 102
4464 127
4465 111
4466 137
4467 108
4468 104
4469 102
4470 101
4471 142
4472 127
4473 123
4474 108
4475 112
4476 121
4477 122
4478 137
4479 130
4480 99
4481 144
4482 120
4483 97
4484 122
4485 114
4486 111
4487 117
4488 110
4489 109
4490 95
4491 111
4492 121
4493 109
4494 112
4495 109
4496 135
4497 115
4498 134
4499 105
4500 106
4501 110
4502 112
4503 122
4504 131
4505 118
4506 118
4507 119
4508 97
4509 122
4510 112
4511 102
4512 115
4513 112
4514 130
4515 103
4516 112
4517 106
4518 101
4519 107
4520 102
4521 129
4522 109
4523 123
4524 127
4525 103
4526 122
4527 126
4528 103
4529 131
4530 125
4531 122
4532 106
4533 112
4534 94
4535 132
4536 103
4537 122
4538 115
4539 130
4540 115
4541 108
4542 107
4543 120
4544 104
4545 130
4546 117
4547 104
4548 121
4549 122
4550 119
4551 111
4552 118
4553 121
4554 104
4555 108
4556 115
4557 112
4558 105
4559 109
4560 117
4561 118
4562 113
4563 106
4564 115
4565 97
4566 116
4567 108
4568 118
4569 119
4570 133
4571 133
4572 124
4573 116
4574 100
4575 121
4576 124
4577 124
4578 81
4579 110
4580 111
4581 112
4582 102
4583 115
4584 113
4585 127
4586 117
4587 113
4588 111
4589 100
4590 95
4591 128
4592 101
4593 104
4594 147
4595 104
4596 118
4597 109
4598 117
4599 112
4600 103
4601 104
4602 99
4603 106
4604 97
4605 120
4606 114
4607 115
4608 128
4609 120
4610 132
4611 126
4612 127
4613 112
4614 127
4615 120
4616 121
4617 122
4618 118
4619 94
4620 120
4621 104
4622 106
4623 108
4624 81
4625 114
4626 107
4627 139
4628 106
4629 95
4630 101
4631 91
4632 107
4633 151
4634 108
4635 117
4636 120
4637 100
4638 111
4639 111
4640 133
4641 93
4642 103
4643 99
4644 105
4645 128
4646 85
4647 135
4648 94
4649 97
4650 111
4651 100
4652 100
4653 115
4654 102
4655 95
4656 118
4657 97
4658 104
4659 105
4660 105
4661 111
4662 110
4663 103
4664 104
4665 105
4666 104
4667 99
4668 105
4669 115
4670 104
4671 118
4672 119
4673 95
4674 125
4675 88
4676 88
4677 83
4678 104
4679 85
4680 103
4681 96
4682 106
4683 93
4684 113
4685 99
4686 105
4687 108
4688 94
4689 93
4690 111
4691 106
4692 110
4693 94
4694 101
4695 94
4696 105
4697 119
4698 100
4699 103
4700 105
4701 102
4702 110
4703 100
4704 94
4705 106
4706 110
4707 107
4708 93
4709 100
4710 103
4711 90
4712 94
4713 98
4714 99
4715 102
4716 106
4717 112
4718 105
4719 111
4720 93
4721 98
4722 97
4723 108
4724 106
4725 106
4726 107
4727 103
4728 105
4729 100
4730 116
4731 129
4732 106
4733 93
4734 100
4735 119
4736 96
4737 95
4738 113
4739 107
4740 122
4741 103
4742 104
4743 100
4744 88
4745 108
4746 108
4747 100
4748 80
4749 98
4750 95
4751 102
4752 86
4753 94
4754 115
4755 103
4756 109
4757 119
4758 113
4759 96
4760 102
4761 106
4762 108
4763 91
4764 102
4765 96
4766 102
4767 116
4768 104
4769 107
4770 91
4771 110
4772 96
4773 122
4774 118
4775 105
4776 87
4777 111
4778 106
4779 99
4780 107
4781 112
4782 95
4783 97
4784 96
4785 101
4786 113
4787 94
4788 107
4789 97
4790 97
4791 105
4792 111
4793 105
4794 102
4795 95
4796 106
4797 90
4798 96
4799 110
4800 89
4801 103
4802 101
4803 92
4804 114
4805 103
4806 117
4807 107
4808 111
4809 107
4810 89
4811 103
4812 96
4813 99
4814 91
4815 112
4816 97
4817 121
4818 115
4819 87
4820 86
4821 107
4822 96
4823 111
4824 84
4825 99
4826 98
4827 102
4828 88
4829 99
4830 99
4831 112
4832 92
4833 86
4834 113
4835 110
4836 89
4837 84
4838 96
4839 91
4840 122
4841 87
4842 127
4843 103
4844 99
4845 109
4846 91
4847 95
4848 99
4849 101
4850 91
4851 113
4852 119
4853 98
4854 111
4855 87
4856 94
4857 102
4858 83
4859 110
4860 106
4861 100
4862 113
4863 82
4864 91
4865 102
4866 85
4867 93
4868 100
4869 99
4870 88
4871 95
4872 86
4873 86
4874 107
4875 92
4876 95
4877 91
4878 110
4879 93
4880 111
4881 104
4882 99
4883 81
4884 92
4885 96
4886 94
4887 100
4888 108
4889 89
4890 98
4891 84
4892 95
4893 99
4894 97
4895 90
4896 91
4897 94
4898 93
4899 119
4900 102
4901 79
4902 99
4903 95
4904 90
4905 98
4906 84
4907 89
4908 105
4909 92
4910 90
4911 88
4912 97
4913 91
4914 102
4915 92
4916 89
4917 104
4918 97
4919 84
4920 107
4921 96
4922 100
4923 133
4924 104
4925 99
4926 82
4927 103
4928 90
4929 101
4930 93
4931 82
4932 97
4933 94
4934 97
4935 90
4936 97
4937 90
4938 95
4939 68
4940 82
4941 90
4942 78
4943 98
4944 81
4945 89
4946 96
4947 75
4948 98
4949 119
4950 93
4951 89
4952 96
4953 112
4954 119
4955 92
4956 95
4957 95
4958 103
4959 106
4960 91
4961 89
4962 91
4963 97
4964 98
4965 98
4966 94
4967 96
4968 86
4969 103
4970 68
4971 83
4972 106
4973 101
4974 71
4975 103
4976 88
4977 82
4978 82
4979 93
4980 90
4981 92
4982 89
4983 87
4984 100
4985 84
4986 87
4987 94
4988 91
4989 92
4990 99
4991 86
4992 116
4993 76
4994 97
4995 92
4996 83
4997 100
4998 108
4999 84
5000 93
5001 75
5002 113
5003 77
5004 87
5005 90
5006 99
5007 84
5008 89
5009 75
5010 96
5011 98
5012 87
5013 87
5014 88
5015 92
5016 87
5017 95
5018 102
5019 95
5020 107
5021 90
5022 84
5023 89
5024 112
5025 83
5026 83
5027 94
5028 101
5029 85
5030 93
5031 103
5032 91
5033 104
5034 91
5035 102
5036 97
5037 83
5038 94
5039 88
5040 94
5041 92
5042 99
5043 88
5044 89
5045 90
5046 87
5047 88
5048 94
5049 89
5050 105
5051 105
5052 102
5053 81
5054 89
5055 84
5056 91
5057 92
5058 100
5059 85
5060 84
5061 104
5062 90
5063 90
5064 86
5065 87
5066 100
5067 85
5068 93
5069 90
5070 89
5071 92
5072 105
5073 78
5074 96
5075 93
5076 88
5077 81
5078 79
5079 100
5080 88
5081 76
5082 88
5083 68
5084 79
5085 76
5086 83
5087 90
5088 85
5089 95
5090 80
5091 100
5092 88
5093 91
5094 76
5095 79
5096 74
5097 106
5098 101
5099 76
5100 93
5101 86
5102 119
5103 95
5104 96
5105 80
5106 92
5107 86
5108 84
5109 87
5110 87
5111 86
5112 84
5113 96
5114 81
5115 81
5116 93
5117 85
5118 95
5119 94
5120 84
5121 83
5122 97
5123 78
5124 91
5125 87
5126 96
5127 89
5128 80
5129 82
5130 96
5131 68
5132 74
5133 110
5134 98
5135 90
5136 69
5137 73
5138 97
5139 92
5140 89
5141 96
5142 95
5143 85
5144 83
5145 80
5146 78
5147 89
5148 83
5149 84
5150 76
5151 98
5152 98
5153 89
5154 88
5155 89
5156 82
5157 92
5158 102
5159 97
5160 84
5161 98
5162 96
5163 71
5164 94
5165 85
5166 86
5167 80
5168 83
5169 79
5170 101
5171 95
5172 74
5173 79
5174 84
5175 97
5176 81
5177 84
5178 67
5179 73
5180 79
5181 87
5182 99
5183 96
5184 65
5185 79
5186 97
5187 78
5188 81
5189 88
5190 80
5191 102
5192 95
5193 89
5194 88
5195 86
5196 93
5197 78
5198 83
5199 91
5200 69
5201 72
5202 88
5203 94
5204 94
5205 72
5206 77
5207 81
5208 69
5209 87
5210 85
5211 76
5212 76
5213 71
5214 103
5215 79
5216 103
5217 100
5218 86
5219 90
5220 77
5221 58
5222 71
5223 101
5224 83
5225 80
5226 105
5227 85
5228 75
5229 76
5230 85
5231 82
5232 92
5233 85
5234 74
5235 77
5236 77
5237 85
5238 91
5239 71
5240 80
5241 85
5242 89
5243 82
5244 95
5245 81
5246 80
5247 82
5248 77
5249 86
5250 91
5251 99
5252 104
5253 91
5254 86
5255 75
5256 79
5257 88
5258 84
5259 101
5260 94
5261 76
5262 69
5263 80
5264 57
5265 84
5266 97
5267 79
5268 82
5269 74
5270 88
5271 80
5272 79
5273 82
5274 103
5275 84
5276 90
5277 76
5278 95
5279 88
5280 77
5281 102
5282 74
5283 80
5284 72
5285 67
5286 56
5287 77
5288 86
5289 82
5290 79
5291 73
5292 80
5293 92
5294 89
5295 88
5296 78
5297 95
5298 82
5299 82
5300 75
5301 62
5302 90
5303 88
5304 76
5305 68
5306 74
5307 86
5308 82
5309 77
5310 89
5311 93
5312 84
5313 86
5314 73
5315 85
5316 87
5317 99
5318 89
5319 80
5320 94
5321 92
5322 107
5323 98
5324 86
5325 108
5326 93
5327 78
5328 79
5329 89
5330 78
5331 90
5332 88
5333 98
5334 99
5335 74
5336 86
5337 82
5338 91
5339 72
5340 91
5341 96
5342 68
5343 90
5344 82
5345 82
5346 89
5347 78
5348 82
5349 89
5350 83
5351 96
5352 75
5353 72
5354 99
5355 100
5356 86
5357 91
5358 63
5359 94
5360 86
5361 81
5362 76
5363 84
5364 97
5365 87
5366 93
5367 82
5368 62
5369 83
5370 101
5371 91
5372 82
5373 87
5374 96
5375 87
5376 94
5377 75
5378 73
5379 84
5380 87
5381 75
5382 100
5383 96
5384 100
5385 93
5386 73
5387 108
5388 72
5389 81
5390 90
5391 85
5392 73
5393 89
5394 89
5395 92
5396 76
5397 76
5398 87
5399 72
5400 81
5401 88
5402 85
5403 95
5404 95
5405 92
5406 81
5407 83
5408 75
5409 81
5410 59
5411 84
5412 78
5413 80
5414 100
5415 85
5416 91
5417 106
5418 87
5419 81
5420 79
5421 97
5422 90
5423 99
5424 77
5425 84
5426 87
5427 93
5428 107
5429 80
5430 85
5431 95
5432 77
5433 87
5434 89
5435 66
5436 81
5437 73
5438 96
5439 98
5440 74
5441 70
5442 90
5443 88
5444 91
5445 96
5446 76
5447 94
5448 92
5449 99
5450 97
5451 98
5452 81
5453 84
5454 98
5455 70
5456 81
5457 86
5458 88
5459 73
5460 88
5461 86
5462 106
5463 84
5464 82
5465 81
5466 91
5467 98
5468 87
5469 101
5470 75
5471 79
5472 78
5473 86
5474 83
5475 93
5476 94
5477 85
5478 75
5479 75
5480 64
5481 89
5482 88
5483 96
5484 80
5485 94
5486 95
5487 69
5488 86
5489 69
5490 87
5491 81
5492 63
5493 92
5494 77
5495 76
5496 89
5497 84
5498 90
5499 77
5500 88
5501 78
5502 82
5503 92
5504 91
5505 77
5506 80
5507 80
5508 77
5509 89
5510 81
5511 85
5512 96
5513 107
5514 76
5515 70
5516 87
5517 85
5518 68
5519 81
5520 72
5521 82
5522 83
5523 81
5524 85
5525 98
5526 85
5527 88
5528 84
5529 96
5530 59
5531 77
5532 105
5533 97
5534 76
5535 89
5536 84
5537 76
5538 87
5539 87
5540 76
5541 88
5542 85
5543 89
5544 90
5545 111
5546 99
5547 98
5548 92
5549 95
5550 74
5551 72
5552 90
5553 105
5554 99
5555 84
5556 96
5557 85
5558 91
5559 93
5560 91
5561 82
5562 86
5563 95
5564 96
5565 78
5566 90
5567 99
5568 100
5569 78
5570 94
5571 85
5572 83
5573 88
5574 91
5575 76
5576 91
5577 69
5578 81
5579 89
5580 81
5581 87
5582 102
5583 75
5584 85
5585 86
5586 76
5587 83
5588 81
5589 100
5590 86
5591 99
5592 85
5593 73
5594 96
5595 84
5596 76
5597 90
5598 70
5599 90
5600 85
5601 92
5602 98
5603 85
5604 84
5605 94
5606 82
5607 90
5608 100
5609 97
5610 78
5611 97
5612 79
5613 94
5614 83
5615 85
5616 83
5617 79
5618 79
5619 85
5620 87
5621 83
5622 93
5623 93
5624 101
5625 93
5626 87
5627 88
5628 79
5629 91
5630 80
5631 85
5632 93
5633 75
5634 101
5635 84
5636 71
5637 94
5638 87
5639 83
5640 91
5641 88
5642 97
5643 88
5644 101
5645 82
5646 93
5647 73
5648 97
5649 95
5650 80
5651 96
5652 87
5653 84
5654 96
5655 86
5656 71
5657 84
5658 84
5659 79
5660 82
5661 89
5662 94
5663 85
5664 94
5665 90
5666 89
5667 88
5668 98
5669 90
5670 96
5671 72
5672 75
5673 93
5674 95
5675 97
5676 87
5677 81
5678 87
5679 81
5680 86
5681 99
5682 93
5683 94
5684 95
5685 78
5686 89
5687 81
5688 78
5689 91
5690 103
5691 87
5692 87
5693 71
5694 76
5695 86
5696 95
5697 86
5698 89
5699 93
5700 69
5701 89
5702 76
5703 78
5704 83
5705 79
5706 82
5707 101
5708 111
5709 92
5710 102
5711 85
5712 89
5713 100
5714 87
5715 89
5716 82
5717 107
5718 98
5719 86
5720 87
5721 97
5722 94
5723 85
5724 95
5725 88
5726 91
5727 77
5728 83
5729 90
5730 84
5731 88
5732 96
5733 97
5734 101
5735 101
5736 101
5737 92
5738 108
5739 92
5740 88
5741 85
5742 83
5743 83
5744 98
5745 95
5746 100
5747 82
5748 94
5749 90
5750 89
5751 94
5752 83
5753 96
5754 114
5755 78
5756 86
5757 98
5758 105
5759 88
5760 82
5761 81
5762 115
5763 107
5764 92
5765 93
5766 105
5767 106
5768 83
5769 74
5770 117
5771 102
5772 106
5773 97
5774 98
5775 82
5776 99
5777 101
5778 104
5779 94
5780 103
5781 94
5782 89
5783 91
5784 94
5785 94
5786 104
5787 70
5788 92
5789 105
5790 105
5791 96
5792 75
5793 84
5794 103
5795 97
5796 104
5797 105
5798 91
5799 106
5800 82
5801 97
5802 93
5803 79
5804 88
5805 95
5806 87
5807 83
5808 91
5809 82
5810 87
5811 85
5812 103
5813 93
5814 106
5815 88
5816 106
5817 87
5818 92
5819 108
5820 102
5821 98
5822 119
5823 92
5824 105
5825 101
5826 93
5827 88
5828 86
5829 92
5830 90
5831 105
5832 100
5833 88
5834 109
5835 87
5836 100
5837 101
5838 92
5839 101
5840 92
5841 100
5842 93
5843 95
5844 106
5845 91
5846 78
5847 114
5848 90
5849 97
5850 88
5851 83
5852 100
5853 87
5854 111
5855 101
5856 100
5857 113
5858 90
5859 115
5860 105
5861 100
5862 108
5863 106
5864 107
5865 112
5866 92
5867 95
5868 106
5869 94
5870 94
5871 105
5872 98
5873 87
5874 99
5875 102
5876 111
5877 87
5878 113
5879 101
5880 94
5881 97
5882 87
5883 110
5884 106
5885 98
5886 104
5887 98
5888 90
5889 77
5890 101
5891 98
5892 107
5893 115
5894 90
5895 106
5896 113
5897 93
5898 100
5899 87
5900 115
5901 86
5902 113
5903 101
5904 93
5905 127
5906 108
5907 100
5908 103
5909 102
5910 97
5911 109
5912 101
5913 124
5914 105
5915 117
5916 115
5917 117
5918 109
5919 118
5920 113
5921 111
5922 102
5923 94
5924 105
5925 100
5926 97
5927 100
5928 100
5929 113
5930 121
5931 105
5932 111
5933 120
5934 105
5935 95
5936 114
5937 116
5938 117
5939 99
5940 98
5941 103
5942 99
5943 94
5944 123
5945 97
5946 122
5947 102
5948 120
5949 122
5950 113
5951 117
5952 116
5953 113
5954 120
5955 96
5956 115
5957 96
5958 115
5959 101
5960 124
5961 106
5962 121
5963 115
5964 104
5965 111
5966 117
5967 97
5968 129
5969 115
5970 106
5971 128
5972 96
5973 121
5974 97
5975 130
5976 131
5977 109
5978 138
5979 113
5980 99
5981 131
5982 118
5983 132
5984 122
5985 117
5986 117
5987 133
5988 114
5989 129
5990 117
5991 114
5992 116
5993 124
5994 108
5995 105
5996 150
5997 119
5998 108
5999 141
6000 128
6001 147
6002 126
6003 105
6004 116
6005 112
6006 110
6007 117
6008 131
6009 119
6010 121
6011 118
6012 124
6013 132
6014 116
6015 117
6016 123
6017 112
6018 147
6019 115
6020 121
6021 135
6022 107
6023 121
6024 115
6025 114
6026 106
6027 111
6028 117
6029 113
6030 114
6031 139
6032 129
6033 121
6034 118
6035 137
6036 124
6037 123
6038 139
6039 112
6040 115
6041 128
6042 127
6043 129
6044 117
6045 112
6046 138
6047 123
6048 128
6049 124
6050 119
6051 129
6052 127
6053 131
6054 140
6055 141
6056 140
6057 144
6058 110
6059 120
6060 113
6061 131
6062 135
6063 150
6064 107
6065 134
6066 114
6067 126
6068 156
6069 113
6070 113
6071 123
6072 116
6073 99
6074 95
6075 139
6076 135
6077 114
6078 120
6079 118
6080 108
6081 128
6082 131
6083 129
6084 126
6085 128
6086 126
6087 133
6088 122
6089 136
6090 138
6091 113
6092 135
6093 106
6094 141
6095 134
6096 120
6097 117
6098 102
6099 134
6100 118
6101 132
6102 131
6103 117
6104 146
6105 121
6106 127
6107 135
6108 109
6109 135
6110 125
6111 117
6112 130
6113 123
6114 102
6115 119
6116 129
6117 123
6118 141
6119 118
6120 126
6121 114
6122 99
6123 137
6124 115
6125 107
6126 134
6127 134
6128 130
6129 109
6130 111
6131 132
6132 127
6133 122
6134 119
6135 120
6136 126
6137 117
6138 132
6139 103
6140 145
6141 136
6142 114
6143 119
6144 121
6145 140
6146 125
6147 113
6148 106
6149 143
6150 121
6151 134
6152 104
6153 106
6154 148
6155 121
6156 129
6157 151
6158 111
6159 123
6160 134
6161 130
6162 131
6163 122
6164 115
6165 135
6166 123
6167 128
6168 156
6169 124
6170 120
6171 150
6172 132
6173 131
6174 138
6175 129
6176 135
6177 126
6178 137
6179 131
6180 143
6181 154
6182 117
6183 112
6184 122
6185 133
6186 124
6187 146
6188 143
6189 121
6190 143
6191 121
6192 120
6193 145
6194 131
6195 131
6196 149
6197 140
6198 135
6199 152
6200 142
6201 128
6202 120
6203 134
6204 140
6205 157
6206 157
6207 144
6208 151
6209 132
6210 146
6211 134
6212 149
6213 149
6214 134
6215 150
6216 140
6217 134
6218 147
6219 161
6220 140
6221 172
6222 146
6223 141
6224 135
6225 166
6226 144
6227 123
6228 159
6229 152
6230 159
6231 154
6232 141
6233 156
6234 167
6235 133
6236 131
6237 136
6238 161
6239 143
6240 136
6241 138
6242 129
6243 145
6244 130
6245 136
6246 128
6247 127
6248 146
6249 143
6250 145
6251 124
6252 145
6253 139
6254 130
6255 142
6256 134
6257 135
6258 130
6259 114
6260 148
6261 144
6262 160
6263 141
6264 153
6265 128
6266 156
6267 121
6268 137
6269 144
6270 149
6271 120
6272 168
6273 147
6274 123
6275 131
6276 155
6277 172
6278 142
6279 145
6280 134
6281 142
6282 155
6283 160
6284 133
6285 147
6286 137
6287 118
6288 124
6289 169
6290 130
6291 133
6292 146
6293 133
6294 129
6295 135
6296 140
6297 131
6298 130
6299 158
6300 137
6301 139
6302 138
6303 141
6304 153
6305 162
6306 122
6307 122
6308 147
6309 138
6310 161
6311 167
6312 145
6313 162
6314 138
6315 145
6316 139
6317 171
6318 127
6319 145
6320 141
6321 150
6322 127
6323 143
6324 141
6325 130
6326 147
6327 148
6328 135
6329 149
6330 171
6331 142
6332 158
6333 149
6334 137
6335 132
6336 138
6337 160
6338 132
6339 150
6340 125
6341 136
6342 127
6343 132
6344 143
6345 134
6346 152
6347 144
6348 142
6349 131
6350 149
6351 165
6352 158
6353 151
6354 129
6355 127
6356 146
6357 148
6358 120
6359 133
6360 120
6361 140
6362 119
6363 142
6364 146
6365 133
6366 131
6367 141
6368 135
6369 149
6370 161
6371 157
6372 136
6373 143
6374 125
6375 137
6376 165
6377 144
6378 140
6379 157
6380 143
6381 131
6382 144
6383 151
6384 152
6385 138
6386 142
6387 146
6388 135
6389 138
6390 133
6391 144
6392 155
6393 164
6394 130
6395 151
6396 126
6397 134
6398 155
6399 143
6400 133
6401 135
6402 170
6403 150
6404 138
6405 131
6406 145
6407 140
6408 157
6409 140
6410 129
6411 119
6412 131
6413 143
6414 142
6415 131
6416 127
6417 129
6418 125
6419 138
6420 133
6421 145
6422 148
6423 134
6424 135
6425 120
6426 150
6427 125
6428 125
6429 151
6430 153
6431 130
6432 139
6433 146
6434 142
6435 164
6436 116
6437 148
6438 137
6439 148
6440 123
6441 138
6442 135
6443 122
6444 142
6445 120
6446 141
6447 141
6448 143
6449 122
6450 119
6451 129
6452 147
6453 128
6454 138
6455 113
6456 144
6457 117
6458 137
6459 124
6460 134
6461 146
6462 155
6463 128
6464 147
6465 142
6466 138
6467 136
6468 133
6469 145
6470 152
6471 142
6472 158
6473 128
6474 129
6475 126
6476 150
6477 135
6478 157
6479 132
6480 133
6481 115
6482 115
6483 140
6484 136
6485 132
6486 123
6487 120
6488 125
6489 129
6490 149
6491 134
6492 140
6493 146
6494 127
6495 127
6496 118
6497 130
6498 131
6499 144
6500 129
6501 152
6502 133
6503 121
6504 146
6505 136
6506 134
6507 132
6508 117
6509 129
6510 156
6511 123
6512 141
6513 124
6514 141
6515 124
6516 138
6517 151
6518 152
6519 147
6520 118
6521 120
6522 146
6523 115
6524 141
6525 128
6526 137
6527 129
6528 145
6529 138
6530 160
6531 134
6532 116
6533 153
6534 145
6535 163
6536 134
6537 138
6538 137
6539 145
6540 131
6541 146
6542 128
6543 143
6544 143
6545 149
6546 118
6547 132
6548 129
6549 143
6550 138
6551 139
6552 139
6553 140
6554 136
6555 149
6556 126
6557 143
6558 138
6559 144
6560 149
6561 145
6562 131
6563 154
6564 143
6565 145
6566 141
6567 140
6568 147
6569 128
6570 137
6571 146
6572 133
6573 117
6574 138
6575 123
6576 130
6577 123
6578 135
6579 106
6580 136
6581 152
6582 122
6583 124
6584 137
6585 135
6586 134
6587 123
6588 103
6589 143
6590 110
6591 143
6592 125
6593 118
6594 127
6595 115
6596 124
6597 136
6598 147
6599 120
6600 120
6601 131
6602 120
6603 126
6604 107
6605 127
6606 128
6607 145
6608 111
6609 124
6610 115
6611 117
6612 133
6613 140
6614 114
6615 148
6616 136
6617 135
6618 148
6619 133
6620 125
6621 114
6622 130
6623 134
6624 126
6625 133
6626 115
6627 132
6628 143
6629 107
6630 127
6631 126
6632 138
6633 135
6634 143
6635 143
6636 127
6637 124
6638 123
6639 130
6640 125
6641 126
6642 125
6643 123
6644 122
6645 134
6646 129
6647 115
6648 119
6649 129
6650 147
6651 122
6652 110
6653 124
6654 112
6655 128
6656 131
6657 125
6658 131
6659 132
6660 124
6661 139
6662 123
6663 120
6664 135
6665 121
6666 133
6667 133
6668 119
6669 111
6670 131
6671 127
6672 116
6673 134
6674 107
6675 130
6676 112
6677 127
6678 112
6679 123
6680 133
6681 122
6682 127
6683 123
6684 106
6685 107
6686 127
6687 119
6688 129
6689 131
6690 98
6691 139
6692 112
6693 105
6694 146
6695 138
6696 130
6697 129
6698 126
6699 113
6700 128
6701 124
6702 119
6703 107
6704 111
6705 123
6706 121
6707 102
6708 88
6709 112
6710 108
6711 128
6712 103
6713 113
6714 116
6715 108
6716 124
6717 124
6718 119
6719 129
6720 136
6721 102
6722 128
6723 124
6724 115
6725 99
6726 124
6727 129
6728 93
6729 127
6730 122
6731 106
6732 124
6733 126
6734 112
6735 100
6736 119
6737 111
6738 117
6739 123
6740 108
6741 108
6742 123
6743 111
6744 116
6745 122
6746 100
6747 94
6748 124
6749 113
6750 126
6751 107
6752 114
6753 108
6754 102
6755 108
6756 109
6757 96
6758 117
6759 129
6760 121
6761 105
6762 92
6763 129
6764 97
6765 113
6766 89
6767 126
6768 99
6769 82
6770 105
6771 107
6772 95
6773 110
6774 109
6775 123
6776 122
6777 100
6778 131
6779 99
6780 104
6781 102
6782 74
6783 109
6784 121
6785 110
6786 109
6787 102
6788 107
6789 102
6790 130
6791 111
6792 91
6793 115
6794 113
6795 101
6796 122
6797 97
6798 101
6799 87
6800 101
6801 104
6802 105
6803 90
6804 104
6805 85
6806 88
6807 96
6808 106
6809 123
6810 110
6811 80
6812 80
6813 109
6814 105
6815 105
6816 111
6817 103
6818 103
6819 84
6820 88
6821 104
6822 93
6823 91
6824 81
6825 87
6826 101
6827 81
6828 103
6829 110
6830 91
6831 95
6832 89
6833 113
6834 107
6835 86
6836 112
6837 97
6838 87
6839 100
6840 95
6841 89
6842 90
6843 92
6844 90
6845 99
6846 88
6847 103
6848 81
6849 89
6850 102
6851 84
6852 112
6853 92
6854 75
6855 85
6856 99
6857 89
6858 94
6859 77
6860 94
6861 75
6862 89
6863 90
6864 86
6865 88
6866 79
6867 75
6868 79
6869 73
6870 103
6871 79
6872 79
6873 78
6874 95
6875 72
6876 89
6877 82
6878 96
6879 101
6880 91
6881 86
6882 78
6883 76
6884 91
6885 89
6886 87
6887 82
6888 86
6889 73
6890 84
6891 87
6892 87
6893 97
6894 99
6895 87
6896 91
6897 86
6898 77
6899 77
6900 86
6901 57
6902 91
6903 72
6904 87
6905 69
6906 84
6907 90
6908 74
6909 88
6910 96
6911 88
6912 85
6913 90
6914 93
6915 68
6916 76
6917 80
6918 72
6919 62
6920 83
6921 71
6922 81
6923 76
6924 74
6925 78
6926 66
6927 77
6928 77
6929 78
6930 70
6931 73
6932 86
6933 71
6934 75
6935 72
6936 68
6937 75
6938 92
6939 74
6940 90
6941 71
6942 78
6943 76
6944 75
6945 92
6946 61
6947 67
6948 58
6949 71
6950 87
6951 80
6952 73
6953 69
6954 82
6955 79
6956 83
6957 75
6958 82
6959 82
6960 87
6961 90
6962 68
6963 72
6964 75
6965 77
6966 84
6967 72
6968 80
6969 84
6970 73
6971 74
6972 68
6973 88
6974 83
6975 67
6976 67
6977 69
6978 99
6979 82
6980 79
6981 78
6982 80
6983 77
6984 61
6985 87
6986 74
6987 79
6988 71
6989 86
6990 85
6991 72
6992 73
6993 79
6994 86
6995 77
6996 52
6997 80
6998 76
6999 71
7000 75
7001 77
7002 78
7003 72
7004 70
7005 81
7006 70
7007 65
7008 72
7009 73
7010 87
7011 70
7012 56
7013 64
7014 78
7015 81
7016 82
7017 67
7018 67
7019 79
7020 59
7021 81
7022 76
7023 69
7024 91
7025 69
7026 66
7027 69
7028 69
7029 68
7030 64
7031 70
7032 64
7033 64
7034 73
7035 77
7036 63
7037 66
7038 69
7039 65
7040 52
7041 55
7042 59
7043 67
7044 65
7045 70
7046 70
7047 76
7048 64
7049 55
7050 71
7051 78
7052 74
7053 67
7054 66
7055 67
7056 62
7057 58
7058 74
7059 79
7060 65
7061 49
7062 52
7063 59
7064 57
7065 67
7066 58
7067 56
7068 53
7069 59
7070 52
7071 65
7072 82
7073 50
7074 74
7075 59
7076 71
7077 62
7078 58
7079 64
7080 62
7081 64
7082 59
7083 60
7084 57
7085 60
7086 69
7087 58
7088 66
7089 52
7090 64
7091 45
7092 47
7093 71
7094 57
7095 47
7096 68
7097 50
7098 64
7099 63
7100 54
7101 63
7102 69
7103 56
7104 59
7105 51
7106 46
7107 63
7108 59
7109 55
7110 51
7111 46
7112 54
7113 73
7114 68
7115 65
7116 63
7117 65
7118 49
7119 60
7120 51
7121 41
7122 50
7123 52
7124 59
7125 56
7126 47
7127 56
7128 54
7129 51
7130 58
7131 50
7132 53
7133 51
7134 64
7135 43
7136 53
7137 54
7138 48
7139 69
7140 68
7141 67
7142 47
7143 64
7144 47
7145 61
7146 53
7147 46
7148 50
7149 63
7150 58
7151 66
7152 52
7153 70
7154 74
7155 50
7156 61
7157 60
7158 69
7159 67
7160 59
7161 53
7162 51
7163 58
7164 60
7165 69
7166 55
7167 53
7168 58
7169 69
7170 42
7171 40
7172 58
7173 59
7174 46
7175 48
7176 53
7177 50
7178 67
7179 43
7180 51
7181 48
7182 65
7183 57
7184 55
7185 53
7186 66
7187 57
7188 59
7189 49
7190 66
7191 49
7192 56
7193 50
7194 69
7195 52
7196 49
7197 54
7198 56
7199 37
7200 54
7201 62
7202 53
7203 46
7204 46
7205 59
7206 50
7207 48
7208 63
7209 53
7210 48
7211 48
7212 59
7213 53
7214 47
7215 48
7216 52
7217 43
7218 65
7219 61
7220 53
7221 54
7222 49
7223 50
7224 59
7225 45
7226 46
7227 38
7228 66
7229 53
7230 58
7231 39
7232 44
7233 49
7234 42
7235 51
7236 42
7237 36
7238 56
7239 44
7240 56
7241 43
7242 52
7243 54
7244 55
7245 49
7246 57
7247 52
7248 60
7249 47
7250 44
7251 46
7252 53
7253 40
7254 51
7255 58
7256 52
7257 49
7258 50
7259 42
7260 55
7261 50
7262 42
7263 44
7264 57
7265 34
7266 48
7267 50
7268 55
7269 62
7270 45
7271 39
7272 47
7273 55
7274 46
7275 42
7276 45
7277 43
7278 52
7279 51
7280 54
7281 54
7282 60
7283 49
7284 41
7285 42
7286 42
7287 44
7288 56
7289 43
7290 56
7291 49
7292 64
7293 45
7294 41
7295 51
7296 59
7297 52
7298 63
7299 49
7300 43
7301 47
7302 47
7303 51
7304 53
7305 46
7306 53
7307 36
7308 49
7309 37
7310 46
7311 57
7312 55
7313 49
7314 39
7315 54
7316 42
7317 46
7318 64
7319 47
7320 49
7321 47
7322 63
7323 56
7324 47
7325 45
7326 40
7327 46
7328 49
7329 49
7330 58
7331 50
7332 41
7333 66
7334 59
7335 53
7336 56
7337 59
7338 57
7339 53
7340 50
7341 56
7342 38
7343 42
7344 34
7345 51
7346 46
7347 53
7348 52
7349 47
7350 44
7351 43
7352 43
7353 52
7354 54
7355 53
7356 36
7357 47
7358 50
7359 54
7360 56
7361 63
7362 44
7363 46
7364 55
7365 44
7366 54
7367 54
7368 45
7369 58
7370 53
7371 41
7372 42
7373 57
7374 57
7375 37
7376 49
7377 41
7378 40
7379 38
7380 52
7381 40
7382 53
7383 42
7384 49
7385 52
7386 51
7387 41
7388 53
7389 51
7390 55
7391 46
7392 54
7393 47
7394 45
7395 46
7396 57
7397 50
7398 55
7399 44
7400 38
7401 44
7402 50
7403 51
7404 45
7405 52
7406 35
7407 59
7408 49
7409 37
7410 36
7411 49
7412 43
7413 37
7414 54
7415 46
7416 31
7417 43
7418 46
7419 39
7420 41
7421 43
7422 50
7423 36
7424 51
7425 38
7426 44
7427 34
7428 46
7429 39
7430 30
7431 43
7432 40
7433 41
7434 38
7435 52
7436 44
7437 46
7438 36
7439 37
7440 47
7441 44
7442 43
7443 35
7444 32
7445 44
7446 45
7447 53
7448 42
7449 54
7450 36
7451 43
7452 48
7453 50
7454 44
7455 47
7456 39
7457 31
7458 47
7459 49
7460 58
7461 47
7462 56
7463 40
7464 37
7465 47
7466 46
7467 52
7468 46
7469 52
7470 34
7471 50
7472 50
7473 34
7474 49
7475 34
7476 38
7477 42
7478 39
7479 50
7480 50
7481 51
7482 50
7483 45
7484 40
7485 45
7486 44
7487 59
7488 50
7489 46
7490 43
7491 36
7492 40
7493 59
7494 45
7495 48
7496 38
7497 37
7498 46
7499 50
7500 40
7501 40
7502 38
7503 41
7504 47
7505 40
7506 50
7507 41
7508 49
7509 42
7510 45
7511 41
7512 51
7513 45
7514 46
7515 46
7516 56
7517 43
7518 38
7519 47
7520 45
7521 39
7522 45
7523 42
7524 61
7525 51
7526 43
7527 38
7528 45
7529 49
7530 36
7531 39
7532 47
7533 43
7534 54
7535 48
7536 42
7537 52
7538 43
7539 46
7540 46
7541 38
7542 43
7543 41
7544 50
7545 47
7546 30
7547 48
7548 36
7549 47
7550 47
7551 43
7552 32
7553 42
7554 38
7555 43
7556 46
7557 47
7558 42
7559 46
7560 46
7561 36
7562 45
7563 50
7564 51
7565 48
7566 46
7567 40
7568 40
7569 45
7570 39
7571 42
7572 52
7573 35
7574 33
7575 49
7576 41
7577 42
7578 46
7579 44
7580 42
7581 47
7582 46
7583 48
7584 51
7585 52
7586 53
7587 31
7588 55
7589 52
7590 47
7591 46
7592 52
7593 49
7594 54
7595 66
7596 40
7597 40
7598 47
7599 49
7600 41
7601 36
7602 50
7603 46
7604 34
7605 50
7606 46
7607 38
7608 38
7609 49
7610 57
7611 54
7612 42
7613 43
7614 43
7615 45
7616 50
7617 49
7618 40
7619 45
7620 40
7621 49
7622 47
7623 35
7624 38
7625 60
7626 44
7627 44
7628 55
7629 36
7630 40
7631 45
7632 59
7633 52
7634 42
7635 44
7636 45
7637 42
7638 42
7639 37
7640 38
7641 41
7642 36
7643 59
7644 40
7645 55
7646 49
7647 36
7648 52
7649 50
7650 41
7651 45
7652 50
7653 48
7654 44
7655 41
7656 36
7657 56
7658 52
7659 40
7660 47
7661 37
7662 39
7663 43
7664 44
7665 41
7666 39
7667 38
7668 40
7669 42
7670 39
7671 49
7672 44
7673 49
7674 42
7675 45
7676 44
7677 32
7678 33
7679 49
7680 41
7681 44
7682 43
7683 43
7684 49
7685 42
7686 46
7687 48
7688 40
7689 37
7690 44
7691 53
7692 36
7693 47
7694 28
7695 36
7696 52
7697 45
7698 46
7699 45
7700 45
7701 44
7702 48
7703 45
7704 45
7705 47
7706 40
7707 49
7708 35
7709 41
7710 50
7711 33
7712 45
7713 35
7714 38
7715 39
7716 43
7717 48
7718 51
7719 44
7720 40
7721 41
7722 38
7723 44
7724 39
7725 38
7726 40
7727 36
7728 44
7729 46
7730 30
7731 42
7732 41
7733 41
7734 39
7735 35
7736 35
7737 48
7738 39
7739 39
7740 35
7741 43
7742 49
7743 44
7744 44
7745 46
7746 37
7747 51
7748 47
7749 46
7750 50
7751 48
7752 38
7753 38
7754 42
7755 38
7756 34
7757 54
7758 38
7759 36
7760 44
7761 43
7762 44
7763 48
7764 45
7765 35
7766 50
7767 42
7768 41
7769 30
7770 34
7771 50
7772 41
7773 36
7774 37
7775 39
7776 44
7777 30
7778 41
7779 38
7780 46
7781 26
7782 38
7783 41
7784 41
7785 54
7786 41
7787 44
7788 53
7789 48
7790 42
7791 39
7792 33
7793 51
7794 33
7795 45
7796 46
7797 34
7798 47
7799 36
7800 40
7801 51
7802 36
7803 45
7804 30
7805 41
7806 46
7807 37
7808 47
7809 43
7810 33
7811 42
7812 38
7813 38
7814 44
7815 46
7816 46
7817 29
7818 43
7819 49
7820 34
7821 56
7822 41
7823 42
7824 39
7825 41
7826 51
7827 40
7828 34
7829 40
7830 38
7831 40
7832 41
7833 32
7834 40
7835 39
7836 41
7837 36
7838 37
7839 47
7840 44
7841 25
7842 47
7843 37
7844 32
7845 45
7846 39
7847 62
7848 37
7849 39
7850 41
7851 53
7852 44
7853 32
7854 41
7855 32
7856 39
7857 46
7858 41
7859 42
7860 34
7861 42
7862 43
7863 37
7864 50
7865 39
7866 44
7867 49
7868 41
7869 40
7870 35
7871 48
7872 50
7873 39
7874 52
7875 41
7876 39
7877 38
7878 39
7879 39
7880 47
7881 48
7882 37
7883 36
7884 45
7885 44
7886 40
7887 48
7888 37
7889 39
7890 41
7891 56
7892 41
7893 42
7894 44
7895 43
7896 43
7897 33
7898 44
7899 35
7900 43
7901 30
7902 38
7903 43
7904 43
7905 37
7906 50
7907 32
7908 36
7909 34
7910 38
7911 44
7912 42
7913 48
7914 41
7915 44
7916 54
7917 36
7918 40
7919 29
7920 42
7921 36
7922 49
7923 40
7924 44
7925 42
7926 54
7927 48
7928 36
7929 39
7930 41
7931 42
7932 37
7933 42
7934 44
7935 42
7936 31
7937 44
7938 44
7939 30
7940 47
7941 41
7942 42
7943 37
7944 42
7945 41
7946 44
7947 36
7948 50
7949 35
7950 35
7951 36
7952 35
7953 44
7954 42
7955 35
7956 41
7957 46
7958 34
7959 55
7960 40
7961 40
7962 41
7963 35
7964 38
7965 37
7966 44
7967 37
7968 48
7969 50
7970 40
7971 25
7972 39
7973 42
7974 41
7975 49
7976 32
7977 41
7978 42
7979 31
7980 35
7981 45
7982 44
7983 46
7984 37
7985 37
7986 38
7987 52
7988 36
7989 32
7990 31
7991 43
7992 47
7993 31
7994 40
7995 41
7996 30
7997 39
7998 54
7999 35
8000 44
8001 45
8002 46
8003 31
8004 42
8005 41
8006 34
8007 31
8008 34
8009 52
8010 32
8011 31
8012 36
8013 35
8014 39
8015 33
8016 37
8017 31
8018 40
8019 37
8020 35
8021 53
8022 43
8023 32
8024 44
8025 32
8026 33
8027 40
8028 51
8029 35
8030 41
8031 59
8032 39
8033 41
8034 33
8035 43
8036 42
8037 41
8038 34
8039 41
8040 31
8041 34
8042 39
8043 31
8044 39
8045 37
8046 36
8047 32
8048 40
8049 35
8050 53
8051 52
8052 34
8053 41
8054 38
8055 22
8056 35
8057 38
8058 36
8059 48
8060 39
8061 41
8062 45
8063 34
8064 40
8065 34
8066 37
8067 32
8068 30
8069 49
8070 33
8071 38
8072 37
8073 36
8074 49
8075 35
8076 35
8077 43
8078 48
8079 42
8080 31
8081 36
8082 45
8083 32
8084 30
8085 28
8086 32
8087 32
8088 48
8089 39
8090 49
8091 35
8092 40
8093 40
8094 46
8095 35
8096 27
8097 46
8098 34
8099 29
8100 36
8101 42
8102 51
8103 45
8104 42
8105 42
8106 37
8107 35
8108 53
8109 41
8110 41
8111 34
8112 43
8113 44
8114 37
8115 41
8116 34
8117 35
8118 45
8119 40
8120 33
8121 34
8122 56
8123 27
8124 36
8125 33
8126 39
8127 41
8128 41
8129 48
8130 47
8131 39
8132 39
8133 25
8134 35
8135 33
8136 32
8137 41
8138 30
8139 38
8140 42
8141 37
8142 36
8143 33
8144 44
8145 53
8146 39
8147 42
8148 26
8149 35
8150 36
8151 35
8152 31
8153 36
8154 38
8155 33
8156 36
8157 37
8158 40
8159 36
8160 39
8161 40
8162 28
8163 39
8164 30
8165 40
8166 35
8167 43
8168 32
8169 33
8170 40
8171 35
8172 27
8173 35
8174 41
8175 30
8176 37
8177 39
8178 40
8179 38
8180 49
8181 39
8182 41
8183 44
8184 31
8185 44
8186 26
8187 36
8188 32
8189 38
8190 38
8191 40
8192 27
8193 26
8194 32
8195 36
8196 40
8197 30
8198 38
8199 37
8200 29
8201 38
8202 35
8203 34
8204 43
8205 42
8206 44
8207 44
8208 27
8209 36
8210 45
8211 33
8212 49
8213 37
8214 51
8215 35
8216 25
8217 31
8218 36
8219 28
8220 34
8221 33
8222 26
8223 29
8224 27
8225 40
8226 32
8227 25
8228 26
8229 39
8230 28
8231 24
8232 37
8233 37
8234 30
8235 31
8236 37
8237 38
8238 31
8239 27
8240 30
8241 25
8242 26
8243 44
8244 36
8245 48
8246 39
8247 30
8248 39
8249 33
8250 30
8251 39
8252 42
8253 25
8254 36
8255 45
8256 28
8257 29
8258 44
8259 46
8260 41
8261 26
8262 41
8263 40
8264 40
8265 43
8266 32
8267 29
8268 34
8269 32
8270 32
8271 38
8272 34
8273 32
8274 50
8275 38
8276 33
8277 32
8278 39
8279 38
8280 38
8281 33
8282 30
8283 36
8284 34
8285 35
8286 30
8287 37
8288 33
8289 41
8290 23
8291 33
8292 43
8293 29
8294 33
8295 31
8296 29
8297 34
8298 33
8299 40
8300 37
8301 29
8302 28
8303 32
8304 47
8305 38
8306 31
8307 28
8308 44
8309 40
8310 34
8311 20
8312 41
8313 33
8314 24
8315 40
8316 38
8317 32
8318 37
8319 37
8320 26
8321 30
8322 34
8323 33
8324 38
8325 38
8326 42
8327 37
8328 32
8329 30
8330 39
8331 26
8332 33
8333 32
8334 31
8335 33
8336 26
8337 30
8338 33
8339 45
8340 39
8341 38
8342 31
8343 33
8344 30
8345 46
8346 37
8347 23
8348 40
8349 34
8350 36
8351 41
8352 45
8353 32
8354 36
8355 32
8356 30
8357 40
8358 19
8359 28
8360 37
8361 38
8362 36
8363 30
8364 35
8365 29
8366 38
8367 28
8368 34
8369 34
8370 40
8371 37
8372 28
8373 33
8374 43
8375 35
8376 29
8377 29
8378 35
8379 27
8380 31
8381 38
8382 48
8383 27
8384 29
8385 36
8386 33
8387 39
8388 27
8389 28
8390 38
8391 34
8392 30
8393 37
8394 28
8395 46
8396 29
8397 46
8398 28
8399 26
8400 38
8401 38
8402 34
8403 32
8404 31
8405 36
8406 39
8407 43
8408 34
8409 38
8410 30
8411 38
8412 32
8413 50
8414 33
8415 33
8416 40
8417 30
8418 37
8419 27
8420 34
8421 30
8422 39
8423 32
8424 31
8425 24
8426 28
8427 31
8428 43
8429 24
8430 21
8431 33
8432 36
8433 36
8434 35
8435 27
8436 34
8437 32
8438 27
8439 28
8440 31
8441 28
8442 24
8443 33
8444 37
8445 42
8446 23
8447 33
8448 33
8449 19
8450 37
8451 38
8452 35
8453 31
8454 34
8455 30
8456 32
8457 38
8458 41
8459 23
8460 31
8461 34
8462 27
8463 36
8464 34
8465 30
8466 26
8467 41
8468 32
8469 17
8470 29
8471 37
8472 32
8473 39
8474 44
8475 33
8476 33
8477 35
8478 37
8479 33
8480 39
8481 37
8482 32
8483 28
8484 35
8485 47
8486 33
8487 37
8488 24
8489 29
8490 37
8491 25
8492 26
8493 36
8494 21
8495 39
8496 35
8497 38
8498 33
8499 35
8500 34
8501 34
8502 36
8503 26
8504 41
8505 29
8506 47
8507 35
8508 32
8509 31
8510 30
8511 36
8512 35
8513 34
8514 33
8515 36
8516 34
8517 33
8518 52
8519 31
8520 34
8521 37
8522 27
8523 38
8524 34
8525 31
8526 33
8527 32
8528 40
8529 34
8530 34
8531 30
8532 24
8533 25
8534 30
8535 36
8536 33
8537 32
8538 40
8539 37
8540 27
8541 27
8542 35
8543 27
8544 33
8545 26
8546 24
8547 36
8548 34
8549 27
8550 36
8551 38
8552 35
8553 40
8554 27
8555 26
8556 45
8557 29
8558 36
8559 28
8560 39
8561 42
8562 26
8563 24
8564 40
8565 28
8566 34
8567 27
8568 24
8569 28
8570 31
8571 39
8572 33
8573 30
8574 30
8575 26
8576 39
8577 26
8578 32
8579 27
8580 31
8581 40
8582 21
8583 28
8584 23
8585 28
8586 20
8587 29
8588 29
8589 30
8590 30
8591 20
8592 34
8593 31
8594 28
8595 25
8596 27
8597 28
8598 33
8599 32
8600 30
8601 31
8602 34
8603 32
8604 32
8605 23
8606 32
8607 39
8608 28
8609 28
8610 31
8611 26
8612 19
8613 36
8614 26
8615 33
8616 32
8617 26
8618 25
8619 32
8620 25
8621 29
8622 29
8623 26
8624 26
8625 32
8626 29
8627 36
8628 34
8629 29
8630 24
8631 35
8632 30
8633 24
8634 23
8635 24
8636 37
8637 27
8638 23
8639 31
8640 31
8641 31
8642 29
8643 29
8644 29
8645 31
8646 38
8647 30
8648 26
8649 29
8650 33
8651 35
8652 32
8653 24
8654 32
8655 31
8656 14
8657 26
8658 24
8659 23
8660 27
8661 31
8662 28
8663 26
8664 29
8665 19
8666 29
8667 27
8668 27
8669 31
8670 35
8671 29
8672 24
8673 28
8674 26
8675 44
8676 38
8677 35
8678 24
8679 28
8680 39
8681 31
8682 30
8683 21
8684 31
8685 35
8686 26
8687 29
8688 23
8689 26
8690 28
8691 33
8692 33
8693 23
8694 26
8695 33
8696 36
8697 29
8698 23
8699 28
8700 26
8701 20
8702 29
8703 32
8704 33
8705 32
8706 33
8707 31
8708 35
8709 35
8710 32
8711 22
8712 28
8713 35
8714 15
8715 37
8716 38
8717 47
8718 32
8719 33
8720 29
8721 37
8722 31
8723 35
8724 29
8725 46
8726 40
8727 22
8728 22
8729 39
8730 29
8731 29
8732 30
8733 37
8734 33
8735 28
8736 28
8737 27
8738 29
8739 25
8740 23
8741 34
8742 37
8743 30
8744 23
8745 32
8746 33
8747 22
8748 23
8749 27
8750 27
8751 32
8752 37
8753 32
8754 27
8755 23
8756 38
8757 25
8758 31
8759 28
8760 35
8761 35
8762 36
8763 23
8764 42
8765 28
8766 28
8767 32
8768 44
8769 32
8770 34
8771 30
8772 33
8773 35
8774 35
8775 20
8776 28
8777 24
8778 24
8779 26
8780 49
8781 26
8782 33
8783 24
8784 31
8785 39
8786 28
8787 23
8788 30
8789 31
8790 27
8791 25
8792 45
8793 36
8794 28
8795 35
8796 31
8797 27
8798 32
8799 28
8800 26
8801 27
8802 32
8803 20
8804 45
8805 25
8806 29
8807 33
8808 27
8809 36
8810 27
8811 30
8812 31
8813 24
8814 40
8815 29
8816 29
8817 37
8818 32
8819 26
8820 34
8821 38
8822 26
8823 25
8824 32
8825 28
8826 19
8827 27
8828 46
8829 24
8830 27
8831 31
8832 31
8833 33
8834 41
8835 22
8836 38
8837 34
8838 23
8839 36
8840 30
8841 27
8842 26
8843 36
8844 27
8845 24
8846 27
8847 25
8848 30
8849 39
8850 29
8851 39
8852 29
8853 36
8854 38
8855 35
8856 34
8857 16
8858 30
8859 36
8860 28
8861 30
8862 32
8863 29
8864 28
8865 34
8866 27
8867 30
8868 28
8869 27
8870 26
8871 25
8872 26
8873 30
8874 33
8875 25
8876 31
8877 20
8878 30
8879 30
8880 23
8881 32
8882 37
8883 33
8884 32
8885 33
8886 30
8887 28
8888 32
8889 27
8890 32
8891 33
8892 26
8893 31
8894 28
8895 35
8896 25
8897 29
8898 32
8899 29
8900 30
8901 34
8902 31
8903 19
8904 36
8905 29
8906 38
8907 18
8908 30
8909 25
8910 30
8911 28
8912 32
8913 23
8914 30
8915 22
8916 23
8917 22
8918 29
8919 27
8920 29
8921 28
8922 21
8923 36
8924 30
8925 37
8926 26
8927 28
8928 36
8929 38
8930 28
8931 25
8932 37
8933 29
8934 31
8935 29
8936 27
8937 27
8938 32
8939 25
8940 33
8941 30
8942 30
8943 30
8944 28
8945 25
8946 29
8947 31
8948 29
8949 34
8950 35
8951 32
8952 22
8953 34
8954 29
8955 27
8956 28
8957 26
8958 26
8959 33
8960 28
8961 28
8962 21
8963 19
8964 37
8965 25
8966 29
8967 26
8968 31
8969 24
8970 33
8971 36
8972 22
8973 27
8974 27
8975 22
8976 26
8977 25
8978 31
8979 26
8980 20
8981 27
8982 29
8983 31
8984 29
8985 27
8986 31
8987 24
8988 37
8989 35
8990 24
8991 39
8992 24
8993 30
8994 28
8995 28
8996 25
8997 38
8998 32
8999 26
9000 38
9001 37
9002 26
9003 28
9004 27
9005 21
9006 28
9007 22
9008 30
9009 28
9010 28
9011 35
9012 27
9013 20
9014 30
9015 37
9016 24
9017 37
9018 20
9019 25
9020 34
9021 31
9022 27
9023 28
9024 32
9025 29
9026 33
9027 31
9028 20
9029 31
9030 24
9031 25
9032 32
9033 22
9034 40
9035 40
9036 37
9037 27
9038 24
9039 22
9040 35
9041 28
9042 28
9043 26
9044 31
9045 28
9046 34
9047 22
9048 36
9049 51
9050 27
9051 29
9052 36
9053 29
9054 29
9055 29
9056 24
9057 17
9058 34
9059 33
9060 24
9061 31
9062 19
9063 29
9064 30
9065 21
9066 26
9067 31
9068 24
9069 22
9070 26
9071 30
9072 38
9073 28
9074 29
9075 31
9076 31
9077 21
9078 21
9079 29
9080 23
9081 36
9082 34
9083 37
9084 32
9085 33
9086 27
9087 27
9088 33
9089 31
9090 29
9091 26
9092 25
9093 27
9094 24
9095 22
9096 26
9097 34
9098 29
9099 26
9100 33
9101 21
9102 32
9103 35
9104 36
9105 27
9106 31
9107 33
9108 35
9109 28
9110 24
9111 30
9112 26
9113 18
9114 28
9115 29
9116 19
9117 23
9118 23
9119 35
9120 31
9121 30
9122 22
9123 24
9124 20
9125 24
9126 28
9127 26
9128 31
9129 34
9130 33
9131 23
9132 25
9133 23
9134 31
9135 24
9136 29
9137 22
9138 25
9139 20
9140 21
9141 24
9142 27
9143 26
9144 23
9145 24
9146 37
9147 30
9148 29
9149 24
9150 26
9151 32
9152 23
9153 31
9154 27
9155 25
9156 34
9157 30
9158 28
9159 28
9160 20
9161 31
9162 28
9163 25
9164 31
9165 27
9166 25
9167 29
9168 29
9169 29
9170 28
9171 22
9172 31
9173 25
9174 31
9175 28
9176 36
9177 27
9178 34
9179 25
9180 27
9181 25
9182 30
9183 27
9184 22
9185 24
9186 38
9187 37
9188 36
9189 24
9190 21
9191 25
9192 27
9193 23
9194 20
9195 25
9196 23
9197 26
9198 23
9199 22
9200 28
9201 28
9202 24
9203 28
9204 29
9205 26
9206 27
9207 33
9208 32
9209 24
9210 26
9211 23
9212 29
9213 35
9214 37
9215 25
9216 24
9217 34
9218 32
9219 31
9220 25
9221 28
9222 26
9223 27
9224 24
9225 38
9226 30
9227 27
9228 31
9229 30
9230 23
9231 27
9232 23
9233 26
9234 29
9235 31
9236 28
9237 23
9238 24
9239 29
9240 19
9241 38
9242 25
9243 31
9244 22
9245 21
9246 21
9247 33
9248 25
9249 35
9250 31
9251 26
9252 18
9253 26
9254 21
9255 37
9256 34
9257 30
9258 24
9259 24
9260 24
9261 29
9262 22
9263 17
9264 33
9265 21
9266 28
9267 17
9268 31
9269 28
9270 21
9271 25
9272 29
9273 33
9274 27
9275 29
9276 36
9277 25
9278 26
9279 32
9280 27
9281 26
9282 38
9283 23
9284 25
9285 35
9286 23
9287 31
9288 22
9289 29
9290 21
9291 22
9292 25
9293 27
9294 33
9295 23
9296 25
9297 20
9298 34
9299 25
9300 34
9301 34
9302 21
9303 21
9304 32
9305 31
9306 26
9307 31
9308 25
9309 24
9310 27
9311 30
9312 28
9313 21
9314 35
9315 31
9316 30
9317 25
9318 26
9319 29
9320 29
9321 30
9322 22
9323 29
9324 27
9325 28
9326 25
9327 23
9328 17
9329 28
9330 29
9331 25
9332 20
9333 31
9334 25
9335 20
9336 24
9337 36
9338 31
9339 23
9340 20
9341 26
9342 30
9343 36
9344 27
9345 29
9346 25
9347 22
9348 29
9349 18
9350 22
9351 26
9352 27
9353 25
9354 30
9355 23
9356 25
9357 28
9358 25
9359 29
9360 31
9361 34
9362 19
9363 32
9364 19
9365 23
9366 30
9367 27
9368 25
9369 31
9370 20
9371 17
9372 26
9373 24
9374 26
9375 21
9376 21
9377 27
9378 34
9379 24
9380 33
9381 23
9382 26
9383 31
9384 23
9385 29
9386 18
9387 30
9388 31
9389 21
9390 39
9391 31
9392 25
9393 29
9394 29
9395 18
9396 19
9397 35
9398 21
9399 27
9400 33
9401 33
9402 20
9403 21
9404 23
9405 30
9406 29
9407 21
9408 31
9409 25
9410 28
9411 37
9412 22
9413 29
9414 36
9415 19
9416 21
9417 33
9418 36
9419 26
9420 27
9421 34
9422 17
9423 22
9424 21
9425 16
9426 26
9427 27
9428 22
9429 24
9430 29
9431 29
9432 23
9433 27
9434 18
9435 25
9436 19
9437 27
9438 24
9439 23
9440 20
9441 31
9442 22
9443 23
9444 24
9445 21
9446 30
9447 24
9448 30
9449 22
9450 23
9451 19
9452 21
9453 26
9454 24
9455 28
9456 35
9457 26
9458 34
9459 32
9460 41
9461 43
9462 22
9463 21
9464 19
9465 25
9466 30
9467 22
9468 34
9469 18
9470 36
9471 22
9472 26
9473 31
9474 26
9475 18
9476 20
9477 30
9478 33
9479 24
9480 28
9481 27
9482 32
9483 22
9484 20
9485 23
9486 28
9487 25
9488 29
9489 25
9490 23
9491 19
9492 19
9493 26
9494 27
9495 29
9496 23
9497 28
9498 32
9499 30
9500 31
9501 34
9502 32
9503 16
9504 29
9505 16
9506 28
9507 29
9508 30
9509 22
9510 34
9511 20
9512 22
9513 34
9514 39
9515 22
9516 31
9517 30
9518 24
9519 32
9520 28
9521 26
9522 28
9523 21
9524 32
9525 34
9526 27
9527 27
9528 29
9529 17
9530 25
9531 22
9532 32
9533 25
9534 20
9535 29
9536 29
9537 22
9538 27
9539 35
9540 28
9541 26
9542 33
9543 33
9544 35
9545 31
9546 31
9547 23
9548 32
9549 30
9550 36
9551 24
9552 27
9553 23
9554 30
9555 34
9556 37
9557 22
9558 21
9559 22
9560 38
9561 18
9562 19
9563 28
9564 29
9565 30
9566 28
9567 23
9568 22
9569 18
9570 21
9571 18
9572 25
9573 32
9574 24
9575 22
9576 29
9577 33
9578 24
9579 38
9580 33
9581 28
9582 30
9583 14
9584 39
9585 31
9586 30
9587 26
9588 29
9589 29
9590 40
9591 31
9592 25
9593 26
9594 31
9595 21
9596 18
9597 21
9598 24
9599 30
9600 30
9601 25
9602 22
9603 22
9604 30
9605 21
9606 33
9607 26
9608 23
9609 18
9610 21
9611 18
9612 27
9613 34
9614 25
9615 34
9616 33
9617 31
9618 27
9619 22
9620 25
9621 29
9622 24
9623 20
9624 21
9625 24
9626 26
9627 24
9628 19
9629 28
9630 26
9631 28
9632 28
9633 22
9634 23
9635 29
9636 27
9637 34
9638 34
9639 23
9640 24
9641 17
9642 29
9643 25
9644 29
9645 13
9646 24
9647 21
9648 20
9649 34
9650 27
9651 28
9652 31
9653 18
9654 22
9655 26
9656 28
9657 27
9658 22
9659 22
9660 27
9661 30
9662 26
9663 23
9664 23
9665 34
9666 24
9667 23
9668 29
9669 26
9670 27
9671 33
9672 28
9673 20
9674 30
9675 30
9676 24
9677 20
9678 28
9679 28
9680 39
9681 28
9682 21
9683 22
9684 30
9685 29
9686 25
9687 27
9688 24
9689 14
9690 24
9691 23
9692 25
9693 27
9694 26
9695 23
9696 29
9697 29
9698 19
9699 28
9700 26
9701 27
9702 29
9703 27
9704 28
9705 27
9706 27
9707 21
9708 23
9709 37
9710 28
9711 22
9712 29
9713 27
9714 32
9715 27
9716 20
9717 34
9718 22
9719 23
9720 22
9721 28
9722 17
9723 34
9724 28
9725 17
9726 28
9727 20
9728 24
9729 23
9730 26
9731 21
9732 22
9733 29
9734 23
9735 23
9736 34
9737 27
9738 17
9739 27
9740 20
9741 27
9742 25
9743 21
9744 24
9745 23
9746 29
9747 22
9748 24
9749 21
9750 25
9751 25
9752 19
9753 25
9754 31
9755 30
9756 21
9757 21
9758 18
9759 26
9760 24
9761 20
9762 29
9763 24
9764 29
9765 30
9766 26
9767 19
9768 21
9769 20
9770 23
9771 26
9772 27
9773 33
9774 25
9775 23
9776 20
9777 29
9778 29
9779 23
9780 22
9781 23
9782 33
9783 23
9784 23
9785 29
9786 33
9787 20
9788 32
9789 28
9790 25
9791 30
9792 24
9793 21
9794 19
9795 25
9796 19
9797 23
9798 27
9799 30
9800 21
9801 31
9802 32
9803 20
9804 22
9805 18
9806 22
9807 23
9808 21
9809 19
9810 20
9811 21
9812 20
9813 29
9814 26
9815 25
9816 20
9817 25
9818 24
9819 27
9820 24
9821 19
9822 35
9823 44
9824 18
9825 17
9826 13
9827 22
9828 32
9829 20
9830 23
9831 18
9832 33
9833 41
9834 33
9835 19
9836 27
9837 18
9838 17
9839 33
9840 12
9841 24
9842 26
9843 25
9844 26
9845 34
9846 36
9847 15
9848 31
9849 26
9850 24
9851 23
9852 28
9853 25
9854 30
9855 19
9856 15
9857 21
9858 21
9859 26
9860 25
9861 24
9862 25
9863 23
9864 28
9865 34
9866 37
9867 19
9868 23
9869 20
9870 23
9871 18
9872 20
9873 19
9874 21
9875 24
9876 16
9877 27
9878 23
9879 31
9880 26
9881 20
9882 33
9883 29
9884 16
9885 23
9886 25
9887 24
9888 24
9889 23
9890 21
9891 26
9892 23
9893 36
9894 28
9895 28
9896 28
9897 27
9898 26
9899 33
9900 25
9901 20
9902 26
9903 35
9904 33
9905 17
9906 23
9907 23
9908 29
9909 19
9910 21
9911 20
9912 16
9913 21
9914 29
9915 27
9916 28
9917 22
9918 19
9919 26
9920 25
9921 21
9922 24
9923 30
9924 27
9925 23
9926 15
9927 24
9928 25
9929 24
9930 23
9931 26
9932 22
9933 30
9934 26
9935 20
9936 25
9937 36
9938 36
9939 17
9940 34
9941 18
9942 27
9943 22
9944 20
9945 17
9946 18
9947 31
9948 20
9949 24
9950 30
9951 21
9952 21
9953 27
9954 28
9955 21
9956 26
9957 17
9958 19
9959 21
9960 18
9961 20
9962 25
9963 14
9964 19
9965 16
9966 26
9967 20
9968 25
9969 23
9970 22
9971 21
9972 17
9973 20
9974 18
9975 17
9976 19
9977 27
9978 21
9979 15
9980 20
9981 22
9982 38
9983 20
9984 27
9985 19
9986 22
9987 25
9988 31
9989 17
9990 24
9991 28
9992 24
9993 22
9994 20
9995 26
9996 28
9997 30
9998 28
9999 26
10000 22
10001 238198
