# Title:27-mer spectra for: 63
# XLabel:27-mer frequency
# YLabel:# distinct 27-mers
# Kmer value:27
# Input 1:<pipe>
###
1 1877677592
2 219833853
3 77219183
4 39397863
5 23087098
6 15508579
7 11296711
8 8854347
9 7329286
10 6314352
11 5555096
12 4966481
13 4464745
14 4061655
15 3724579
16 3490207
17 3370190
18 3410009
19 3616832
20 4009768
21 4606700
22 5427548
23 6420656
24 7598688
25 8906463
26 10276688
27 11641839
28 12932691
29 14082779
30 15002220
31 15679966
32 16066984
33 16122604
34 15888805
35 15338300
36 14552895
37 13584681
38 12464122
39 11257805
40 10000607
41 8765861
42 7577086
43 6467757
44 5465132
45 4578775
46 3816020
47 3169654
48 2652309
49 2240718
50 1919795
51 1686057
52 1527513
53 1428794
54 1386012
55 1385587
56 1420046
57 1472741
58 1538929
59 1619516
60 1698619
61 1777047
62 1851241
63 1920751
64 1970248
65 2015803
66 2040989
67 2051462
68 2040104
69 2014276
70 1967987
71 1912768
72 1841406
73 1760640
74 1669369
75 1576690
76 1476608
77 1373283
78 1269001
79 1170305
80 1075349
81 982406
82 894963
83 813867
84 743054
85 676399
86 616635
87 565854
88 521626
89 485667
90 455294
91 429223
92 407170
93 390365
94 374252
95 364326
96 353813
97 346368
98 340491
99 335605
100 330935
101 325539
102 321904
103 316187
104 311136
105 305567
106 299410
107 293168
108 285708
109 279139
110 270534
111 263134
112 254190
113 246159
114 239199
115 231252
116 223761
117 217388
118 210330
119 203924
120 197235
121 192719
122 187470
123 184331
124 180479
125 176951
126 173914
127 171606
128 169306
129 166967
130 164714
131 163524
132 162137
133 160494
134 159072
135 156544
136 155322
137 153537
138 152576
139 150050
140 148736
141 146342
142 144711
143 142468
144 140964
145 137514
146 135798
147 132660
148 130373
149 127396
150 125652
151 122092
152 119291
153 117879
154 114991
155 112471
156 110465
157 108288
158 106904
159 105137
160 103475
161 102209
162 99954
163 99558
164 97425
165 96368
166 94846
167 93878
168 92505
169 91687
170 90240
171 89267
172 87921
173 86642
174 86591
175 85156
176 84036
177 82782
178 82087
179 81086
180 79912
181 79161
182 77887
183 76914
184 75563
185 74712
186 73842
187 73260
188 71844
189 70747
190 69831
191 68809
192 68277
193 67173
194 66019
195 65366
196 64363
197 64013
198 63080
199 62647
200 61980
201 60946
202 60683
203 59817
204 58540
205 58702
206 58311
207 57483
208 57168
209 56445
210 55923
211 54860
212 54298
213 53762
214 53047
215 52387
216 52074
217 51492
218 51310
219 50714
220 49928
221 49639
222 48802
223 47905
224 46958
225 47001
226 46389
227 45992
228 45681
229 45327
230 44618
231 43754
232 43177
233 43087
234 42279
235 42145
236 41439
237 41172
238 40793
239 40560
240 40277
241 39796
242 39297
243 38684
244 38701
245 38554
246 38241
247 37494
248 36993
249 37194
250 36597
251 36637
252 36351
253 35699
254 35411
255 34748
256 34477
257 34392
258 34211
259 33744
260 33427
261 33280
262 32836
263 32305
264 32491
265 32344
266 31911
267 30928
268 30902
269 31008
270 30869
271 30501
272 30190
273 29811
274 29873
275 29715
276 29251
277 28994
278 28668
279 28492
280 28247
281 27963
282 27754
283 27916
284 27254
285 26935
286 27051
287 26394
288 26152
289 26258
290 25992
291 25500
292 25351
293 25787
294 25071
295 24938
296 24671
297 24551
298 24729
299 24182
300 23944
301 23812
302 23832
303 23623
304 23513
305 23157
306 22970
307 22765
308 23017
309 22957
310 22796
311 22661
312 22785
313 22134
314 21916
315 22081
316 21883
317 21650
318 21244
319 21460
320 21138
321 20720
322 20716
323 20840
324 20613
325 20415
326 20314
327 20107
328 19801
329 19752
330 19694
331 19850
332 19217
333 19183
334 19003
335 18843
336 18930
337 18566
338 18616
339 18336
340 18453
341 18176
342 18320
343 18069
344 17764
345 17667
346 17664
347 17748
348 17336
349 17195
350 17407
351 17231
352 17060
353 17338
354 17182
355 17023
356 17064
357 16933
358 16668
359 16621
360 16418
361 16237
362 16370
363 16039
364 16003
365 15870
366 15879
367 15756
368 15743
369 15171
370 15160
371 14819
372 15101
373 14935
374 14866
375 14879
376 14653
377 14702
378 14597
379 14575
380 14377
381 14392
382 14409
383 14318
384 14201
385 14253
386 14134
387 14045
388 13971
389 13928
390 13507
391 13757
392 13775
393 13480
394 13312
395 13084
396 13226
397 13046
398 13007
399 13115
400 12810
401 12768
402 12922
403 12680
404 12792
405 12628
406 12477
407 12659
408 12449
409 12431
410 12309
411 12281
412 12110
413 12057
414 12115
415 11941
416 11904
417 11940
418 12184
419 11855
420 11882
421 11866
422 11659
423 11795
424 11499
425 11752
426 11496
427 11183
428 11065
429 11315
430 11219
431 11103
432 11004
433 11050
434 10834
435 10830
436 10748
437 10663
438 10667
439 10614
440 10670
441 10548
442 10426
443 10543
444 10649
445 10586
446 10445
447 10373
448 10503
449 10423
450 10155
451 10296
452 10178
453 9889
454 10032
455 9919
456 9983
457 9969
458 9574
459 9752
460 9580
461 9641
462 9632
463 9494
464 9530
465 9470
466 9615
467 9397
468 9243
469 9570
470 9294
471 9158
472 9086
473 9077
474 9090
475 9298
476 9108
477 9129
478 9005
479 8802
480 8995
481 8772
482 8925
483 8719
484 8724
485 8673
486 8554
487 8548
488 8802
489 8497
490 8543
491 8642
492 8560
493 8286
494 8358
495 8344
496 8276
497 8188
498 8211
499 8160
500 8230
501 8031
502 8095
503 8000
504 8036
505 7937
506 7924
507 7739
508 7818
509 7930
510 7721
511 7839
512 7605
513 7687
514 7511
515 7633
516 7699
517 7514
518 7503
519 7518
520 7479
521 7576
522 7484
523 7305
524 7451
525 7449
526 7414
527 7349
528 7202
529 7327
530 7296
531 7394
532 7282
533 7281
534 7091
535 7103
536 7177
537 7096
538 7067
539 6934
540 6972
541 6964
542 6904
543 6976
544 6729
545 6687
546 6728
547 6642
548 6765
549 6714
550 6633
551 6654
552 6638
553 6714
554 6665
555 6664
556 6577
557 6507
558 6531
559 6431
560 6412
561 6469
562 6328
563 6409
564 6414
565 6501
566 6394
567 6468
568 6381
569 6297
570 6132
571 6251
572 6175
573 6108
574 6232
575 6211
576 6013
577 6088
578 6036
579 5991
580 6155
581 6139
582 6052
583 5900
584 6022
585 6079
586 5997
587 5973
588 5735
589 5900
590 5904
591 5834
592 5915
593 5804
594 5844
595 5628
596 5595
597 5748
598 5583
599 5680
600 5696
601 5647
602 5525
603 5598
604 5662
605 5619
606 5555
607 5707
608 5573
609 5626
610 5385
611 5417
612 5441
613 5442
614 5417
615 5468
616 5342
617 5406
618 5345
619 5406
620 5437
621 5285
622 5380
623 5254
624 5264
625 5225
626 5224
627 5231
628 5132
629 5095
630 5205
631 5135
632 5193
633 5157
634 5108
635 5077
636 5036
637 5147
638 5144
639 5023
640 4976
641 4843
642 5076
643 4882
644 5060
645 4983
646 5073
647 4783
648 4926
649 4842
650 4829
651 4860
652 4708
653 4974
654 4834
655 4717
656 4787
657 4715
658 4699
659 4757
660 4690
661 4834
662 4618
663 4569
664 4754
665 4753
666 4731
667 4654
668 4723
669 4655
670 4590
671 4465
672 4526
673 4441
674 4544
675 4417
676 4451
677 4385
678 4443
679 4330
680 4524
681 4381
682 4377
683 4289
684 4208
685 4354
686 4436
687 4342
688 4412
689 4305
690 4471
691 4380
692 4278
693 4220
694 4226
695 4350
696 4180
697 4218
698 4257
699 4223
700 4188
701 4118
702 4257
703 4176
704 4134
705 4129
706 4185
707 4136
708 4183
709 4092
710 4032
711 4121
712 4043
713 4122
714 4195
715 4107
716 4141
717 4061
718 4025
719 4069
720 4082
721 3972
722 3895
723 3992
724 3924
725 3978
726 3936
727 3958
728 3995
729 3800
730 3936
731 3871
732 3949
733 3897
734 3854
735 3810
736 3724
737 3808
738 3768
739 3807
740 3753
741 3698
742 3812
743 3758
744 3750
745 3770
746 3652
747 3749
748 3718
749 3736
750 3721
751 3664
752 3626
753 3752
754 3779
755 3750
756 3809
757 3571
758 3630
759 3707
760 3726
761 3719
762 3737
763 3668
764 3744
765 3603
766 3519
767 3697
768 3611
769 3640
770 3595
771 3735
772 3496
773 3669
774 3545
775 3600
776 3627
777 3675
778 3572
779 3489
780 3419
781 3582
782 3614
783 3569
784 3646
785 3469
786 3616
787 3483
788 3683
789 3538
790 3521
791 3519
792 3474
793 3615
794 3461
795 3555
796 3604
797 3647
798 3553
799 3541
800 3615
801 3549
802 3683
803 3539
804 3463
805 3639
806 3603
807 3563
808 3509
809 3631
810 3650
811 3650
812 3572
813 3549
814 3643
815 3554
816 3543
817 3567
818 3580
819 3564
820 3603
821 3542
822 3593
823 3554
824 3570
825 3549
826 3623
827 3721
828 3532
829 3637
830 3602
831 3527
832 3642
833 3562
834 3621
835 3645
836 3645
837 3631
838 3608
839 3696
840 3603
841 3687
842 3627
843 3657
844 3638
845 3756
846 3564
847 3715
848 3799
849 3641
850 3711
851 3642
852 3714
853 3727
854 3781
855 3640
856 3797
857 3766
858 3729
859 3777
860 3734
861 3757
862 3704
863 3742
864 3777
865 3785
866 3781
867 3717
868 3736
869 3804
870 3857
871 3773
872 3881
873 3799
874 3858
875 3953
876 3935
877 3778
878 3946
879 3859
880 3898
881 3865
882 3918
883 3910
884 3894
885 3986
886 3921
887 3928
888 3875
889 3989
890 3935
891 3991
892 4006
893 4019
894 3870
895 3740
896 3933
897 4010
898 3825
899 3985
900 3809
901 3959
902 3872
903 3839
904 3928
905 3925
906 3807
907 3899
908 3852
909 3951
910 3893
911 3775
912 3851
913 3875
914 3775
915 3827
916 3848
917 3793
918 3814
919 3795
920 3831
921 3747
922 3765
923 3788
924 3688
925 3786
926 3717
927 3787
928 3683
929 3615
930 3622
931 3743
932 3691
933 3735
934 3717
935 3614
936 3608
937 3635
938 3642
939 3740
940 3653
941 3725
942 3746
943 3657
944 3515
945 3656
946 3608
947 3572
948 3623
949 3669
950 3406
951 3570
952 3631
953 3467
954 3427
955 3483
956 3442
957 3431
958 3429
959 3476
960 3296
961 3382
962 3346
963 3410
964 3213
965 3392
966 3326
967 3387
968 3365
969 3394
970 3179
971 3387
972 3352
973 3283
974 3290
975 3284
976 3364
977 3219
978 3235
979 3343
980 3212
981 3199
982 3331
983 3219
984 3334
985 3241
986 3257
987 3307
988 3213
989 3245
990 3240
991 3182
992 3096
993 3154
994 3188
995 3174
996 3127
997 3151
998 3070
999 3102
1000 3087
1001 3054
1002 3081
1003 3088
1004 3111
1005 2998
1006 3003
1007 2985
1008 2993
1009 3143
1010 3047
1011 3064
1012 3029
1013 2962
1014 2922
1015 2912
1016 2994
1017 2891
1018 2923
1019 2838
1020 2836
1021 2925
1022 2861
1023 2825
1024 2765
1025 2831
1026 2785
1027 2906
1028 2628
1029 2685
1030 2807
1031 2798
1032 2708
1033 2823
1034 2636
1035 2684
1036 2696
1037 2694
1038 2727
1039 2596
1040 2605
1041 2582
1042 2654
1043 2612
1044 2572
1045 2676
1046 2616
1047 2613
1048 2521
1049 2564
1050 2630
1051 2632
1052 2607
1053 2621
1054 2612
1055 2502
1056 2495
1057 2531
1058 2569
1059 2487
1060 2464
1061 2444
1062 2463
1063 2542
1064 2512
1065 2490
1066 2501
1067 2436
1068 2448
1069 2529
1070 2466
1071 2469
1072 2436
1073 2430
1074 2396
1075 2462
1076 2460
1077 2375
1078 2443
1079 2448
1080 2386
1081 2325
1082 2401
1083 2317
1084 2345
1085 2316
1086 2347
1087 2387
1088 2385
1089 2342
1090 2316
1091 2348
1092 2324
1093 2411
1094 2204
1095 2416
1096 2315
1097 2241
1098 2370
1099 2382
1100 2336
1101 2263
1102 2286
1103 2329
1104 2293
1105 2197
1106 2252
1107 2333
1108 2181
1109 2227
1110 2254
1111 2223
1112 2184
1113 2268
1114 2152
1115 2185
1116 2241
1117 2246
1118 2240
1119 2083
1120 2097
1121 2150
1122 2128
1123 2099
1124 2081
1125 2158
1126 2090
1127 2064
1128 2064
1129 2060
1130 2123
1131 2131
1132 2112
1133 2132
1134 2013
1135 2084
1136 2121
1137 2058
1138 2081
1139 2042
1140 2110
1141 2022
1142 2123
1143 2168
1144 2047
1145 2053
1146 2165
1147 2052
1148 2090
1149 2005
1150 2031
1151 2090
1152 2012
1153 2107
1154 2123
1155 2103
1156 2094
1157 2114
1158 2117
1159 2043
1160 2099
1161 2145
1162 2006
1163 2065
1164 2020
1165 2075
1166 2060
1167 2069
1168 1994
1169 1950
1170 1968
1171 2013
1172 1930
1173 1928
1174 1961
1175 1961
1176 1899
1177 1941
1178 2010
1179 2000
1180 1935
1181 1894
1182 1949
1183 1856
1184 1915
1185 1907
1186 1932
1187 1962
1188 1902
1189 1911
1190 1917
1191 1889
1192 1951
1193 1897
1194 1833
1195 1872
1196 1784
1197 1867
1198 1826
1199 1803
1200 1707
1201 1758
1202 1757
1203 1712
1204 1751
1205 1756
1206 1765
1207 1787
1208 1696
1209 1789
1210 1672
1211 1695
1212 1767
1213 1766
1214 1717
1215 1756
1216 1739
1217 1723
1218 1690
1219 1727
1220 1643
1221 1735
1222 1739
1223 1646
1224 1678
1225 1622
1226 1683
1227 1693
1228 1653
1229 1737
1230 1574
1231 1614
1232 1626
1233 1587
1234 1605
1235 1588
1236 1555
1237 1668
1238 1557
1239 1583
1240 1605
1241 1495
1242 1588
1243 1591
1244 1576
1245 1589
1246 1512
1247 1585
1248 1507
1249 1603
1250 1523
1251 1483
1252 1500
1253 1459
1254 1431
1255 1458
1256 1467
1257 1479
1258 1458
1259 1456
1260 1446
1261 1464
1262 1387
1263 1415
1264 1407
1265 1430
1266 1382
1267 1395
1268 1369
1269 1364
1270 1416
1271 1465
1272 1430
1273 1410
1274 1418
1275 1403
1276 1435
1277 1424
1278 1436
1279 1345
1280 1352
1281 1433
1282 1318
1283 1370
1284 1341
1285 1414
1286 1331
1287 1401
1288 1315
1289 1371
1290 1305
1291 1364
1292 1327
1293 1312
1294 1283
1295 1328
1296 1322
1297 1347
1298 1325
1299 1299
1300 1276
1301 1292
1302 1313
1303 1262
1304 1275
1305 1288
1306 1225
1307 1269
1308 1282
1309 1251
1310 1234
1311 1259
1312 1304
1313 1257
1314 1275
1315 1255
1316 1237
1317 1279
1318 1192
1319 1224
1320 1173
1321 1173
1322 1177
1323 1223
1324 1201
1325 1188
1326 1265
1327 1181
1328 1217
1329 1183
1330 1230
1331 1234
1332 1122
1333 1150
1334 1136
1335 1152
1336 1109
1337 1199
1338 1185
1339 1177
1340 1168
1341 1169
1342 1112
1343 1130
1344 1132
1345 1155
1346 1137
1347 1153
1348 1146
1349 1161
1350 1085
1351 1151
1352 1075
1353 1138
1354 1154
1355 1072
1356 1116
1357 1109
1358 1118
1359 1120
1360 1119
1361 1133
1362 1044
1363 1082
1364 1140
1365 1134
1366 1085
1367 1142
1368 1055
1369 1119
1370 1079
1371 1078
1372 1177
1373 1077
1374 1132
1375 1052
1376 1118
1377 1067
1378 1129
1379 1087
1380 1071
1381 1057
1382 1030
1383 1088
1384 1049
1385 1052
1386 1071
1387 1059
1388 1075
1389 1058
1390 1043
1391 1035
1392 1035
1393 1054
1394 1039
1395 1089
1396 971
1397 1069
1398 1063
1399 1070
1400 1033
1401 1018
1402 1010
1403 1013
1404 1004
1405 1007
1406 1039
1407 981
1408 1050
1409 1002
1410 1062
1411 937
1412 974
1413 1002
1414 979
1415 982
1416 967
1417 987
1418 972
1419 947
1420 983
1421 1001
1422 923
1423 962
1424 978
1425 981
1426 943
1427 1034
1428 1037
1429 997
1430 963
1431 1059
1432 957
1433 1097
1434 1002
1435 1030
1436 980
1437 979
1438 1036
1439 944
1440 988
1441 961
1442 1017
1443 1025
1444 955
1445 953
1446 959
1447 965
1448 990
1449 945
1450 926
1451 950
1452 921
1453 946
1454 983
1455 928
1456 941
1457 912
1458 962
1459 891
1460 934
1461 938
1462 976
1463 909
1464 993
1465 926
1466 874
1467 939
1468 991
1469 920
1470 854
1471 913
1472 976
1473 899
1474 917
1475 919
1476 906
1477 926
1478 883
1479 944
1480 911
1481 909
1482 914
1483 890
1484 886
1485 921
1486 949
1487 942
1488 941
1489 908
1490 918
1491 893
1492 917
1493 891
1494 853
1495 891
1496 887
1497 886
1498 884
1499 813
1500 860
1501 881
1502 895
1503 862
1504 903
1505 911
1506 873
1507 891
1508 898
1509 895
1510 825
1511 881
1512 896
1513 903
1514 861
1515 877
1516 899
1517 852
1518 874
1519 890
1520 907
1521 842
1522 894
1523 853
1524 856
1525 833
1526 851
1527 887
1528 840
1529 820
1530 900
1531 867
1532 828
1533 842
1534 796
1535 839
1536 831
1537 844
1538 830
1539 842
1540 888
1541 921
1542 814
1543 822
1544 862
1545 852
1546 777
1547 829
1548 817
1549 759
1550 841
1551 822
1552 839
1553 854
1554 869
1555 828
1556 894
1557 864
1558 885
1559 907
1560 838
1561 826
1562 823
1563 811
1564 786
1565 878
1566 808
1567 771
1568 831
1569 818
1570 825
1571 822
1572 851
1573 836
1574 801
1575 790
1576 843
1577 833
1578 792
1579 830
1580 826
1581 865
1582 835
1583 836
1584 826
1585 825
1586 818
1587 799
1588 760
1589 829
1590 823
1591 835
1592 760
1593 828
1594 831
1595 814
1596 748
1597 811
1598 793
1599 763
1600 790
1601 772
1602 783
1603 788
1604 787
1605 751
1606 786
1607 787
1608 799
1609 786
1610 813
1611 739
1612 806
1613 723
1614 786
1615 818
1616 777
1617 762
1618 765
1619 788
1620 805
1621 804
1622 783
1623 750
1624 803
1625 749
1626 776
1627 795
1628 800
1629 821
1630 808
1631 766
1632 787
1633 798
1634 780
1635 782
1636 808
1637 767
1638 751
1639 757
1640 772
1641 754
1642 758
1643 787
1644 780
1645 796
1646 774
1647 746
1648 734
1649 777
1650 755
1651 753
1652 749
1653 803
1654 768
1655 751
1656 754
1657 778
1658 770
1659 789
1660 726
1661 745
1662 781
1663 760
1664 795
1665 766
1666 795
1667 781
1668 763
1669 782
1670 773
1671 727
1672 762
1673 714
1674 710
1675 758
1676 764
1677 753
1678 760
1679 737
1680 719
1681 708
1682 703
1683 733
1684 816
1685 740
1686 760
1687 707
1688 728
1689 768
1690 785
1691 814
1692 734
1693 755
1694 693
1695 669
1696 764
1697 734
1698 743
1699 776
1700 746
1701 723
1702 713
1703 745
1704 767
1705 727
1706 724
1707 730
1708 737
1709 732
1710 763
1711 708
1712 713
1713 686
1714 691
1715 752
1716 686
1717 669
1718 697
1719 732
1720 715
1721 763
1722 723
1723 703
1724 671
1725 692
1726 727
1727 702
1728 699
1729 754
1730 727
1731 723
1732 690
1733 713
1734 734
1735 719
1736 703
1737 674
1738 715
1739 700
1740 707
1741 735
1742 710
1743 672
1744 677
1745 706
1746 717
1747 690
1748 755
1749 706
1750 719
1751 718
1752 682
1753 703
1754 671
1755 691
1756 728
1757 734
1758 715
1759 721
1760 669
1761 674
1762 736
1763 639
1764 698
1765 725
1766 686
1767 652
1768 673
1769 668
1770 701
1771 710
1772 625
1773 671
1774 683
1775 714
1776 684
1777 675
1778 677
1779 671
1780 687
1781 692
1782 656
1783 690
1784 651
1785 646
1786 692
1787 706
1788 648
1789 629
1790 653
1791 666
1792 664
1793 643
1794 689
1795 674
1796 616
1797 668
1798 651
1799 632
1800 670
1801 628
1802 622
1803 699
1804 679
1805 676
1806 643
1807 683
1808 625
1809 727
1810 679
1811 670
1812 674
1813 682
1814 640
1815 636
1816 661
1817 632
1818 674
1819 635
1820 666
1821 689
1822 656
1823 665
1824 623
1825 654
1826 668
1827 666
1828 672
1829 652
1830 657
1831 580
1832 597
1833 644
1834 650
1835 658
1836 638
1837 669
1838 671
1839 635
1840 645
1841 638
1842 624
1843 681
1844 705
1845 666
1846 617
1847 675
1848 626
1849 642
1850 641
1851 647
1852 637
1853 644
1854 613
1855 617
1856 636
1857 598
1858 638
1859 604
1860 644
1861 585
1862 613
1863 646
1864 611
1865 587
1866 631
1867 569
1868 603
1869 646
1870 623
1871 647
1872 653
1873 620
1874 640
1875 596
1876 632
1877 636
1878 652
1879 635
1880 616
1881 621
1882 601
1883 629
1884 609
1885 574
1886 593
1887 588
1888 613
1889 589
1890 585
1891 561
1892 615
1893 629
1894 608
1895 601
1896 573
1897 578
1898 554
1899 611
1900 571
1901 614
1902 628
1903 619
1904 617
1905 675
1906 595
1907 644
1908 603
1909 573
1910 596
1911 577
1912 612
1913 603
1914 614
1915 590
1916 595
1917 613
1918 612
1919 613
1920 598
1921 650
1922 619
1923 615
1924 570
1925 573
1926 604
1927 603
1928 619
1929 604
1930 638
1931 628
1932 594
1933 637
1934 625
1935 609
1936 631
1937 597
1938 609
1939 587
1940 569
1941 625
1942 550
1943 598
1944 571
1945 569
1946 572
1947 558
1948 613
1949 586
1950 581
1951 582
1952 594
1953 595
1954 596
1955 582
1956 554
1957 600
1958 620
1959 570
1960 635
1961 590
1962 582
1963 594
1964 602
1965 632
1966 595
1967 600
1968 576
1969 557
1970 595
1971 580
1972 552
1973 590
1974 594
1975 589
1976 577
1977 585
1978 563
1979 567
1980 558
1981 580
1982 556
1983 537
1984 552
1985 586
1986 579
1987 541
1988 560
1989 596
1990 567
1991 583
1992 593
1993 570
1994 550
1995 554
1996 569
1997 600
1998 594
1999 573
2000 559
2001 578
2002 613
2003 539
2004 576
2005 566
2006 567
2007 577
2008 590
2009 545
2010 575
2011 531
2012 567
2013 587
2014 562
2015 542
2016 571
2017 493
2018 475
2019 557
2020 553
2021 564
2022 581
2023 516
2024 554
2025 538
2026 491
2027 545
2028 524
2029 527
2030 538
2031 545
2032 502
2033 520
2034 509
2035 527
2036 541
2037 550
2038 588
2039 547
2040 560
2041 528
2042 559
2043 528
2044 564
2045 538
2046 527
2047 583
2048 513
2049 551
2050 489
2051 477
2052 533
2053 543
2054 547
2055 498
2056 548
2057 522
2058 550
2059 527
2060 571
2061 528
2062 556
2063 539
2064 547
2065 549
2066 548
2067 568
2068 503
2069 520
2070 506
2071 518
2072 569
2073 540
2074 520
2075 557
2076 540
2077 535
2078 488
2079 513
2080 555
2081 487
2082 504
2083 547
2084 509
2085 522
2086 518
2087 564
2088 563
2089 505
2090 553
2091 542
2092 538
2093 518
2094 523
2095 478
2096 524
2097 517
2098 519
2099 498
2100 483
2101 501
2102 491
2103 522
2104 507
2105 483
2106 488
2107 509
2108 509
2109 482
2110 473
2111 505
2112 534
2113 466
2114 472
2115 442
2116 480
2117 446
2118 504
2119 475
2120 483
2121 487
2122 451
2123 450
2124 461
2125 432
2126 508
2127 516
2128 478
2129 465
2130 488
2131 469
2132 470
2133 437
2134 493
2135 445
2136 464
2137 437
2138 469
2139 460
2140 434
2141 506
2142 484
2143 467
2144 468
2145 444
2146 457
2147 477
2148 460
2149 445
2150 446
2151 445
2152 485
2153 429
2154 438
2155 443
2156 449
2157 492
2158 465
2159 488
2160 475
2161 489
2162 467
2163 445
2164 467
2165 429
2166 457
2167 456
2168 497
2169 502
2170 470
2171 452
2172 461
2173 468
2174 441
2175 479
2176 466
2177 422
2178 488
2179 430
2180 454
2181 477
2182 479
2183 467
2184 457
2185 440
2186 490
2187 489
2188 450
2189 469
2190 445
2191 429
2192 428
2193 458
2194 470
2195 453
2196 436
2197 449
2198 456
2199 436
2200 461
2201 453
2202 485
2203 467
2204 442
2205 422
2206 441
2207 498
2208 454
2209 447
2210 465
2211 436
2212 432
2213 456
2214 476
2215 479
2216 440
2217 394
2218 431
2219 446
2220 379
2221 439
2222 395
2223 413
2224 466
2225 410
2226 444
2227 427
2228 464
2229 427
2230 432
2231 419
2232 422
2233 378
2234 439
2235 403
2236 436
2237 433
2238 421
2239 410
2240 434
2241 397
2242 406
2243 414
2244 444
2245 443
2246 375
2247 413
2248 372
2249 442
2250 420
2251 447
2252 430
2253 411
2254 410
2255 447
2256 381
2257 446
2258 424
2259 432
2260 402
2261 423
2262 410
2263 424
2264 416
2265 443
2266 412
2267 425
2268 370
2269 428
2270 432
2271 390
2272 441
2273 375
2274 394
2275 415
2276 399
2277 399
2278 388
2279 468
2280 415
2281 419
2282 375
2283 394
2284 406
2285 447
2286 441
2287 369
2288 353
2289 368
2290 397
2291 386
2292 381
2293 412
2294 411
2295 408
2296 420
2297 415
2298 375
2299 398
2300 423
2301 392
2302 394
2303 421
2304 398
2305 388
2306 395
2307 433
2308 425
2309 386
2310 410
2311 415
2312 365
2313 393
2314 365
2315 418
2316 389
2317 395
2318 408
2319 418
2320 388
2321 394
2322 370
2323 400
2324 401
2325 403
2326 400
2327 406
2328 393
2329 374
2330 398
2331 357
2332 378
2333 414
2334 360
2335 355
2336 384
2337 382
2338 345
2339 410
2340 348
2341 380
2342 362
2343 379
2344 382
2345 324
2346 361
2347 376
2348 376
2349 389
2350 391
2351 389
2352 352
2353 374
2354 368
2355 396
2356 390
2357 388
2358 407
2359 409
2360 391
2361 351
2362 391
2363 383
2364 365
2365 378
2366 381
2367 359
2368 377
2369 363
2370 339
2371 379
2372 388
2373 400
2374 375
2375 409
2376 332
2377 404
2378 352
2379 364
2380 399
2381 392
2382 370
2383 356
2384 378
2385 371
2386 344
2387 376
2388 365
2389 362
2390 401
2391 397
2392 341
2393 339
2394 370
2395 347
2396 354
2397 323
2398 357
2399 348
2400 347
2401 340
2402 344
2403 368
2404 365
2405 375
2406 358
2407 381
2408 363
2409 382
2410 363
2411 359
2412 383
2413 342
2414 362
2415 341
2416 358
2417 346
2418 361
2419 373
2420 371
2421 368
2422 368
2423 338
2424 349
2425 380
2426 382
2427 338
2428 346
2429 371
2430 312
2431 359
2432 360
2433 366
2434 362
2435 365
2436 371
2437 356
2438 383
2439 365
2440 335
2441 391
2442 394
2443 340
2444 338
2445 388
2446 371
2447 369
2448 374
2449 361
2450 338
2451 320
2452 364
2453 362
2454 352
2455 331
2456 356
2457 375
2458 348
2459 335
2460 365
2461 360
2462 340
2463 339
2464 351
2465 343
2466 352
2467 321
2468 303
2469 331
2470 325
2471 335
2472 363
2473 383
2474 342
2475 335
2476 333
2477 367
2478 298
2479 315
2480 359
2481 357
2482 333
2483 338
2484 358
2485 334
2486 326
2487 334
2488 345
2489 320
2490 326
2491 338
2492 329
2493 327
2494 333
2495 335
2496 316
2497 335
2498 348
2499 330
2500 320
2501 371
2502 301
2503 338
2504 334
2505 333
2506 374
2507 345
2508 349
2509 304
2510 312
2511 324
2512 325
2513 343
2514 326
2515 316
2516 337
2517 317
2518 322
2519 315
2520 331
2521 333
2522 372
2523 324
2524 341
2525 310
2526 323
2527 320
2528 311
2529 311
2530 348
2531 308
2532 346
2533 330
2534 329
2535 312
2536 327
2537 340
2538 343
2539 333
2540 312
2541 340
2542 328
2543 299
2544 304
2545 327
2546 330
2547 353
2548 339
2549 331
2550 331
2551 331
2552 342
2553 311
2554 337
2555 342
2556 323
2557 341
2558 315
2559 320
2560 300
2561 313
2562 325
2563 301
2564 303
2565 322
2566 335
2567 329
2568 310
2569 329
2570 343
2571 321
2572 345
2573 337
2574 281
2575 314
2576 299
2577 306
2578 322
2579 297
2580 316
2581 323
2582 318
2583 303
2584 330
2585 314
2586 338
2587 323
2588 323
2589 331
2590 308
2591 286
2592 288
2593 302
2594 293
2595 279
2596 293
2597 292
2598 320
2599 317
2600 325
2601 284
2602 297
2603 328
2604 309
2605 317
2606 300
2607 313
2608 309
2609 361
2610 275
2611 321
2612 319
2613 327
2614 314
2615 254
2616 306
2617 294
2618 324
2619 325
2620 309
2621 282
2622 307
2623 348
2624 280
2625 301
2626 303
2627 316
2628 308
2629 302
2630 281
2631 310
2632 285
2633 285
2634 310
2635 339
2636 304
2637 305
2638 275
2639 308
2640 277
2641 288
2642 272
2643 289
2644 280
2645 297
2646 289
2647 323
2648 301
2649 303
2650 296
2651 288
2652 295
2653 312
2654 311
2655 270
2656 318
2657 285
2658 279
2659 345
2660 333
2661 296
2662 303
2663 310
2664 302
2665 287
2666 305
2667 294
2668 319
2669 323
2670 286
2671 310
2672 273
2673 299
2674 286
2675 290
2676 280
2677 310
2678 301
2679 324
2680 300
2681 298
2682 283
2683 295
2684 286
2685 294
2686 281
2687 298
2688 286
2689 280
2690 281
2691 283
2692 283
2693 287
2694 310
2695 285
2696 265
2697 270
2698 299
2699 279
2700 264
2701 284
2702 275
2703 301
2704 292
2705 290
2706 277
2707 306
2708 287
2709 285
2710 269
2711 269
2712 277
2713 290
2714 294
2715 252
2716 279
2717 283
2718 268
2719 277
2720 284
2721 267
2722 287
2723 307
2724 274
2725 281
2726 289
2727 272
2728 291
2729 318
2730 280
2731 280
2732 288
2733 291
2734 279
2735 313
2736 264
2737 309
2738 284
2739 316
2740 275
2741 285
2742 318
2743 293
2744 298
2745 279
2746 264
2747 288
2748 288
2749 258
2750 299
2751 280
2752 286
2753 279
2754 247
2755 254
2756 290
2757 251
2758 250
2759 272
2760 284
2761 249
2762 265
2763 253
2764 269
2765 260
2766 286
2767 254
2768 250
2769 295
2770 281
2771 253
2772 254
2773 237
2774 274
2775 277
2776 268
2777 301
2778 271
2779 286
2780 299
2781 276
2782 262
2783 306
2784 304
2785 278
2786 271
2787 266
2788 274
2789 293
2790 291
2791 287
2792 273
2793 258
2794 283
2795 269
2796 263
2797 281
2798 272
2799 271
2800 284
2801 263
2802 293
2803 277
2804 287
2805 272
2806 269
2807 258
2808 282
2809 319
2810 280
2811 303
2812 278
2813 255
2814 255
2815 279
2816 278
2817 291
2818 283
2819 261
2820 278
2821 267
2822 269
2823 245
2824 282
2825 265
2826 250
2827 265
2828 275
2829 255
2830 253
2831 286
2832 252
2833 289
2834 261
2835 232
2836 303
2837 253
2838 263
2839 289
2840 290
2841 235
2842 254
2843 271
2844 296
2845 265
2846 248
2847 276
2848 274
2849 272
2850 262
2851 273
2852 256
2853 284
2854 277
2855 257
2856 252
2857 274
2858 258
2859 227
2860 274
2861 269
2862 244
2863 265
2864 236
2865 268
2866 297
2867 262
2868 260
2869 276
2870 276
2871 251
2872 276
2873 261
2874 277
2875 254
2876 259
2877 252
2878 257
2879 261
2880 276
2881 259
2882 275
2883 253
2884 261
2885 258
2886 259
2887 260
2888 261
2889 307
2890 267
2891 283
2892 258
2893 268
2894 257
2895 270
2896 278
2897 288
2898 239
2899 226
2900 279
2901 273
2902 268
2903 279
2904 264
2905 232
2906 264
2907 234
2908 290
2909 267
2910 260
2911 304
2912 285
2913 228
2914 263
2915 257
2916 268
2917 273
2918 245
2919 285
2920 249
2921 270
2922 254
2923 252
2924 226
2925 236
2926 258
2927 264
2928 265
2929 274
2930 249
2931 280
2932 246
2933 249
2934 287
2935 242
2936 255
2937 269
2938 246
2939 228
2940 249
2941 252
2942 291
2943 265
2944 246
2945 233
2946 242
2947 243
2948 245
2949 244
2950 240
2951 235
2952 247
2953 281
2954 250
2955 250
2956 260
2957 240
2958 251
2959 258
2960 243
2961 261
2962 262
2963 243
2964 238
2965 248
2966 239
2967 239
2968 250
2969 256
2970 264
2971 224
2972 243
2973 250
2974 240
2975 242
2976 219
2977 272
2978 265
2979 249
2980 226
2981 231
2982 238
2983 219
2984 252
2985 254
2986 241
2987 234
2988 254
2989 238
2990 261
2991 270
2992 216
2993 237
2994 240
2995 242
2996 269
2997 247
2998 234
2999 256
3000 256
3001 213
3002 247
3003 225
3004 227
3005 236
3006 248
3007 279
3008 241
3009 231
3010 231
3011 250
3012 257
3013 242
3014 248
3015 247
3016 258
3017 245
3018 240
3019 241
3020 235
3021 236
3022 236
3023 238
3024 244
3025 231
3026 234
3027 237
3028 252
3029 243
3030 264
3031 234
3032 239
3033 216
3034 243
3035 242
3036 226
3037 223
3038 219
3039 257
3040 246
3041 245
3042 262
3043 257
3044 243
3045 240
3046 240
3047 221
3048 224
3049 240
3050 220
3051 238
3052 254
3053 255
3054 265
3055 210
3056 231
3057 210
3058 221
3059 211
3060 233
3061 215
3062 244
3063 223
3064 218
3065 239
3066 234
3067 237
3068 246
3069 220
3070 215
3071 245
3072 239
3073 233
3074 239
3075 262
3076 247
3077 219
3078 260
3079 238
3080 249
3081 203
3082 245
3083 263
3084 237
3085 233
3086 239
3087 215
3088 263
3089 240
3090 217
3091 242
3092 242
3093 230
3094 213
3095 228
3096 235
3097 223
3098 244
3099 220
3100 250
3101 223
3102 248
3103 247
3104 227
3105 232
3106 221
3107 228
3108 211
3109 228
3110 213
3111 234
3112 243
3113 251
3114 229
3115 215
3116 213
3117 242
3118 218
3119 233
3120 245
3121 233
3122 201
3123 216
3124 222
3125 228
3126 223
3127 223
3128 209
3129 219
3130 199
3131 223
3132 240
3133 232
3134 246
3135 226
3136 231
3137 228
3138 246
3139 246
3140 220
3141 229
3142 224
3143 239
3144 244
3145 243
3146 246
3147 219
3148 249
3149 197
3150 271
3151 242
3152 237
3153 222
3154 215
3155 207
3156 232
3157 244
3158 204
3159 216
3160 218
3161 229
3162 205
3163 222
3164 223
3165 202
3166 202
3167 240
3168 193
3169 210
3170 241
3171 221
3172 227
3173 202
3174 193
3175 220
3176 218
3177 221
3178 221
3179 207
3180 206
3181 242
3182 200
3183 214
3184 199
3185 236
3186 215
3187 195
3188 219
3189 238
3190 192
3191 207
3192 203
3193 191
3194 204
3195 203
3196 198
3197 193
3198 207
3199 187
3200 224
3201 215
3202 214
3203 217
3204 197
3205 240
3206 211
3207 177
3208 202
3209 235
3210 209
3211 204
3212 199
3213 215
3214 204
3215 235
3216 208
3217 211
3218 223
3219 211
3220 174
3221 210
3222 214
3223 191
3224 204
3225 178
3226 231
3227 185
3228 193
3229 191
3230 198
3231 203
3232 245
3233 197
3234 197
3235 205
3236 195
3237 191
3238 215
3239 194
3240 166
3241 199
3242 196
3243 204
3244 176
3245 189
3246 199
3247 180
3248 191
3249 174
3250 190
3251 175
3252 204
3253 202
3254 200
3255 206
3256 204
3257 189
3258 190
3259 186
3260 205
3261 209
3262 181
3263 197
3264 184
3265 181
3266 179
3267 203
3268 223
3269 174
3270 208
3271 216
3272 203
3273 186
3274 212
3275 172
3276 185
3277 209
3278 186
3279 207
3280 196
3281 204
3282 192
3283 219
3284 170
3285 222
3286 204
3287 186
3288 187
3289 184
3290 196
3291 209
3292 205
3293 203
3294 185
3295 194
3296 221
3297 197
3298 204
3299 220
3300 182
3301 204
3302 197
3303 188
3304 198
3305 182
3306 176
3307 181
3308 174
3309 193
3310 208
3311 208
3312 202
3313 184
3314 202
3315 206
3316 182
3317 170
3318 182
3319 203
3320 183
3321 199
3322 199
3323 199
3324 166
3325 189
3326 203
3327 196
3328 215
3329 217
3330 190
3331 227
3332 190
3333 218
3334 198
3335 191
3336 172
3337 190
3338 205
3339 182
3340 208
3341 209
3342 208
3343 197
3344 217
3345 203
3346 191
3347 185
3348 222
3349 180
3350 195
3351 201
3352 207
3353 184
3354 184
3355 200
3356 208
3357 211
3358 210
3359 164
3360 198
3361 202
3362 221
3363 198
3364 175
3365 185
3366 175
3367 202
3368 205
3369 179
3370 173
3371 199
3372 196
3373 191
3374 188
3375 246
3376 178
3377 211
3378 203
3379 203
3380 192
3381 184
3382 188
3383 189
3384 199
3385 225
3386 211
3387 204
3388 193
3389 197
3390 199
3391 188
3392 203
3393 204
3394 186
3395 177
3396 212
3397 202
3398 183
3399 204
3400 192
3401 217
3402 179
3403 195
3404 170
3405 176
3406 191
3407 187
3408 167
3409 200
3410 194
3411 213
3412 178
3413 168
3414 179
3415 217
3416 190
3417 191
3418 166
3419 191
3420 170
3421 185
3422 202
3423 180
3424 199
3425 165
3426 184
3427 165
3428 201
3429 172
3430 181
3431 193
3432 182
3433 177
3434 167
3435 171
3436 189
3437 207
3438 199
3439 195
3440 178
3441 185
3442 199
3443 164
3444 162
3445 186
3446 164
3447 180
3448 167
3449 198
3450 180
3451 157
3452 193
3453 195
3454 195
3455 213
3456 207
3457 205
3458 169
3459 192
3460 188
3461 200
3462 204
3463 188
3464 186
3465 199
3466 187
3467 208
3468 211
3469 194
3470 183
3471 200
3472 159
3473 215
3474 171
3475 187
3476 185
3477 163
3478 172
3479 197
3480 188
3481 175
3482 205
3483 167
3484 193
3485 188
3486 193
3487 178
3488 184
3489 186
3490 199
3491 176
3492 167
3493 180
3494 160
3495 194
3496 193
3497 176
3498 194
3499 171
3500 176
3501 184
3502 162
3503 184
3504 187
3505 203
3506 188
3507 185
3508 173
3509 171
3510 183
3511 204
3512 180
3513 169
3514 178
3515 181
3516 178
3517 180
3518 168
3519 182
3520 201
3521 176
3522 168
3523 166
3524 174
3525 171
3526 187
3527 199
3528 181
3529 183
3530 185
3531 182
3532 173
3533 178
3534 188
3535 209
3536 159
3537 189
3538 185
3539 168
3540 182
3541 181
3542 171
3543 168
3544 165
3545 168
3546 195
3547 177
3548 170
3549 173
3550 175
3551 186
3552 187
3553 177
3554 175
3555 190
3556 189
3557 155
3558 172
3559 184
3560 195
3561 175
3562 173
3563 199
3564 165
3565 184
3566 180
3567 178
3568 177
3569 171
3570 196
3571 186
3572 167
3573 171
3574 201
3575 167
3576 145
3577 171
3578 189
3579 170
3580 158
3581 170
3582 187
3583 168
3584 143
3585 144
3586 167
3587 156
3588 185
3589 163
3590 202
3591 164
3592 179
3593 157
3594 174
3595 156
3596 166
3597 188
3598 168
3599 170
3600 170
3601 169
3602 164
3603 161
3604 170
3605 144
3606 165
3607 181
3608 151
3609 171
3610 183
3611 166
3612 168
3613 190
3614 189
3615 181
3616 166
3617 168
3618 183
3619 141
3620 170
3621 171
3622 178
3623 145
3624 177
3625 198
3626 179
3627 177
3628 196
3629 159
3630 149
3631 180
3632 170
3633 150
3634 177
3635 159
3636 158
3637 187
3638 165
3639 172
3640 166
3641 160
3642 175
3643 173
3644 158
3645 182
3646 198
3647 170
3648 160
3649 170
3650 166
3651 170
3652 174
3653 167
3654 175
3655 182
3656 166
3657 156
3658 156
3659 161
3660 156
3661 177
3662 148
3663 176
3664 128
3665 184
3666 167
3667 153
3668 158
3669 206
3670 178
3671 189
3672 148
3673 166
3674 158
3675 170
3676 189
3677 176
3678 151
3679 162
3680 155
3681 172
3682 186
3683 177
3684 172
3685 155
3686 183
3687 152
3688 173
3689 167
3690 167
3691 170
3692 175
3693 157
3694 161
3695 150
3696 148
3697 181
3698 146
3699 154
3700 190
3701 160
3702 151
3703 153
3704 143
3705 180
3706 161
3707 161
3708 159
3709 159
3710 161
3711 182
3712 164
3713 150
3714 157
3715 163
3716 158
3717 160
3718 176
3719 177
3720 159
3721 181
3722 173
3723 149
3724 169
3725 159
3726 151
3727 181
3728 159
3729 164
3730 152
3731 175
3732 164
3733 179
3734 148
3735 146
3736 153
3737 147
3738 167
3739 174
3740 184
3741 159
3742 154
3743 194
3744 173
3745 153
3746 156
3747 155
3748 173
3749 157
3750 166
3751 156
3752 161
3753 167
3754 148
3755 173
3756 172
3757 164
3758 141
3759 144
3760 166
3761 149
3762 146
3763 150
3764 145
3765 143
3766 167
3767 149
3768 160
3769 163
3770 164
3771 173
3772 155
3773 165
3774 159
3775 141
3776 168
3777 169
3778 151
3779 173
3780 158
3781 138
3782 154
3783 164
3784 137
3785 156
3786 171
3787 183
3788 131
3789 151
3790 163
3791 181
3792 142
3793 163
3794 159
3795 140
3796 146
3797 177
3798 145
3799 137
3800 148
3801 171
3802 139
3803 159
3804 130
3805 151
3806 144
3807 142
3808 139
3809 157
3810 151
3811 174
3812 156
3813 157
3814 158
3815 170
3816 160
3817 165
3818 153
3819 132
3820 145
3821 135
3822 154
3823 155
3824 136
3825 150
3826 143
3827 142
3828 152
3829 153
3830 155
3831 157
3832 151
3833 162
3834 167
3835 159
3836 162
3837 137
3838 159
3839 131
3840 142
3841 154
3842 138
3843 158
3844 161
3845 146
3846 129
3847 155
3848 136
3849 143
3850 167
3851 153
3852 151
3853 137
3854 144
3855 160
3856 146
3857 139
3858 147
3859 147
3860 144
3861 160
3862 162
3863 154
3864 157
3865 164
3866 139
3867 170
3868 138
3869 166
3870 153
3871 140
3872 145
3873 153
3874 148
3875 148
3876 149
3877 148
3878 161
3879 138
3880 136
3881 152
3882 161
3883 139
3884 125
3885 146
3886 133
3887 156
3888 161
3889 157
3890 151
3891 143
3892 132
3893 168
3894 153
3895 132
3896 141
3897 146
3898 118
3899 140
3900 151
3901 146
3902 150
3903 164
3904 142
3905 165
3906 150
3907 166
3908 141
3909 153
3910 155
3911 124
3912 141
3913 155
3914 157
3915 179
3916 137
3917 159
3918 146
3919 151
3920 155
3921 146
3922 162
3923 143
3924 145
3925 160
3926 143
3927 143
3928 142
3929 145
3930 169
3931 141
3932 140
3933 145
3934 133
3935 174
3936 160
3937 145
3938 169
3939 130
3940 141
3941 166
3942 143
3943 161
3944 166
3945 147
3946 149
3947 155
3948 158
3949 146
3950 148
3951 148
3952 182
3953 156
3954 155
3955 137
3956 136
3957 140
3958 150
3959 146
3960 137
3961 153
3962 153
3963 149
3964 145
3965 150
3966 132
3967 159
3968 136
3969 155
3970 145
3971 141
3972 136
3973 146
3974 151
3975 159
3976 139
3977 140
3978 162
3979 143
3980 137
3981 126
3982 133
3983 164
3984 136
3985 135
3986 133
3987 155
3988 135
3989 150
3990 140
3991 136
3992 130
3993 151
3994 147
3995 124
3996 137
3997 115
3998 134
3999 152
4000 132
4001 148
4002 119
4003 148
4004 146
4005 123
4006 125
4007 140
4008 142
4009 130
4010 157
4011 134
4012 122
4013 150
4014 143
4015 143
4016 136
4017 124
4018 124
4019 140
4020 150
4021 118
4022 130
4023 146
4024 140
4025 148
4026 128
4027 136
4028 125
4029 147
4030 134
4031 138
4032 130
4033 142
4034 141
4035 108
4036 131
4037 153
4038 139
4039 160
4040 146
4041 139
4042 138
4043 139
4044 134
4045 124
4046 131
4047 127
4048 139
4049 122
4050 148
4051 134
4052 126
4053 151
4054 136
4055 143
4056 120
4057 125
4058 139
4059 157
4060 126
4061 135
4062 130
4063 140
4064 137
4065 132
4066 133
4067 128
4068 118
4069 142
4070 145
4071 147
4072 142
4073 140
4074 130
4075 141
4076 143
4077 131
4078 138
4079 143
4080 132
4081 163
4082 127
4083 133
4084 141
4085 136
4086 138
4087 124
4088 135
4089 123
4090 133
4091 146
4092 120
4093 136
4094 131
4095 133
4096 138
4097 140
4098 129
4099 110
4100 127
4101 146
4102 135
4103 118
4104 142
4105 113
4106 138
4107 160
4108 129
4109 120
4110 126
4111 126
4112 122
4113 141
4114 133
4115 108
4116 122
4117 143
4118 129
4119 126
4120 144
4121 118
4122 130
4123 126
4124 150
4125 118
4126 128
4127 125
4128 119
4129 138
4130 117
4131 117
4132 143
4133 122
4134 128
4135 122
4136 134
4137 120
4138 115
4139 116
4140 135
4141 163
4142 118
4143 133
4144 119
4145 127
4146 127
4147 122
4148 123
4149 152
4150 132
4151 117
4152 125
4153 127
4154 135
4155 120
4156 128
4157 134
4158 121
4159 154
4160 130
4161 135
4162 120
4163 118
4164 111
4165 126
4166 117
4167 135
4168 108
4169 123
4170 94
4171 149
4172 137
4173 145
4174 127
4175 119
4176 116
4177 131
4178 112
4179 114
4180 137
4181 129
4182 116
4183 125
4184 121
4185 129
4186 133
4187 142
4188 145
4189 111
4190 104
4191 144
4192 127
4193 103
4194 122
4195 107
4196 120
4197 130
4198 132
4199 124
4200 131
4201 113
4202 133
4203 140
4204 141
4205 128
4206 132
4207 128
4208 121
4209 109
4210 121
4211 121
4212 157
4213 136
4214 133
4215 108
4216 126
4217 125
4218 129
4219 120
4220 137
4221 111
4222 128
4223 117
4224 142
4225 112
4226 130
4227 139
4228 132
4229 98
4230 117
4231 114
4232 147
4233 114
4234 122
4235 110
4236 124
4237 129
4238 125
4239 132
4240 129
4241 120
4242 135
4243 129
4244 134
4245 115
4246 115
4247 129
4248 115
4249 102
4250 137
4251 123
4252 145
4253 123
4254 99
4255 92
4256 121
4257 123
4258 107
4259 124
4260 114
4261 116
4262 121
4263 132
4264 119
4265 91
4266 129
4267 118
4268 131
4269 107
4270 108
4271 112
4272 127
4273 118
4274 91
4275 128
4276 116
4277 122
4278 112
4279 125
4280 124
4281 145
4282 112
4283 140
4284 122
4285 115
4286 125
4287 130
4288 127
4289 146
4290 137
4291 119
4292 128
4293 127
4294 115
4295 115
4296 122
4297 131
4298 124
4299 115
4300 126
4301 132
4302 126
4303 124
4304 121
4305 109
4306 112
4307 109
4308 129
4309 99
4310 130
4311 97
4312 124
4313 115
4314 123
4315 122
4316 98
4317 125
4318 111
4319 121
4320 114
4321 104
4322 122
4323 119
4324 111
4325 105
4326 121
4327 123
4328 111
4329 118
4330 115
4331 118
4332 100
4333 115
4334 101
4335 127
4336 120
4337 128
4338 112
4339 128
4340 119
4341 101
4342 107
4343 117
4344 135
4345 125
4346 120
4347 124
4348 116
4349 134
4350 114
4351 105
4352 132
4353 120
4354 114
4355 125
4356 115
4357 107
4358 112
4359 132
4360 101
4361 116
4362 115
4363 120
4364 110
4365 98
4366 107
4367 109
4368 129
4369 113
4370 123
4371 109
4372 98
4373 105
4374 122
4375 115
4376 122
4377 126
4378 114
4379 137
4380 116
4381 109
4382 114
4383 110
4384 99
4385 111
4386 108
4387 119
4388 118
4389 127
4390 125
4391 132
4392 134
4393 123
4394 117
4395 122
4396 125
4397 115
4398 101
4399 123
4400 128
4401 116
4402 88
4403 121
4404 102
4405 116
4406 122
4407 107
4408 114
4409 100
4410 130
4411 114
4412 108
4413 107
4414 122
4415 103
4416 120
4417 125
4418 112
4419 111
4420 121
4421 111
4422 130
4423 98
4424 123
4425 99
4426 96
4427 94
4428 111
4429 122
4430 109
4431 105
4432 114
4433 122
4434 123
4435 96
4436 120
4437 128
4438 113
4439 114
4440 99
4441 112
4442 124
4443 114
4444 80
4445 111
4446 107
4447 117
4448 106
4449 117
4450 106
4451 122
4452 100
4453 112
4454 129
4455 107
4456 107
4457 112
4458 102
4459 109
4460 93
4461 124
4462 102
4463 110
4464 120
4465 106
4466 103
4467 127
4468 109
4469 110
4470 98
4471 126
4472 98
4473 113
4474 117
4475 110
4476 107
4477 113
4478 130
4479 106
4480 101
4481 102
4482 109
4483 129
4484 95
4485 110
4486 102
4487 106
4488 116
4489 124
4490 126
4491 127
4492 124
4493 106
4494 115
4495 107
4496 97
4497 111
4498 117
4499 122
4500 142
4501 118
4502 127
4503 124
4504 125
4505 110
4506 118
4507 116
4508 104
4509 102
4510 86
4511 117
4512 98
4513 112
4514 115
4515 104
4516 114
4517 118
4518 117
4519 120
4520 119
4521 108
4522 107
4523 115
4524 99
4525 101
4526 89
4527 130
4528 99
4529 104
4530 112
4531 122
4532 131
4533 129
4534 104
4535 105
4536 113
4537 100
4538 104
4539 97
4540 97
4541 126
4542 102
4543 109
4544 93
4545 122
4546 97
4547 117
4548 90
4549 114
4550 114
4551 109
4552 113
4553 109
4554 97
4555 127
4556 108
4557 86
4558 99
4559 101
4560 106
4561 122
4562 110
4563 104
4564 113
4565 129
4566 96
4567 112
4568 109
4569 106
4570 103
4571 120
4572 102
4573 93
4574 112
4575 97
4576 93
4577 110
4578 105
4579 112
4580 109
4581 105
4582 104
4583 125
4584 101
4585 111
4586 100
4587 113
4588 127
4589 113
4590 93
4591 103
4592 109
4593 114
4594 108
4595 103
4596 102
4597 95
4598 108
4599 105
4600 107
4601 87
4602 95
4603 98
4604 116
4605 119
4606 107
4607 103
4608 111
4609 114
4610 110
4611 110
4612 105
4613 95
4614 89
4615 120
4616 90
4617 101
4618 97
4619 96
4620 106
4621 117
4622 107
4623 115
4624 130
4625 92
4626 119
4627 109
4628 123
4629 107
4630 113
4631 112
4632 105
4633 101
4634 107
4635 103
4636 120
4637 121
4638 104
4639 134
4640 130
4641 122
4642 113
4643 124
4644 86
4645 94
4646 76
4647 93
4648 125
4649 104
4650 93
4651 110
4652 116
4653 116
4654 113
4655 120
4656 130
4657 108
4658 116
4659 106
4660 104
4661 114
4662 110
4663 115
4664 104
4665 121
4666 116
4667 109
4668 120
4669 95
4670 95
4671 114
4672 98
4673 112
4674 109
4675 113
4676 122
4677 115
4678 117
4679 101
4680 95
4681 101
4682 98
4683 120
4684 89
4685 99
4686 91
4687 110
4688 106
4689 105
4690 114
4691 95
4692 94
4693 98
4694 109
4695 121
4696 114
4697 108
4698 120
4699 96
4700 96
4701 111
4702 94
4703 104
4704 94
4705 105
4706 126
4707 107
4708 104
4709 107
4710 119
4711 101
4712 110
4713 122
4714 105
4715 121
4716 121
4717 123
4718 119
4719 116
4720 106
4721 103
4722 114
4723 118
4724 108
4725 103
4726 104
4727 104
4728 119
4729 103
4730 110
4731 115
4732 100
4733 122
4734 107
4735 106
4736 115
4737 94
4738 106
4739 99
4740 95
4741 115
4742 112
4743 101
4744 97
4745 113
4746 102
4747 105
4748 99
4749 120
4750 104
4751 123
4752 100
4753 127
4754 107
4755 124
4756 120
4757 121
4758 125
4759 115
4760 112
4761 114
4762 108
4763 118
4764 106
4765 107
4766 126
4767 92
4768 120
4769 94
4770 111
4771 107
4772 108
4773 107
4774 102
4775 98
4776 111
4777 127
4778 111
4779 119
4780 107
4781 113
4782 120
4783 119
4784 106
4785 88
4786 112
4787 109
4788 105
4789 116
4790 104
4791 108
4792 115
4793 99
4794 115
4795 112
4796 117
4797 123
4798 116
4799 112
4800 118
4801 110
4802 107
4803 120
4804 110
4805 111
4806 117
4807 91
4808 108
4809 97
4810 129
4811 105
4812 114
4813 115
4814 85
4815 113
4816 108
4817 116
4818 100
4819 95
4820 118
4821 92
4822 113
4823 109
4824 110
4825 111
4826 113
4827 137
4828 96
4829 97
4830 108
4831 119
4832 120
4833 88
4834 104
4835 119
4836 123
4837 103
4838 135
4839 102
4840 102
4841 107
4842 128
4843 97
4844 102
4845 140
4846 131
4847 123
4848 109
4849 112
4850 119
4851 108
4852 117
4853 115
4854 127
4855 101
4856 114
4857 115
4858 117
4859 122
4860 116
4861 111
4862 96
4863 136
4864 86
4865 100
4866 119
4867 115
4868 124
4869 143
4870 125
4871 114
4872 109
4873 135
4874 129
4875 113
4876 112
4877 100
4878 102
4879 106
4880 100
4881 98
4882 126
4883 119
4884 110
4885 116
4886 126
4887 109
4888 120
4889 132
4890 129
4891 110
4892 113
4893 114
4894 113
4895 101
4896 134
4897 116
4898 137
4899 138
4900 134
4901 138
4902 135
4903 101
4904 118
4905 119
4906 116
4907 102
4908 142
4909 116
4910 122
4911 126
4912 120
4913 141
4914 136
4915 135
4916 129
4917 128
4918 119
4919 133
4920 105
4921 138
4922 138
4923 142
4924 129
4925 142
4926 139
4927 135
4928 122
4929 123
4930 126
4931 127
4932 124
4933 139
4934 128
4935 121
4936 119
4937 121
4938 113
4939 101
4940 142
4941 147
4942 123
4943 121
4944 111
4945 135
4946 142
4947 146
4948 126
4949 109
4950 117
4951 127
4952 133
4953 129
4954 133
4955 140
4956 120
4957 156
4958 130
4959 134
4960 144
4961 138
4962 138
4963 111
4964 133
4965 128
4966 124
4967 134
4968 135
4969 126
4970 127
4971 129
4972 144
4973 127
4974 135
4975 134
4976 134
4977 124
4978 127
4979 111
4980 141
4981 131
4982 122
4983 116
4984 128
4985 129
4986 112
4987 137
4988 131
4989 116
4990 118
4991 127
4992 114
4993 137
4994 111
4995 124
4996 135
4997 100
4998 122
4999 111
5000 113
5001 120
5002 135
5003 147
5004 113
5005 124
5006 135
5007 116
5008 125
5009 135
5010 124
5011 130
5012 125
5013 118
5014 131
5015 144
5016 148
5017 146
5018 99
5019 127
5020 138
5021 121
5022 134
5023 131
5024 120
5025 143
5026 140
5027 150
5028 117
5029 130
5030 128
5031 149
5032 138
5033 139
5034 131
5035 152
5036 136
5037 137
5038 113
5039 117
5040 150
5041 111
5042 123
5043 130
5044 149
5045 121
5046 124
5047 132
5048 138
5049 157
5050 135
5051 132
5052 131
5053 128
5054 136
5055 133
5056 119
5057 126
5058 127
5059 152
5060 147
5061 146
5062 129
5063 140
5064 128
5065 130
5066 107
5067 140
5068 132
5069 119
5070 151
5071 121
5072 120
5073 145
5074 124
5075 141
5076 110
5077 129
5078 137
5079 138
5080 131
5081 110
5082 127
5083 139
5084 139
5085 126
5086 159
5087 139
5088 129
5089 131
5090 141
5091 130
5092 132
5093 128
5094 136
5095 133
5096 136
5097 141
5098 158
5099 145
5100 132
5101 139
5102 123
5103 134
5104 98
5105 128
5106 123
5107 131
5108 134
5109 136
5110 143
5111 125
5112 115
5113 139
5114 124
5115 122
5116 126
5117 134
5118 142
5119 122
5120 153
5121 149
5122 131
5123 168
5124 153
5125 153
5126 120
5127 130
5128 136
5129 130
5130 134
5131 136
5132 117
5133 135
5134 139
5135 127
5136 116
5137 133
5138 128
5139 143
5140 129
5141 139
5142 143
5143 132
5144 127
5145 124
5146 159
5147 141
5148 148
5149 141
5150 145
5151 160
5152 138
5153 150
5154 136
5155 160
5156 160
5157 136
5158 147
5159 142
5160 125
5161 128
5162 128
5163 133
5164 115
5165 154
5166 129
5167 137
5168 143
5169 141
5170 149
5171 143
5172 149
5173 123
5174 129
5175 140
5176 138
5177 133
5178 147
5179 140
5180 155
5181 150
5182 166
5183 143
5184 141
5185 161
5186 148
5187 143
5188 132
5189 164
5190 154
5191 150
5192 169
5193 138
5194 131
5195 161
5196 131
5197 140
5198 138
5199 152
5200 140
5201 145
5202 149
5203 131
5204 159
5205 151
5206 156
5207 134
5208 138
5209 141
5210 148
5211 141
5212 139
5213 154
5214 170
5215 152
5216 158
5217 161
5218 160
5219 137
5220 134
5221 153
5222 150
5223 127
5224 142
5225 128
5226 142
5227 160
5228 155
5229 151
5230 153
5231 145
5232 148
5233 140
5234 161
5235 158
5236 147
5237 141
5238 142
5239 144
5240 124
5241 134
5242 145
5243 152
5244 169
5245 150
5246 131
5247 157
5248 128
5249 154
5250 161
5251 141
5252 115
5253 159
5254 159
5255 145
5256 155
5257 145
5258 148
5259 154
5260 141
5261 157
5262 148
5263 143
5264 137
5265 164
5266 147
5267 141
5268 145
5269 132
5270 142
5271 151
5272 133
5273 135
5274 147
5275 130
5276 140
5277 127
5278 145
5279 134
5280 145
5281 143
5282 135
5283 140
5284 154
5285 144
5286 162
5287 142
5288 136
5289 139
5290 129
5291 143
5292 157
5293 138
5294 120
5295 145
5296 151
5297 133
5298 129
5299 144
5300 123
5301 131
5302 126
5303 122
5304 132
5305 135
5306 132
5307 138
5308 135
5309 131
5310 138
5311 138
5312 136
5313 150
5314 130
5315 147
5316 155
5317 134
5318 134
5319 144
5320 136
5321 145
5322 121
5323 119
5324 152
5325 129
5326 137
5327 156
5328 145
5329 148
5330 138
5331 142
5332 128
5333 145
5334 116
5335 147
5336 135
5337 122
5338 120
5339 159
5340 132
5341 134
5342 129
5343 136
5344 136
5345 134
5346 144
5347 156
5348 140
5349 140
5350 141
5351 145
5352 130
5353 134
5354 127
5355 134
5356 164
5357 118
5358 141
5359 138
5360 168
5361 145
5362 163
5363 153
5364 157
5365 155
5366 151
5367 145
5368 157
5369 129
5370 145
5371 135
5372 125
5373 135
5374 152
5375 168
5376 148
5377 151
5378 167
5379 149
5380 124
5381 143
5382 146
5383 151
5384 144
5385 156
5386 139
5387 157
5388 138
5389 144
5390 142
5391 119
5392 120
5393 149
5394 133
5395 141
5396 133
5397 154
5398 121
5399 136
5400 124
5401 130
5402 140
5403 143
5404 141
5405 143
5406 157
5407 127
5408 163
5409 136
5410 138
5411 131
5412 152
5413 157
5414 151
5415 129
5416 136
5417 144
5418 151
5419 120
5420 135
5421 128
5422 144
5423 150
5424 117
5425 151
5426 130
5427 142
5428 139
5429 131
5430 142
5431 111
5432 140
5433 108
5434 122
5435 146
5436 133
5437 137
5438 121
5439 144
5440 133
5441 136
5442 113
5443 129
5444 139
5445 128
5446 131
5447 147
5448 137
5449 111
5450 143
5451 130
5452 131
5453 124
5454 140
5455 135
5456 139
5457 126
5458 133
5459 127
5460 141
5461 129
5462 137
5463 152
5464 146
5465 137
5466 132
5467 135
5468 133
5469 126
5470 126
5471 141
5472 136
5473 131
5474 122
5475 127
5476 112
5477 104
5478 119
5479 132
5480 104
5481 119
5482 119
5483 137
5484 107
5485 118
5486 119
5487 115
5488 132
5489 130
5490 117
5491 100
5492 131
5493 111
5494 111
5495 119
5496 143
5497 124
5498 124
5499 125
5500 129
5501 113
5502 115
5503 125
5504 125
5505 130
5506 133
5507 119
5508 121
5509 125
5510 148
5511 122
5512 114
5513 125
5514 119
5515 100
5516 107
5517 106
5518 120
5519 116
5520 121
5521 105
5522 130
5523 119
5524 116
5525 125
5526 121
5527 105
5528 145
5529 117
5530 100
5531 101
5532 116
5533 135
5534 134
5535 129
5536 105
5537 104
5538 106
5539 129
5540 112
5541 132
5542 140
5543 130
5544 118
5545 110
5546 120
5547 108
5548 107
5549 110
5550 99
5551 106
5552 130
5553 118
5554 125
5555 119
5556 105
5557 118
5558 99
5559 140
5560 127
5561 129
5562 119
5563 135
5564 107
5565 111
5566 141
5567 132
5568 117
5569 129
5570 110
5571 144
5572 129
5573 136
5574 129
5575 123
5576 112
5577 118
5578 100
5579 117
5580 106
5581 128
5582 135
5583 122
5584 115
5585 129
5586 135
5587 120
5588 122
5589 115
5590 133
5591 134
5592 136
5593 147
5594 108
5595 123
5596 121
5597 126
5598 124
5599 126
5600 138
5601 130
5602 121
5603 114
5604 129
5605 99
5606 115
5607 122
5608 126
5609 130
5610 102
5611 114
5612 114
5613 132
5614 129
5615 128
5616 122
5617 121
5618 138
5619 118
5620 104
5621 108
5622 133
5623 89
5624 105
5625 99
5626 106
5627 125
5628 121
5629 134
5630 101
5631 111
5632 118
5633 117
5634 114
5635 118
5636 99
5637 115
5638 120
5639 106
5640 96
5641 119
5642 92
5643 125
5644 122
5645 107
5646 111
5647 87
5648 123
5649 126
5650 95
5651 114
5652 126
5653 116
5654 108
5655 91
5656 103
5657 102
5658 124
5659 105
5660 109
5661 99
5662 101
5663 106
5664 113
5665 86
5666 108
5667 102
5668 131
5669 95
5670 115
5671 103
5672 115
5673 104
5674 117
5675 114
5676 110
5677 109
5678 128
5679 112
5680 122
5681 119
5682 124
5683 103
5684 113
5685 114
5686 124
5687 121
5688 116
5689 114
5690 119
5691 125
5692 128
5693 121
5694 146
5695 108
5696 122
5697 114
5698 114
5699 110
5700 105
5701 126
5702 105
5703 109
5704 125
5705 130
5706 127
5707 110
5708 95
5709 130
5710 104
5711 103
5712 98
5713 127
5714 128
5715 119
5716 124
5717 105
5718 103
5719 109
5720 108
5721 101
5722 104
5723 109
5724 113
5725 107
5726 121
5727 115
5728 117
5729 123
5730 131
5731 97
5732 115
5733 116
5734 120
5735 101
5736 112
5737 127
5738 100
5739 98
5740 115
5741 122
5742 124
5743 126
5744 104
5745 116
5746 108
5747 102
5748 125
5749 97
5750 112
5751 114
5752 110
5753 135
5754 125
5755 111
5756 115
5757 97
5758 120
5759 111
5760 107
5761 98
5762 89
5763 105
5764 126
5765 115
5766 97
5767 110
5768 104
5769 113
5770 114
5771 99
5772 99
5773 108
5774 111
5775 125
5776 91
5777 103
5778 107
5779 126
5780 115
5781 109
5782 122
5783 94
5784 118
5785 112
5786 120
5787 87
5788 132
5789 127
5790 98
5791 91
5792 88
5793 100
5794 109
5795 116
5796 111
5797 107
5798 98
5799 116
5800 109
5801 79
5802 106
5803 109
5804 109
5805 111
5806 114
5807 105
5808 109
5809 118
5810 97
5811 95
5812 130
5813 98
5814 93
5815 103
5816 110
5817 99
5818 99
5819 108
5820 89
5821 116
5822 100
5823 114
5824 95
5825 104
5826 104
5827 111
5828 114
5829 95
5830 113
5831 112
5832 99
5833 109
5834 114
5835 106
5836 104
5837 120
5838 99
5839 120
5840 115
5841 96
5842 113
5843 86
5844 114
5845 101
5846 124
5847 111
5848 107
5849 97
5850 117
5851 103
5852 91
5853 106
5854 95
5855 100
5856 93
5857 110
5858 105
5859 111
5860 93
5861 96
5862 114
5863 100
5864 112
5865 126
5866 95
5867 112
5868 120
5869 102
5870 111
5871 116
5872 114
5873 107
5874 126
5875 115
5876 100
5877 129
5878 91
5879 102
5880 104
5881 116
5882 130
5883 99
5884 108
5885 103
5886 122
5887 117
5888 111
5889 128
5890 118
5891 108
5892 111
5893 112
5894 136
5895 109
5896 106
5897 128
5898 105
5899 96
5900 111
5901 106
5902 109
5903 114
5904 107
5905 106
5906 110
5907 127
5908 104
5909 120
5910 110
5911 130
5912 115
5913 110
5914 105
5915 115
5916 97
5917 132
5918 95
5919 112
5920 118
5921 128
5922 118
5923 122
5924 108
5925 106
5926 93
5927 101
5928 122
5929 116
5930 114
5931 126
5932 121
5933 128
5934 111
5935 111
5936 120
5937 85
5938 112
5939 95
5940 113
5941 105
5942 104
5943 127
5944 113
5945 106
5946 117
5947 114
5948 97
5949 88
5950 104
5951 96
5952 103
5953 122
5954 114
5955 101
5956 123
5957 107
5958 113
5959 106
5960 88
5961 101
5962 107
5963 94
5964 105
5965 93
5966 113
5967 111
5968 113
5969 125
5970 81
5971 110
5972 80
5973 87
5974 99
5975 106
5976 101
5977 90
5978 105
5979 114
5980 96
5981 88
5982 99
5983 92
5984 96
5985 109
5986 107
5987 113
5988 99
5989 110
5990 95
5991 81
5992 90
5993 86
5994 101
5995 87
5996 87
5997 90
5998 114
5999 126
6000 111
6001 85
6002 100
6003 97
6004 89
6005 103
6006 88
6007 113
6008 110
6009 116
6010 85
6011 101
6012 92
6013 117
6014 112
6015 99
6016 91
6017 121
6018 102
6019 91
6020 103
6021 93
6022 112
6023 90
6024 99
6025 77
6026 86
6027 76
6028 110
6029 76
6030 103
6031 98
6032 98
6033 91
6034 89
6035 95
6036 100
6037 98
6038 99
6039 85
6040 95
6041 99
6042 103
6043 88
6044 96
6045 95
6046 94
6047 98
6048 117
6049 102
6050 94
6051 91
6052 109
6053 93
6054 108
6055 109
6056 106
6057 89
6058 104
6059 94
6060 112
6061 93
6062 83
6063 110
6064 109
6065 102
6066 92
6067 102
6068 111
6069 117
6070 127
6071 112
6072 94
6073 102
6074 102
6075 99
6076 100
6077 100
6078 99
6079 80
6080 102
6081 111
6082 105
6083 108
6084 100
6085 118
6086 107
6087 108
6088 90
6089 92
6090 95
6091 89
6092 102
6093 114
6094 94
6095 125
6096 94
6097 98
6098 96
6099 92
6100 93
6101 111
6102 92
6103 93
6104 98
6105 92
6106 114
6107 85
6108 100
6109 97
6110 97
6111 108
6112 103
6113 104
6114 99
6115 109
6116 96
6117 85
6118 104
6119 118
6120 111
6121 92
6122 93
6123 108
6124 123
6125 111
6126 98
6127 95
6128 95
6129 89
6130 115
6131 97
6132 93
6133 105
6134 96
6135 101
6136 105
6137 93
6138 111
6139 110
6140 85
6141 112
6142 109
6143 107
6144 101
6145 108
6146 102
6147 107
6148 79
6149 98
6150 104
6151 106
6152 92
6153 109
6154 97
6155 92
6156 112
6157 110
6158 126
6159 110
6160 96
6161 99
6162 115
6163 97
6164 91
6165 111
6166 105
6167 90
6168 105
6169 98
6170 96
6171 110
6172 99
6173 96
6174 116
6175 105
6176 94
6177 90
6178 95
6179 90
6180 93
6181 98
6182 109
6183 94
6184 91
6185 100
6186 104
6187 107
6188 99
6189 98
6190 107
6191 104
6192 85
6193 96
6194 96
6195 85
6196 111
6197 111
6198 96
6199 103
6200 94
6201 98
6202 90
6203 108
6204 114
6205 106
6206 119
6207 123
6208 84
6209 98
6210 99
6211 110
6212 113
6213 103
6214 91
6215 85
6216 100
6217 107
6218 108
6219 97
6220 111
6221 91
6222 120
6223 106
6224 94
6225 103
6226 115
6227 90
6228 92
6229 87
6230 110
6231 113
6232 86
6233 87
6234 112
6235 80
6236 96
6237 75
6238 94
6239 92
6240 95
6241 92
6242 94
6243 120
6244 110
6245 95
6246 73
6247 87
6248 94
6249 88
6250 107
6251 95
6252 93
6253 106
6254 98
6255 96
6256 94
6257 93
6258 111
6259 102
6260 95
6261 97
6262 77
6263 90
6264 93
6265 88
6266 91
6267 79
6268 92
6269 95
6270 86
6271 105
6272 96
6273 82
6274 88
6275 93
6276 111
6277 94
6278 104
6279 91
6280 105
6281 88
6282 95
6283 94
6284 91
6285 93
6286 110
6287 97
6288 104
6289 114
6290 88
6291 88
6292 96
6293 98
6294 113
6295 106
6296 88
6297 95
6298 86
6299 86
6300 100
6301 110
6302 100
6303 99
6304 105
6305 103
6306 99
6307 108
6308 90
6309 101
6310 95
6311 98
6312 79
6313 102
6314 89
6315 79
6316 85
6317 87
6318 80
6319 85
6320 85
6321 108
6322 102
6323 83
6324 102
6325 89
6326 81
6327 99
6328 99
6329 109
6330 99
6331 89
6332 100
6333 93
6334 88
6335 97
6336 89
6337 89
6338 84
6339 89
6340 89
6341 102
6342 89
6343 90
6344 99
6345 89
6346 92
6347 71
6348 92
6349 91
6350 95
6351 98
6352 102
6353 84
6354 98
6355 83
6356 113
6357 84
6358 102
6359 84
6360 115
6361 99
6362 78
6363 93
6364 87
6365 81
6366 82
6367 78
6368 98
6369 67
6370 76
6371 94
6372 82
6373 100
6374 75
6375 84
6376 81
6377 71
6378 71
6379 104
6380 76
6381 93
6382 115
6383 104
6384 92
6385 86
6386 85
6387 85
6388 79
6389 85
6390 88
6391 87
6392 89
6393 85
6394 92
6395 93
6396 88
6397 72
6398 88
6399 79
6400 77
6401 70
6402 75
6403 85
6404 85
6405 88
6406 62
6407 77
6408 86
6409 90
6410 71
6411 79
6412 72
6413 69
6414 78
6415 80
6416 75
6417 74
6418 81
6419 82
6420 73
6421 88
6422 69
6423 89
6424 74
6425 81
6426 68
6427 79
6428 70
6429 82
6430 81
6431 79
6432 79
6433 74
6434 84
6435 78
6436 93
6437 75
6438 85
6439 79
6440 79
6441 67
6442 82
6443 81
6444 71
6445 69
6446 95
6447 78
6448 89
6449 78
6450 92
6451 69
6452 98
6453 85
6454 76
6455 78
6456 78
6457 77
6458 74
6459 73
6460 67
6461 89
6462 85
6463 89
6464 95
6465 67
6466 84
6467 88
6468 83
6469 72
6470 90
6471 82
6472 82
6473 87
6474 78
6475 82
6476 83
6477 80
6478 78
6479 77
6480 88
6481 73
6482 78
6483 78
6484 80
6485 73
6486 82
6487 87
6488 90
6489 74
6490 78
6491 100
6492 77
6493 87
6494 60
6495 78
6496 91
6497 86
6498 80
6499 81
6500 77
6501 77
6502 79
6503 85
6504 90
6505 91
6506 77
6507 71
6508 107
6509 89
6510 64
6511 71
6512 79
6513 71
6514 56
6515 86
6516 75
6517 70
6518 85
6519 67
6520 81
6521 74
6522 87
6523 79
6524 86
6525 77
6526 90
6527 72
6528 69
6529 80
6530 80
6531 75
6532 68
6533 89
6534 82
6535 66
6536 71
6537 69
6538 74
6539 65
6540 90
6541 75
6542 77
6543 82
6544 68
6545 74
6546 80
6547 73
6548 64
6549 76
6550 87
6551 93
6552 72
6553 92
6554 77
6555 76
6556 84
6557 74
6558 79
6559 63
6560 75
6561 66
6562 76
6563 69
6564 64
6565 61
6566 74
6567 64
6568 60
6569 74
6570 69
6571 67
6572 68
6573 68
6574 67
6575 73
6576 72
6577 84
6578 52
6579 67
6580 82
6581 62
6582 66
6583 70
6584 75
6585 74
6586 66
6587 81
6588 78
6589 56
6590 58
6591 67
6592 61
6593 61
6594 65
6595 69
6596 69
6597 66
6598 86
6599 73
6600 45
6601 80
6602 61
6603 75
6604 57
6605 64
6606 69
6607 74
6608 74
6609 63
6610 75
6611 63
6612 65
6613 73
6614 57
6615 76
6616 62
6617 66
6618 60
6619 77
6620 71
6621 62
6622 65
6623 73
6624 83
6625 70
6626 59
6627 67
6628 50
6629 57
6630 76
6631 69
6632 66
6633 57
6634 46
6635 76
6636 56
6637 62
6638 50
6639 70
6640 48
6641 64
6642 86
6643 81
6644 65
6645 73
6646 63
6647 65
6648 68
6649 38
6650 64
6651 50
6652 51
6653 64
6654 69
6655 60
6656 57
6657 59
6658 50
6659 64
6660 74
6661 71
6662 69
6663 68
6664 58
6665 63
6666 62
6667 74
6668 59
6669 60
6670 67
6671 65
6672 48
6673 61
6674 54
6675 67
6676 49
6677 63
6678 64
6679 77
6680 64
6681 67
6682 58
6683 47
6684 72
6685 54
6686 55
6687 63
6688 58
6689 75
6690 51
6691 62
6692 55
6693 57
6694 58
6695 62
6696 56
6697 52
6698 61
6699 63
6700 53
6701 51
6702 67
6703 57
6704 54
6705 52
6706 63
6707 65
6708 68
6709 62
6710 65
6711 65
6712 63
6713 57
6714 73
6715 45
6716 59
6717 51
6718 64
6719 37
6720 63
6721 60
6722 49
6723 83
6724 53
6725 67
6726 36
6727 65
6728 53
6729 74
6730 67
6731 63
6732 47
6733 50
6734 43
6735 63
6736 60
6737 67
6738 64
6739 75
6740 78
6741 58
6742 67
6743 61
6744 77
6745 47
6746 65
6747 54
6748 47
6749 56
6750 52
6751 60
6752 53
6753 60
6754 53
6755 59
6756 58
6757 59
6758 62
6759 58
6760 63
6761 56
6762 48
6763 54
6764 74
6765 50
6766 58
6767 53
6768 56
6769 54
6770 55
6771 55
6772 69
6773 55
6774 46
6775 55
6776 52
6777 54
6778 59
6779 53
6780 52
6781 71
6782 51
6783 61
6784 45
6785 44
6786 69
6787 55
6788 71
6789 56
6790 55
6791 69
6792 55
6793 47
6794 68
6795 45
6796 63
6797 57
6798 52
6799 55
6800 46
6801 47
6802 55
6803 58
6804 53
6805 57
6806 57
6807 55
6808 40
6809 59
6810 55
6811 46
6812 48
6813 54
6814 56
6815 59
6816 58
6817 58
6818 49
6819 54
6820 57
6821 53
6822 47
6823 47
6824 51
6825 49
6826 58
6827 55
6828 65
6829 60
6830 54
6831 69
6832 39
6833 58
6834 52
6835 61
6836 48
6837 49
6838 42
6839 63
6840 56
6841 53
6842 64
6843 59
6844 50
6845 55
6846 63
6847 47
6848 52
6849 56
6850 58
6851 49
6852 54
6853 44
6854 68
6855 46
6856 52
6857 45
6858 59
6859 52
6860 50
6861 49
6862 48
6863 62
6864 43
6865 40
6866 64
6867 53
6868 60
6869 66
6870 62
6871 68
6872 46
6873 58
6874 48
6875 48
6876 52
6877 53
6878 54
6879 52
6880 52
6881 49
6882 47
6883 43
6884 46
6885 47
6886 56
6887 51
6888 62
6889 48
6890 61
6891 30
6892 41
6893 43
6894 37
6895 47
6896 44
6897 51
6898 52
6899 54
6900 53
6901 49
6902 46
6903 45
6904 47
6905 44
6906 62
6907 50
6908 49
6909 43
6910 30
6911 58
6912 38
6913 43
6914 49
6915 46
6916 55
6917 29
6918 47
6919 55
6920 40
6921 42
6922 47
6923 44
6924 62
6925 44
6926 45
6927 44
6928 45
6929 56
6930 44
6931 47
6932 51
6933 50
6934 40
6935 58
6936 57
6937 51
6938 43
6939 40
6940 47
6941 48
6942 42
6943 49
6944 50
6945 49
6946 45
6947 52
6948 44
6949 62
6950 48
6951 57
6952 45
6953 54
6954 63
6955 45
6956 47
6957 57
6958 42
6959 55
6960 44
6961 53
6962 45
6963 39
6964 64
6965 53
6966 53
6967 54
6968 47
6969 41
6970 50
6971 52
6972 43
6973 47
6974 36
6975 48
6976 43
6977 47
6978 43
6979 47
6980 46
6981 49
6982 46
6983 40
6984 40
6985 37
6986 42
6987 45
6988 52
6989 38
6990 51
6991 53
6992 45
6993 47
6994 51
6995 43
6996 44
6997 43
6998 25
6999 60
7000 45
7001 55
7002 45
7003 42
7004 30
7005 44
7006 40
7007 42
7008 52
7009 45
7010 48
7011 56
7012 49
7013 35
7014 41
7015 43
7016 35
7017 52
7018 41
7019 54
7020 43
7021 47
7022 59
7023 40
7024 36
7025 33
7026 40
7027 32
7028 35
7029 37
7030 45
7031 53
7032 49
7033 35
7034 56
7035 40
7036 43
7037 53
7038 55
7039 46
7040 48
7041 44
7042 40
7043 50
7044 37
7045 53
7046 45
7047 42
7048 54
7049 49
7050 40
7051 47
7052 44
7053 49
7054 55
7055 47
7056 45
7057 44
7058 44
7059 48
7060 43
7061 31
7062 51
7063 42
7064 51
7065 36
7066 50
7067 50
7068 48
7069 53
7070 44
7071 48
7072 49
7073 46
7074 48
7075 52
7076 45
7077 44
7078 36
7079 42
7080 44
7081 47
7082 38
7083 58
7084 47
7085 49
7086 46
7087 46
7088 40
7089 36
7090 38
7091 45
7092 51
7093 44
7094 49
7095 46
7096 50
7097 51
7098 47
7099 35
7100 40
7101 43
7102 36
7103 49
7104 42
7105 42
7106 36
7107 40
7108 34
7109 44
7110 49
7111 54
7112 45
7113 60
7114 45
7115 39
7116 23
7117 44
7118 46
7119 39
7120 38
7121 53
7122 53
7123 54
7124 38
7125 52
7126 46
7127 47
7128 40
7129 45
7130 43
7131 44
7132 31
7133 40
7134 41
7135 46
7136 46
7137 49
7138 36
7139 49
7140 45
7141 38
7142 35
7143 45
7144 45
7145 43
7146 36
7147 34
7148 36
7149 32
7150 51
7151 50
7152 52
7153 44
7154 59
7155 45
7156 48
7157 58
7158 36
7159 50
7160 39
7161 34
7162 46
7163 41
7164 44
7165 45
7166 29
7167 38
7168 33
7169 34
7170 42
7171 40
7172 38
7173 34
7174 38
7175 41
7176 44
7177 39
7178 54
7179 38
7180 38
7181 46
7182 48
7183 40
7184 29
7185 38
7186 44
7187 41
7188 39
7189 42
7190 44
7191 35
7192 50
7193 50
7194 46
7195 51
7196 40
7197 35
7198 37
7199 43
7200 40
7201 45
7202 41
7203 42
7204 32
7205 54
7206 47
7207 51
7208 48
7209 37
7210 44
7211 48
7212 50
7213 43
7214 42
7215 52
7216 29
7217 53
7218 43
7219 40
7220 52
7221 45
7222 24
7223 48
7224 48
7225 48
7226 47
7227 52
7228 38
7229 44
7230 46
7231 35
7232 36
7233 40
7234 49
7235 38
7236 35
7237 33
7238 39
7239 47
7240 37
7241 33
7242 33
7243 38
7244 42
7245 41
7246 38
7247 29
7248 44
7249 42
7250 31
7251 36
7252 32
7253 38
7254 27
7255 35
7256 36
7257 34
7258 40
7259 38
7260 41
7261 31
7262 39
7263 32
7264 38
7265 40
7266 51
7267 35
7268 47
7269 49
7270 36
7271 41
7272 37
7273 41
7274 41
7275 51
7276 29
7277 39
7278 44
7279 48
7280 46
7281 32
7282 43
7283 35
7284 37
7285 42
7286 51
7287 33
7288 43
7289 44
7290 39
7291 50
7292 32
7293 37
7294 46
7295 58
7296 32
7297 43
7298 43
7299 33
7300 48
7301 41
7302 34
7303 51
7304 35
7305 36
7306 41
7307 35
7308 34
7309 35
7310 42
7311 56
7312 36
7313 45
7314 38
7315 47
7316 34
7317 39
7318 51
7319 34
7320 44
7321 46
7322 34
7323 40
7324 44
7325 28
7326 45
7327 30
7328 45
7329 52
7330 37
7331 34
7332 35
7333 43
7334 51
7335 44
7336 48
7337 43
7338 54
7339 43
7340 50
7341 39
7342 48
7343 39
7344 34
7345 36
7346 39
7347 35
7348 43
7349 45
7350 33
7351 37
7352 43
7353 48
7354 37
7355 43
7356 41
7357 35
7358 42
7359 41
7360 43
7361 36
7362 32
7363 44
7364 40
7365 40
7366 37
7367 38
7368 33
7369 33
7370 47
7371 36
7372 35
7373 50
7374 33
7375 49
7376 43
7377 39
7378 48
7379 39
7380 56
7381 52
7382 33
7383 33
7384 39
7385 45
7386 46
7387 59
7388 37
7389 35
7390 32
7391 38
7392 43
7393 35
7394 46
7395 40
7396 38
7397 38
7398 36
7399 48
7400 39
7401 29
7402 37
7403 41
7404 25
7405 36
7406 44
7407 46
7408 49
7409 50
7410 32
7411 43
7412 47
7413 37
7414 40
7415 43
7416 42
7417 47
7418 49
7419 33
7420 37
7421 30
7422 29
7423 40
7424 32
7425 32
7426 46
7427 45
7428 34
7429 41
7430 52
7431 41
7432 37
7433 38
7434 36
7435 37
7436 53
7437 46
7438 37
7439 36
7440 33
7441 36
7442 40
7443 24
7444 44
7445 44
7446 36
7447 25
7448 42
7449 43
7450 35
7451 35
7452 43
7453 34
7454 41
7455 36
7456 37
7457 41
7458 36
7459 27
7460 38
7461 36
7462 42
7463 46
7464 30
7465 37
7466 45
7467 38
7468 37
7469 40
7470 42
7471 30
7472 32
7473 39
7474 34
7475 38
7476 48
7477 40
7478 45
7479 43
7480 33
7481 45
7482 35
7483 31
7484 44
7485 45
7486 39
7487 41
7488 38
7489 48
7490 41
7491 45
7492 34
7493 43
7494 33
7495 39
7496 33
7497 41
7498 46
7499 39
7500 34
7501 39
7502 45
7503 45
7504 39
7505 48
7506 46
7507 32
7508 42
7509 44
7510 44
7511 30
7512 37
7513 43
7514 42
7515 21
7516 45
7517 45
7518 37
7519 38
7520 39
7521 50
7522 41
7523 33
7524 43
7525 44
7526 42
7527 35
7528 38
7529 47
7530 33
7531 42
7532 38
7533 40
7534 34
7535 52
7536 48
7537 39
7538 46
7539 41
7540 48
7541 45
7542 38
7543 50
7544 43
7545 48
7546 29
7547 32
7548 38
7549 37
7550 41
7551 30
7552 34
7553 31
7554 39
7555 43
7556 29
7557 55
7558 38
7559 45
7560 33
7561 33
7562 40
7563 34
7564 33
7565 29
7566 54
7567 43
7568 33
7569 36
7570 39
7571 43
7572 38
7573 37
7574 47
7575 37
7576 50
7577 46
7578 53
7579 36
7580 31
7581 36
7582 51
7583 32
7584 36
7585 45
7586 37
7587 37
7588 44
7589 43
7590 32
7591 40
7592 34
7593 45
7594 41
7595 26
7596 36
7597 40
7598 43
7599 37
7600 32
7601 39
7602 36
7603 44
7604 40
7605 37
7606 37
7607 40
7608 45
7609 31
7610 36
7611 34
7612 39
7613 44
7614 35
7615 47
7616 36
7617 40
7618 39
7619 33
7620 46
7621 29
7622 35
7623 28
7624 39
7625 36
7626 38
7627 34
7628 19
7629 46
7630 38
7631 43
7632 39
7633 39
7634 40
7635 30
7636 44
7637 35
7638 31
7639 36
7640 31
7641 34
7642 52
7643 37
7644 26
7645 34
7646 38
7647 31
7648 35
7649 37
7650 43
7651 31
7652 37
7653 38
7654 33
7655 40
7656 40
7657 52
7658 45
7659 40
7660 35
7661 36
7662 28
7663 35
7664 43
7665 45
7666 35
7667 42
7668 34
7669 42
7670 34
7671 36
7672 35
7673 29
7674 46
7675 31
7676 44
7677 46
7678 46
7679 43
7680 38
7681 30
7682 31
7683 41
7684 30
7685 35
7686 33
7687 29
7688 36
7689 41
7690 39
7691 34
7692 44
7693 37
7694 34
7695 47
7696 29
7697 47
7698 34
7699 24
7700 39
7701 46
7702 43
7703 46
7704 36
7705 39
7706 35
7707 30
7708 31
7709 43
7710 25
7711 26
7712 37
7713 27
7714 37
7715 31
7716 32
7717 46
7718 28
7719 36
7720 37
7721 42
7722 34
7723 40
7724 31
7725 34
7726 33
7727 38
7728 34
7729 31
7730 32
7731 36
7732 44
7733 45
7734 36
7735 32
7736 35
7737 36
7738 36
7739 35
7740 45
7741 27
7742 38
7743 35
7744 48
7745 39
7746 37
7747 39
7748 34
7749 35
7750 41
7751 41
7752 34
7753 35
7754 28
7755 32
7756 37
7757 39
7758 42
7759 37
7760 40
7761 39
7762 35
7763 37
7764 26
7765 32
7766 40
7767 29
7768 40
7769 37
7770 31
7771 38
7772 34
7773 38
7774 46
7775 43
7776 40
7777 37
7778 33
7779 30
7780 33
7781 40
7782 41
7783 33
7784 34
7785 34
7786 37
7787 37
7788 43
7789 39
7790 26
7791 35
7792 33
7793 28
7794 35
7795 47
7796 29
7797 34
7798 24
7799 26
7800 46
7801 47
7802 40
7803 34
7804 25
7805 47
7806 35
7807 47
7808 34
7809 35
7810 35
7811 28
7812 34
7813 35
7814 43
7815 31
7816 29
7817 29
7818 38
7819 34
7820 33
7821 28
7822 22
7823 26
7824 43
7825 39
7826 28
7827 34
7828 28
7829 38
7830 39
7831 36
7832 43
7833 35
7834 30
7835 40
7836 37
7837 40
7838 40
7839 32
7840 40
7841 30
7842 27
7843 24
7844 45
7845 33
7846 33
7847 33
7848 36
7849 37
7850 34
7851 25
7852 28
7853 43
7854 33
7855 38
7856 25
7857 35
7858 28
7859 41
7860 38
7861 44
7862 37
7863 21
7864 34
7865 29
7866 39
7867 31
7868 38
7869 32
7870 47
7871 27
7872 21
7873 41
7874 38
7875 40
7876 36
7877 28
7878 31
7879 31
7880 32
7881 32
7882 31
7883 32
7884 34
7885 29
7886 39
7887 36
7888 34
7889 22
7890 40
7891 26
7892 38
7893 28
7894 37
7895 29
7896 28
7897 28
7898 35
7899 36
7900 19
7901 38
7902 36
7903 24
7904 28
7905 36
7906 21
7907 32
7908 38
7909 32
7910 27
7911 36
7912 35
7913 41
7914 37
7915 33
7916 39
7917 23
7918 43
7919 28
7920 37
7921 37
7922 28
7923 49
7924 40
7925 36
7926 28
7927 30
7928 32
7929 40
7930 34
7931 26
7932 44
7933 40
7934 40
7935 36
7936 33
7937 34
7938 29
7939 23
7940 38
7941 21
7942 36
7943 43
7944 28
7945 31
7946 32
7947 42
7948 32
7949 35
7950 35
7951 39
7952 33
7953 40
7954 24
7955 37
7956 31
7957 34
7958 40
7959 40
7960 31
7961 35
7962 34
7963 38
7964 29
7965 28
7966 24
7967 31
7968 34
7969 23
7970 36
7971 40
7972 30
7973 37
7974 37
7975 33
7976 32
7977 45
7978 35
7979 35
7980 37
7981 40
7982 28
7983 42
7984 30
7985 31
7986 20
7987 27
7988 35
7989 40
7990 27
7991 36
7992 33
7993 43
7994 26
7995 21
7996 37
7997 37
7998 41
7999 31
8000 33
8001 25
8002 29
8003 37
8004 29
8005 40
8006 41
8007 30
8008 44
8009 33
8010 29
8011 38
8012 34
8013 37
8014 40
8015 31
8016 36
8017 36
8018 21
8019 29
8020 32
8021 28
8022 31
8023 33
8024 42
8025 27
8026 32
8027 36
8028 36
8029 33
8030 40
8031 30
8032 28
8033 36
8034 41
8035 22
8036 40
8037 32
8038 41
8039 31
8040 40
8041 40
8042 28
8043 37
8044 42
8045 27
8046 35
8047 25
8048 38
8049 33
8050 36
8051 29
8052 37
8053 30
8054 33
8055 25
8056 41
8057 27
8058 36
8059 30
8060 38
8061 21
8062 37
8063 39
8064 38
8065 27
8066 29
8067 19
8068 33
8069 35
8070 32
8071 33
8072 41
8073 34
8074 34
8075 34
8076 28
8077 37
8078 37
8079 36
8080 30
8081 26
8082 30
8083 36
8084 22
8085 31
8086 26
8087 32
8088 30
8089 39
8090 40
8091 33
8092 33
8093 35
8094 23
8095 25
8096 26
8097 31
8098 35
8099 28
8100 23
8101 25
8102 22
8103 33
8104 30
8105 28
8106 40
8107 34
8108 31
8109 35
8110 32
8111 28
8112 28
8113 32
8114 37
8115 35
8116 36
8117 22
8118 37
8119 29
8120 23
8121 38
8122 28
8123 28
8124 42
8125 31
8126 30
8127 29
8128 30
8129 32
8130 28
8131 29
8132 23
8133 32
8134 29
8135 42
8136 34
8137 36
8138 31
8139 28
8140 36
8141 26
8142 27
8143 28
8144 39
8145 35
8146 31
8147 28
8148 26
8149 24
8150 28
8151 29
8152 31
8153 28
8154 25
8155 35
8156 28
8157 32
8158 18
8159 31
8160 29
8161 30
8162 25
8163 31
8164 27
8165 28
8166 31
8167 26
8168 25
8169 27
8170 44
8171 22
8172 18
8173 37
8174 26
8175 24
8176 41
8177 33
8178 36
8179 42
8180 36
8181 31
8182 27
8183 26
8184 21
8185 29
8186 33
8187 32
8188 28
8189 20
8190 28
8191 28
8192 33
8193 38
8194 31
8195 41
8196 29
8197 35
8198 34
8199 28
8200 21
8201 37
8202 34
8203 47
8204 35
8205 32
8206 33
8207 24
8208 23
8209 35
8210 27
8211 33
8212 24
8213 23
8214 38
8215 23
8216 21
8217 31
8218 24
8219 40
8220 23
8221 26
8222 27
8223 23
8224 44
8225 37
8226 39
8227 30
8228 24
8229 31
8230 31
8231 31
8232 27
8233 35
8234 34
8235 32
8236 33
8237 32
8238 32
8239 33
8240 25
8241 22
8242 28
8243 29
8244 36
8245 27
8246 24
8247 23
8248 30
8249 35
8250 24
8251 31
8252 32
8253 24
8254 29
8255 30
8256 35
8257 26
8258 23
8259 27
8260 26
8261 31
8262 44
8263 32
8264 32
8265 27
8266 36
8267 21
8268 26
8269 26
8270 29
8271 28
8272 36
8273 30
8274 25
8275 27
8276 24
8277 29
8278 28
8279 31
8280 23
8281 33
8282 37
8283 22
8284 24
8285 29
8286 38
8287 32
8288 28
8289 36
8290 32
8291 29
8292 31
8293 34
8294 38
8295 20
8296 22
8297 28
8298 44
8299 29
8300 33
8301 25
8302 32
8303 25
8304 29
8305 36
8306 27
8307 21
8308 28
8309 33
8310 31
8311 45
8312 29
8313 27
8314 25
8315 31
8316 37
8317 21
8318 27
8319 22
8320 29
8321 25
8322 47
8323 36
8324 19
8325 36
8326 32
8327 25
8328 40
8329 28
8330 33
8331 33
8332 28
8333 32
8334 33
8335 33
8336 26
8337 36
8338 28
8339 30
8340 32
8341 25
8342 25
8343 24
8344 31
8345 28
8346 21
8347 43
8348 29
8349 38
8350 30
8351 28
8352 32
8353 34
8354 29
8355 32
8356 34
8357 30
8358 33
8359 40
8360 23
8361 26
8362 36
8363 32
8364 30
8365 39
8366 32
8367 25
8368 30
8369 26
8370 43
8371 29
8372 28
8373 28
8374 24
8375 25
8376 40
8377 32
8378 32
8379 22
8380 40
8381 29
8382 24
8383 19
8384 41
8385 44
8386 34
8387 28
8388 27
8389 19
8390 36
8391 28
8392 36
8393 33
8394 24
8395 21
8396 28
8397 25
8398 27
8399 27
8400 33
8401 23
8402 40
8403 33
8404 39
8405 28
8406 28
8407 29
8408 33
8409 27
8410 32
8411 32
8412 28
8413 23
8414 26
8415 22
8416 24
8417 26
8418 22
8419 25
8420 25
8421 32
8422 31
8423 36
8424 40
8425 27
8426 18
8427 36
8428 15
8429 20
8430 39
8431 29
8432 34
8433 26
8434 24
8435 24
8436 32
8437 32
8438 29
8439 22
8440 32
8441 34
8442 37
8443 41
8444 23
8445 24
8446 28
8447 35
8448 30
8449 22
8450 25
8451 32
8452 33
8453 27
8454 28
8455 31
8456 23
8457 30
8458 34
8459 29
8460 30
8461 31
8462 28
8463 26
8464 30
8465 22
8466 28
8467 31
8468 28
8469 28
8470 37
8471 33
8472 25
8473 26
8474 21
8475 31
8476 44
8477 13
8478 27
8479 28
8480 27
8481 27
8482 29
8483 28
8484 26
8485 32
8486 36
8487 33
8488 22
8489 32
8490 23
8491 27
8492 28
8493 26
8494 31
8495 28
8496 39
8497 32
8498 31
8499 26
8500 33
8501 25
8502 24
8503 29
8504 23
8505 26
8506 29
8507 19
8508 21
8509 26
8510 26
8511 33
8512 39
8513 25
8514 26
8515 31
8516 24
8517 37
8518 22
8519 21
8520 32
8521 35
8522 22
8523 32
8524 29
8525 20
8526 33
8527 27
8528 21
8529 32
8530 24
8531 35
8532 31
8533 25
8534 22
8535 30
8536 25
8537 33
8538 31
8539 26
8540 26
8541 30
8542 30
8543 28
8544 28
8545 35
8546 31
8547 23
8548 26
8549 35
8550 24
8551 32
8552 24
8553 27
8554 18
8555 24
8556 27
8557 28
8558 26
8559 25
8560 40
8561 28
8562 23
8563 18
8564 26
8565 28
8566 32
8567 27
8568 31
8569 35
8570 29
8571 32
8572 30
8573 24
8574 39
8575 26
8576 28
8577 18
8578 34
8579 25
8580 31
8581 34
8582 21
8583 28
8584 29
8585 21
8586 27
8587 19
8588 26
8589 30
8590 24
8591 38
8592 33
8593 23
8594 28
8595 30
8596 31
8597 33
8598 19
8599 39
8600 24
8601 25
8602 17
8603 26
8604 23
8605 25
8606 33
8607 35
8608 32
8609 37
8610 26
8611 33
8612 24
8613 28
8614 30
8615 31
8616 28
8617 33
8618 23
8619 31
8620 26
8621 41
8622 34
8623 28
8624 29
8625 25
8626 30
8627 31
8628 27
8629 16
8630 23
8631 33
8632 20
8633 29
8634 25
8635 25
8636 26
8637 29
8638 37
8639 31
8640 38
8641 40
8642 31
8643 32
8644 36
8645 25
8646 29
8647 36
8648 24
8649 20
8650 20
8651 24
8652 30
8653 24
8654 25
8655 35
8656 26
8657 23
8658 26
8659 23
8660 26
8661 36
8662 30
8663 31
8664 33
8665 25
8666 31
8667 28
8668 27
8669 26
8670 27
8671 23
8672 33
8673 35
8674 20
8675 24
8676 18
8677 27
8678 28
8679 32
8680 26
8681 28
8682 27
8683 27
8684 25
8685 30
8686 23
8687 29
8688 20
8689 19
8690 24
8691 19
8692 31
8693 40
8694 23
8695 20
8696 29
8697 22
8698 36
8699 27
8700 29
8701 27
8702 26
8703 24
8704 20
8705 29
8706 28
8707 30
8708 31
8709 31
8710 26
8711 29
8712 23
8713 26
8714 21
8715 24
8716 28
8717 34
8718 20
8719 23
8720 32
8721 26
8722 40
8723 24
8724 30
8725 29
8726 32
8727 17
8728 32
8729 23
8730 24
8731 32
8732 29
8733 29
8734 27
8735 27
8736 26
8737 34
8738 25
8739 25
8740 23
8741 29
8742 32
8743 31
8744 28
8745 24
8746 21
8747 24
8748 33
8749 34
8750 27
8751 34
8752 24
8753 38
8754 35
8755 17
8756 29
8757 19
8758 19
8759 24
8760 27
8761 28
8762 24
8763 25
8764 34
8765 19
8766 29
8767 18
8768 29
8769 28
8770 27
8771 21
8772 25
8773 25
8774 24
8775 34
8776 23
8777 25
8778 21
8779 38
8780 19
8781 32
8782 25
8783 28
8784 23
8785 26
8786 26
8787 21
8788 30
8789 22
8790 27
8791 29
8792 34
8793 22
8794 25
8795 25
8796 20
8797 38
8798 15
8799 24
8800 30
8801 24
8802 33
8803 16
8804 19
8805 30
8806 25
8807 32
8808 30
8809 23
8810 33
8811 33
8812 33
8813 23
8814 33
8815 18
8816 32
8817 21
8818 28
8819 26
8820 27
8821 23
8822 17
8823 26
8824 36
8825 21
8826 35
8827 30
8828 21
8829 24
8830 22
8831 26
8832 30
8833 24
8834 24
8835 21
8836 19
8837 14
8838 18
8839 20
8840 25
8841 33
8842 30
8843 18
8844 21
8845 32
8846 22
8847 22
8848 26
8849 32
8850 20
8851 32
8852 27
8853 16
8854 24
8855 18
8856 25
8857 13
8858 32
8859 26
8860 30
8861 14
8862 32
8863 32
8864 22
8865 30
8866 28
8867 34
8868 24
8869 29
8870 20
8871 26
8872 31
8873 31
8874 23
8875 26
8876 30
8877 24
8878 26
8879 30
8880 25
8881 24
8882 24
8883 33
8884 16
8885 12
8886 25
8887 25
8888 32
8889 19
8890 21
8891 24
8892 23
8893 22
8894 19
8895 35
8896 11
8897 21
8898 27
8899 25
8900 28
8901 25
8902 32
8903 22
8904 21
8905 25
8906 23
8907 22
8908 20
8909 30
8910 19
8911 21
8912 22
8913 25
8914 24
8915 22
8916 29
8917 21
8918 22
8919 23
8920 17
8921 22
8922 30
8923 22
8924 21
8925 32
8926 31
8927 31
8928 27
8929 31
8930 22
8931 18
8932 20
8933 24
8934 28
8935 23
8936 19
8937 27
8938 21
8939 15
8940 25
8941 33
8942 35
8943 19
8944 28
8945 24
8946 19
8947 22
8948 31
8949 23
8950 20
8951 26
8952 26
8953 23
8954 23
8955 20
8956 25
8957 28
8958 20
8959 32
8960 23
8961 29
8962 17
8963 17
8964 27
8965 16
8966 12
8967 38
8968 21
8969 28
8970 28
8971 23
8972 20
8973 23
8974 19
8975 32
8976 27
8977 23
8978 24
8979 26
8980 23
8981 21
8982 31
8983 29
8984 21
8985 28
8986 24
8987 20
8988 22
8989 21
8990 26
8991 22
8992 30
8993 19
8994 30
8995 29
8996 22
8997 31
8998 23
8999 21
9000 20
9001 25
9002 26
9003 28
9004 32
9005 23
9006 21
9007 24
9008 31
9009 29
9010 33
9011 21
9012 35
9013 32
9014 19
9015 28
9016 24
9017 28
9018 18
9019 22
9020 26
9021 32
9022 21
9023 17
9024 26
9025 22
9026 15
9027 25
9028 20
9029 23
9030 24
9031 34
9032 31
9033 27
9034 23
9035 30
9036 23
9037 30
9038 19
9039 24
9040 24
9041 18
9042 36
9043 25
9044 21
9045 22
9046 24
9047 24
9048 30
9049 24
9050 22
9051 18
9052 18
9053 19
9054 26
9055 19
9056 31
9057 28
9058 22
9059 21
9060 27
9061 28
9062 34
9063 30
9064 30
9065 40
9066 35
9067 28
9068 23
9069 28
9070 27
9071 22
9072 28
9073 27
9074 31
9075 27
9076 27
9077 29
9078 29
9079 18
9080 29
9081 33
9082 21
9083 26
9084 25
9085 28
9086 18
9087 29
9088 22
9089 27
9090 22
9091 27
9092 32
9093 31
9094 36
9095 19
9096 31
9097 27
9098 35
9099 18
9100 25
9101 28
9102 23
9103 32
9104 25
9105 20
9106 15
9107 26
9108 26
9109 22
9110 22
9111 19
9112 19
9113 26
9114 12
9115 19
9116 24
9117 28
9118 23
9119 22
9120 26
9121 26
9122 37
9123 30
9124 33
9125 28
9126 28
9127 25
9128 23
9129 28
9130 33
9131 30
9132 23
9133 35
9134 29
9135 25
9136 39
9137 20
9138 29
9139 29
9140 24
9141 21
9142 19
9143 23
9144 26
9145 26
9146 30
9147 16
9148 21
9149 24
9150 25
9151 18
9152 35
9153 26
9154 26
9155 24
9156 25
9157 23
9158 36
9159 23
9160 25
9161 28
9162 37
9163 29
9164 31
9165 25
9166 26
9167 32
9168 32
9169 27
9170 24
9171 21
9172 26
9173 31
9174 19
9175 31
9176 29
9177 33
9178 31
9179 24
9180 26
9181 20
9182 31
9183 28
9184 19
9185 26
9186 33
9187 39
9188 29
9189 19
9190 25
9191 35
9192 34
9193 27
9194 27
9195 35
9196 28
9197 26
9198 24
9199 22
9200 21
9201 23
9202 12
9203 35
9204 20
9205 28
9206 24
9207 13
9208 30
9209 25
9210 31
9211 17
9212 18
9213 20
9214 27
9215 22
9216 29
9217 23
9218 27
9219 30
9220 19
9221 20
9222 27
9223 37
9224 17
9225 28
9226 28
9227 24
9228 22
9229 21
9230 25
9231 28
9232 16
9233 27
9234 24
9235 31
9236 18
9237 31
9238 18
9239 27
9240 35
9241 31
9242 25
9243 31
9244 27
9245 16
9246 15
9247 41
9248 26
9249 23
9250 18
9251 26
9252 30
9253 31
9254 20
9255 17
9256 34
9257 23
9258 27
9259 26
9260 23
9261 22
9262 30
9263 26
9264 31
9265 29
9266 27
9267 31
9268 26
9269 27
9270 23
9271 30
9272 35
9273 24
9274 31
9275 28
9276 30
9277 36
9278 23
9279 32
9280 25
9281 23
9282 33
9283 28
9284 19
9285 28
9286 31
9287 28
9288 30
9289 40
9290 32
9291 25
9292 27
9293 35
9294 32
9295 27
9296 24
9297 21
9298 26
9299 29
9300 29
9301 28
9302 21
9303 22
9304 22
9305 30
9306 32
9307 24
9308 20
9309 32
9310 21
9311 17
9312 33
9313 18
9314 26
9315 26
9316 34
9317 30
9318 31
9319 29
9320 29
9321 27
9322 27
9323 38
9324 30
9325 33
9326 29
9327 34
9328 25
9329 23
9330 20
9331 33
9332 38
9333 23
9334 25
9335 32
9336 32
9337 25
9338 16
9339 34
9340 33
9341 25
9342 16
9343 27
9344 25
9345 27
9346 27
9347 27
9348 25
9349 24
9350 34
9351 28
9352 23
9353 39
9354 26
9355 26
9356 38
9357 22
9358 32
9359 32
9360 31
9361 21
9362 29
9363 33
9364 26
9365 31
9366 27
9367 36
9368 29
9369 31
9370 29
9371 37
9372 31
9373 34
9374 41
9375 22
9376 23
9377 32
9378 33
9379 34
9380 42
9381 27
9382 25
9383 28
9384 32
9385 35
9386 25
9387 27
9388 23
9389 26
9390 28
9391 34
9392 24
9393 24
9394 32
9395 35
9396 36
9397 27
9398 31
9399 32
9400 34
9401 29
9402 28
9403 28
9404 27
9405 27
9406 40
9407 28
9408 29
9409 32
9410 25
9411 22
9412 26
9413 46
9414 23
9415 25
9416 33
9417 27
9418 26
9419 39
9420 27
9421 27
9422 29
9423 27
9424 35
9425 32
9426 29
9427 33
9428 23
9429 27
9430 19
9431 34
9432 33
9433 30
9434 27
9435 27
9436 22
9437 22
9438 23
9439 27
9440 44
9441 36
9442 38
9443 23
9444 33
9445 27
9446 28
9447 43
9448 32
9449 23
9450 25
9451 30
9452 27
9453 21
9454 39
9455 23
9456 43
9457 29
9458 35
9459 33
9460 35
9461 34
9462 37
9463 29
9464 36
9465 23
9466 31
9467 37
9468 32
9469 37
9470 26
9471 22
9472 37
9473 38
9474 28
9475 27
9476 35
9477 29
9478 25
9479 31
9480 39
9481 30
9482 40
9483 38
9484 26
9485 22
9486 28
9487 29
9488 30
9489 24
9490 34
9491 27
9492 34
9493 32
9494 37
9495 29
9496 31
9497 33
9498 31
9499 28
9500 41
9501 29
9502 25
9503 30
9504 31
9505 28
9506 42
9507 36
9508 38
9509 32
9510 40
9511 32
9512 40
9513 35
9514 30
9515 42
9516 31
9517 28
9518 32
9519 29
9520 23
9521 31
9522 34
9523 35
9524 23
9525 39
9526 32
9527 22
9528 38
9529 26
9530 26
9531 28
9532 25
9533 26
9534 30
9535 25
9536 35
9537 39
9538 28
9539 33
9540 35
9541 30
9542 41
9543 36
9544 32
9545 29
9546 40
9547 39
9548 26
9549 32
9550 38
9551 25
9552 32
9553 27
9554 20
9555 30
9556 28
9557 43
9558 39
9559 27
9560 28
9561 27
9562 37
9563 23
9564 29
9565 42
9566 30
9567 34
9568 40
9569 26
9570 32
9571 28
9572 38
9573 34
9574 30
9575 31
9576 31
9577 24
9578 27
9579 25
9580 35
9581 33
9582 38
9583 41
9584 23
9585 20
9586 33
9587 26
9588 26
9589 34
9590 27
9591 24
9592 31
9593 24
9594 24
9595 29
9596 23
9597 26
9598 29
9599 26
9600 36
9601 30
9602 32
9603 29
9604 18
9605 21
9606 32
9607 38
9608 35
9609 29
9610 31
9611 43
9612 33
9613 33
9614 24
9615 38
9616 26
9617 26
9618 23
9619 34
9620 23
9621 27
9622 31
9623 36
9624 30
9625 33
9626 33
9627 29
9628 27
9629 28
9630 32
9631 25
9632 25
9633 30
9634 22
9635 27
9636 28
9637 30
9638 34
9639 26
9640 20
9641 28
9642 32
9643 26
9644 37
9645 32
9646 29
9647 35
9648 33
9649 36
9650 29
9651 29
9652 34
9653 22
9654 28
9655 31
9656 25
9657 23
9658 27
9659 26
9660 29
9661 45
9662 31
9663 30
9664 37
9665 32
9666 28
9667 23
9668 23
9669 36
9670 21
9671 38
9672 24
9673 31
9674 36
9675 27
9676 32
9677 27
9678 28
9679 30
9680 26
9681 33
9682 21
9683 33
9684 32
9685 30
9686 29
9687 36
9688 37
9689 32
9690 28
9691 28
9692 29
9693 42
9694 30
9695 25
9696 28
9697 36
9698 26
9699 29
9700 34
9701 29
9702 25
9703 29
9704 32
9705 31
9706 31
9707 24
9708 33
9709 40
9710 34
9711 34
9712 33
9713 27
9714 32
9715 33
9716 26
9717 34
9718 24
9719 33
9720 36
9721 47
9722 41
9723 26
9724 27
9725 29
9726 42
9727 38
9728 28
9729 36
9730 39
9731 36
9732 31
9733 28
9734 33
9735 28
9736 38
9737 36
9738 44
9739 29
9740 26
9741 38
9742 21
9743 25
9744 29
9745 39
9746 29
9747 34
9748 31
9749 37
9750 30
9751 36
9752 32
9753 36
9754 37
9755 33
9756 43
9757 40
9758 47
9759 42
9760 29
9761 37
9762 41
9763 38
9764 34
9765 36
9766 40
9767 38
9768 47
9769 27
9770 33
9771 34
9772 35
9773 35
9774 33
9775 36
9776 29
9777 37
9778 33
9779 40
9780 30
9781 25
9782 34
9783 29
9784 38
9785 37
9786 39
9787 49
9788 38
9789 30
9790 38
9791 21
9792 28
9793 30
9794 41
9795 38
9796 28
9797 39
9798 32
9799 37
9800 31
9801 42
9802 34
9803 27
9804 34
9805 27
9806 25
9807 40
9808 25
9809 37
9810 39
9811 32
9812 34
9813 35
9814 47
9815 36
9816 37
9817 26
9818 38
9819 42
9820 35
9821 51
9822 40
9823 48
9824 44
9825 37
9826 36
9827 42
9828 39
9829 38
9830 34
9831 41
9832 35
9833 40
9834 43
9835 35
9836 49
9837 29
9838 31
9839 42
9840 37
9841 38
9842 41
9843 34
9844 32
9845 48
9846 27
9847 43
9848 35
9849 21
9850 52
9851 37
9852 33
9853 40
9854 34
9855 28
9856 30
9857 32
9858 30
9859 42
9860 44
9861 41
9862 34
9863 45
9864 37
9865 35
9866 37
9867 29
9868 38
9869 44
9870 36
9871 45
9872 34
9873 23
9874 39
9875 38
9876 32
9877 42
9878 40
9879 38
9880 41
9881 46
9882 38
9883 46
9884 39
9885 35
9886 31
9887 34
9888 45
9889 31
9890 31
9891 30
9892 37
9893 29
9894 36
9895 30
9896 34
9897 42
9898 39
9899 40
9900 34
9901 34
9902 47
9903 31
9904 35
9905 21
9906 33
9907 33
9908 32
9909 39
9910 43
9911 34
9912 30
9913 37
9914 25
9915 35
9916 34
9917 38
9918 44
9919 39
9920 35
9921 40
9922 38
9923 33
9924 36
9925 33
9926 24
9927 25
9928 37
9929 30
9930 40
9931 34
9932 38
9933 33
9934 32
9935 32
9936 37
9937 41
9938 36
9939 26
9940 33
9941 47
9942 39
9943 33
9944 33
9945 39
9946 30
9947 37
9948 37
9949 46
9950 27
9951 35
9952 31
9953 30
9954 52
9955 33
9956 32
9957 29
9958 33
9959 42
9960 32
9961 34
9962 38
9963 32
9964 36
9965 44
9966 42
9967 43
9968 42
9969 35
9970 39
9971 38
9972 33
9973 38
9974 45
9975 37
9976 41
9977 44
9978 43
9979 33
9980 40
9981 31
9982 36
9983 38
9984 42
9985 44
9986 43
9987 51
9988 43
9989 42
9990 25
9991 45
9992 45
9993 34
9994 38
9995 31
9996 39
9997 44
9998 35
9999 32
10000 33
10001 217538
