# Title:27-mer spectra for: 63
# XLabel:27-mer frequency
# YLabel:# distinct 27-mers
# Kmer value:27
# Input 1:<pipe>
###
1 1873740544
2 200697139
3 64433315
4 30784507
5 17194158
6 11291806
7 8126111
8 6360123
9 5155145
10 4275981
11 3588822
12 3015689
13 2562967
14 2205971
15 1964861
16 1819886
17 1765309
18 1815844
19 1983655
20 2264636
21 2670311
22 3204984
23 3886911
24 4711706
25 5676043
26 6753809
27 7937695
28 9185634
29 10449681
30 11661637
31 12765573
32 13736243
33 14506858
34 15040330
35 15336110
36 15369360
37 15147301
38 14695104
39 14002663
40 13131195
41 12136927
42 11047343
43 9927873
44 8795026
45 7700018
46 6652916
47 5701430
48 4834083
49 4077407
50 3418087
51 2861940
52 2398581
53 2028386
54 1747650
55 1534905
56 1381858
57 1286777
58 1235840
59 1218465
60 1233837
61 1272778
62 1327510
63 1394947
64 1470316
65 1547780
66 1624281
67 1697037
68 1760173
69 1814950
70 1862035
71 1896933
72 1916993
73 1923065
74 1911671
75 1888374
76 1855941
77 1804254
78 1743899
79 1680485
80 1601003
81 1516465
82 1427836
83 1337486
84 1245459
85 1153180
86 1066504
87 981704
88 897919
89 822814
90 754408
91 688341
92 628199
93 573607
94 526232
95 485417
96 451629
97 419660
98 396437
99 376804
100 357996
101 344660
102 333519
103 326511
104 319978
105 314807
106 310495
107 307763
108 303696
109 301051
110 298718
111 295468
112 292848
113 290346
114 285937
115 279271
116 274090
117 268232
118 262756
119 256899
120 249598
121 241573
122 235243
123 227683
124 220201
125 213364
126 206476
127 201170
128 193770
129 188864
130 182634
131 177823
132 174299
133 168904
134 165398
135 162217
136 159516
137 157752
138 156096
139 153493
140 151637
141 150346
142 149012
143 148220
144 146291
145 146477
146 145405
147 143819
148 142288
149 140842
150 139602
151 137531
152 135669
153 134271
154 132685
155 130367
156 128516
157 126895
158 125310
159 122327
160 120790
161 118933
162 116256
163 113942
164 111092
165 109885
166 107289
167 104912
168 102745
169 100908
170 99681
171 97734
172 95593
173 94564
174 92467
175 90774
176 89957
177 88789
178 87324
179 86443
180 85429
181 84159
182 83481
183 82210
184 81422
185 80426
186 79217
187 78874
188 78403
189 77547
190 77529
191 76146
192 75267
193 74971
194 73464
195 73146
196 72262
197 70928
198 70516
199 69807
200 68669
201 67454
202 67333
203 66052
204 65313
205 64183
206 63589
207 62662
208 61528
209 60704
210 60783
211 59397
212 59131
213 57746
214 57401
215 56760
216 56327
217 56073
218 55650
219 55185
220 54528
221 54001
222 53347
223 52324
224 52564
225 51406
226 51453
227 50529
228 50595
229 50084
230 49348
231 49576
232 48507
233 48281
234 47741
235 47300
236 47109
237 47064
238 46218
239 45415
240 45278
241 44808
242 44179
243 43538
244 43280
245 42920
246 42152
247 41966
248 41917
249 41271
250 40781
251 40598
252 39992
253 39618
254 39429
255 39054
256 38295
257 38347
258 38397
259 37762
260 37255
261 37161
262 36482
263 36002
264 35712
265 35459
266 35209
267 35217
268 34592
269 34477
270 34081
271 33735
272 33460
273 33353
274 32942
275 32481
276 32438
277 31953
278 31688
279 31906
280 31318
281 31364
282 31101
283 30602
284 30568
285 30391
286 30538
287 30072
288 29787
289 29485
290 29403
291 28825
292 28720
293 28699
294 28156
295 28055
296 28129
297 27531
298 27325
299 27202
300 26822
301 26860
302 26409
303 26565
304 25884
305 25589
306 25491
307 25125
308 25194
309 24949
310 24722
311 24638
312 24656
313 24165
314 24372
315 24121
316 24105
317 23725
318 23501
319 23319
320 23163
321 22840
322 22839
323 22741
324 22389
325 22721
326 22343
327 21951
328 21900
329 21974
330 21887
331 21642
332 21435
333 21547
334 21070
335 20934
336 20834
337 20955
338 20742
339 20435
340 20307
341 20146
342 20248
343 19716
344 19852
345 19463
346 19292
347 19156
348 19339
349 19132
350 19059
351 18675
352 18694
353 18861
354 18321
355 18368
356 18290
357 18096
358 17897
359 18030
360 17692
361 17618
362 17556
363 17663
364 17188
365 17195
366 17288
367 16920
368 17025
369 16966
370 16801
371 16703
372 16436
373 16558
374 16435
375 16389
376 16154
377 16199
378 16142
379 15974
380 15895
381 15683
382 15521
383 15503
384 15483
385 15342
386 15334
387 15339
388 15278
389 15129
390 14916
391 14799
392 14704
393 14833
394 14700
395 14490
396 14530
397 14451
398 14169
399 14189
400 14196
401 13996
402 14114
403 13999
404 13973
405 13769
406 14047
407 13876
408 13758
409 13565
410 13461
411 13496
412 13379
413 13445
414 13258
415 13586
416 13049
417 13225
418 13289
419 12920
420 12820
421 12835
422 12589
423 12594
424 12485
425 12308
426 12513
427 12372
428 12311
429 12318
430 12355
431 12262
432 12176
433 11992
434 11976
435 12012
436 11971
437 11941
438 11886
439 11839
440 11615
441 11675
442 11615
443 11465
444 11630
445 11562
446 11389
447 11592
448 11265
449 11304
450 11495
451 11099
452 11169
453 11183
454 10958
455 10889
456 10765
457 10887
458 10801
459 10891
460 10730
461 10569
462 10546
463 10543
464 10367
465 10365
466 10272
467 10409
468 10402
469 10171
470 10170
471 10290
472 10279
473 10050
474 10077
475 10155
476 9982
477 9950
478 9944
479 9853
480 10058
481 9646
482 9819
483 9784
484 9534
485 9611
486 9580
487 9602
488 9545
489 9480
490 9359
491 9408
492 9207
493 9313
494 9239
495 9101
496 9121
497 8907
498 9053
499 9131
500 9104
501 9108
502 8874
503 8821
504 8854
505 8920
506 8866
507 8779
508 8960
509 8794
510 8907
511 8830
512 8820
513 8641
514 8678
515 8406
516 8547
517 8541
518 8567
519 8478
520 8433
521 8399
522 8382
523 8164
524 8249
525 8164
526 8025
527 8280
528 8077
529 8034
530 8069
531 7933
532 7978
533 8001
534 7881
535 7775
536 7843
537 7919
538 7739
539 7741
540 7794
541 7817
542 7763
543 7590
544 7434
545 7602
546 7622
547 7710
548 7369
549 7595
550 7400
551 7485
552 7225
553 7285
554 7333
555 7344
556 7179
557 7248
558 7213
559 7208
560 7108
561 7185
562 7069
563 7125
564 7008
565 7074
566 7172
567 6965
568 7000
569 6973
570 7024
571 7060
572 7060
573 6879
574 6882
575 6877
576 6935
577 6846
578 6831
579 6658
580 6811
581 6811
582 6804
583 6623
584 6779
585 6580
586 6481
587 6660
588 6692
589 6511
590 6532
591 6430
592 6372
593 6387
594 6331
595 6398
596 6248
597 6328
598 6334
599 6515
600 6289
601 6341
602 6231
603 6195
604 6345
605 6248
606 6208
607 6288
608 6041
609 6097
610 6134
611 6175
612 6112
613 5931
614 5979
615 6113
616 5908
617 5925
618 5877
619 5835
620 5891
621 5821
622 5954
623 5839
624 5771
625 5848
626 6009
627 5881
628 5789
629 5711
630 5750
631 5660
632 5707
633 5755
634 5602
635 5659
636 5716
637 5682
638 5629
639 5652
640 5558
641 5539
642 5701
643 5535
644 5470
645 5462
646 5483
647 5444
648 5340
649 5352
650 5360
651 5345
652 5336
653 5294
654 5171
655 5373
656 5324
657 5293
658 5370
659 5253
660 5434
661 5178
662 5277
663 5160
664 5297
665 5124
666 5194
667 5009
668 5026
669 5018
670 5109
671 5142
672 5036
673 5057
674 5118
675 5041
676 5083
677 5006
678 5070
679 5040
680 4935
681 5008
682 4921
683 4868
684 4870
685 4903
686 4882
687 4762
688 4756
689 4718
690 4719
691 4679
692 4792
693 4750
694 4745
695 4660
696 4662
697 4757
698 4583
699 4632
700 4587
701 4503
702 4671
703 4585
704 4436
705 4476
706 4624
707 4589
708 4500
709 4503
710 4472
711 4493
712 4441
713 4508
714 4525
715 4439
716 4399
717 4426
718 4481
719 4329
720 4465
721 4341
722 4525
723 4464
724 4424
725 4399
726 4337
727 4473
728 4489
729 4320
730 4330
731 4401
732 4232
733 4280
734 4389
735 4189
736 4292
737 4362
738 4250
739 4394
740 4325
741 4248
742 4336
743 4261
744 4408
745 4382
746 4284
747 4259
748 4326
749 4318
750 4318
751 4291
752 4466
753 4557
754 4216
755 4267
756 4364
757 4213
758 4279
759 4368
760 4330
761 4410
762 4333
763 4438
764 4313
765 4173
766 4297
767 4329
768 4369
769 4426
770 4369
771 4319
772 4414
773 4297
774 4177
775 4350
776 4309
777 4309
778 4277
779 4295
780 4331
781 4390
782 4368
783 4249
784 4445
785 4351
786 4372
787 4495
788 4422
789 4514
790 4521
791 4465
792 4501
793 4451
794 4461
795 4535
796 4457
797 4482
798 4592
799 4471
800 4429
801 4559
802 4482
803 4596
804 4340
805 4387
806 4329
807 4459
808 4399
809 4514
810 4498
811 4559
812 4466
813 4460
814 4413
815 4513
816 4578
817 4513
818 4368
819 4556
820 4627
821 4429
822 4471
823 4621
824 4491
825 4622
826 4514
827 4666
828 4641
829 4537
830 4609
831 4552
832 4536
833 4568
834 4678
835 4589
836 4480
837 4563
838 4488
839 4511
840 4624
841 4498
842 4464
843 4467
844 4648
845 4534
846 4501
847 4525
848 4475
849 4464
850 4545
851 4555
852 4467
853 4524
854 4642
855 4511
856 4559
857 4510
858 4412
859 4478
860 4566
861 4548
862 4613
863 4581
864 4594
865 4484
866 4443
867 4440
868 4434
869 4326
870 4421
871 4446
872 4252
873 4375
874 4359
875 4262
876 4401
877 4459
878 4270
879 4176
880 4247
881 4403
882 4324
883 4235
884 4211
885 4165
886 4191
887 4292
888 4256
889 4262
890 4222
891 4157
892 4422
893 4213
894 4216
895 4196
896 4172
897 4103
898 4228
899 4291
900 4239
901 4303
902 4163
903 4108
904 4212
905 4158
906 4136
907 4125
908 4156
909 3978
910 4033
911 4021
912 4101
913 3909
914 3950
915 3951
916 3979
917 4016
918 3951
919 3891
920 3908
921 3919
922 3983
923 3867
924 3816
925 3861
926 3861
927 3769
928 3873
929 3762
930 3844
931 3791
932 3782
933 3764
934 3678
935 3659
936 3685
937 3669
938 3590
939 3662
940 3818
941 3557
942 3767
943 3605
944 3686
945 3680
946 3716
947 3635
948 3693
949 3561
950 3682
951 3668
952 3567
953 3688
954 3592
955 3560
956 3561
957 3410
958 3533
959 3470
960 3396
961 3452
962 3414
963 3336
964 3329
965 3369
966 3410
967 3310
968 3395
969 3387
970 3228
971 3340
972 3261
973 3346
974 3252
975 3168
976 3197
977 3277
978 3207
979 3163
980 3185
981 3205
982 3141
983 3062
984 3205
985 3047
986 3061
987 3090
988 2968
989 3002
990 3098
991 3095
992 3023
993 3161
994 3064
995 3091
996 3018
997 3057
998 3078
999 2999
1000 3101
1001 2958
1002 3008
1003 3064
1004 3012
1005 3122
1006 3087
1007 2933
1008 3049
1009 3052
1010 2939
1011 3035
1012 2906
1013 3006
1014 2844
1015 2859
1016 2839
1017 2989
1018 2878
1019 2915
1020 2850
1021 2899
1022 2840
1023 2922
1024 2809
1025 2875
1026 2817
1027 2787
1028 2729
1029 2891
1030 2811
1031 2794
1032 2870
1033 2819
1034 2806
1035 2780
1036 2797
1037 2786
1038 2723
1039 2773
1040 2783
1041 2719
1042 2737
1043 2759
1044 2668
1045 2623
1046 2746
1047 2760
1048 2696
1049 2654
1050 2694
1051 2543
1052 2709
1053 2614
1054 2642
1055 2652
1056 2648
1057 2652
1058 2653
1059 2691
1060 2608
1061 2707
1062 2761
1063 2701
1064 2585
1065 2654
1066 2619
1067 2641
1068 2603
1069 2616
1070 2582
1071 2657
1072 2642
1073 2562
1074 2510
1075 2634
1076 2551
1077 2513
1078 2696
1079 2623
1080 2515
1081 2572
1082 2486
1083 2481
1084 2514
1085 2476
1086 2520
1087 2516
1088 2512
1089 2460
1090 2498
1091 2440
1092 2439
1093 2394
1094 2428
1095 2442
1096 2423
1097 2414
1098 2403
1099 2398
1100 2359
1101 2352
1102 2387
1103 2374
1104 2409
1105 2342
1106 2392
1107 2323
1108 2309
1109 2349
1110 2278
1111 2276
1112 2271
1113 2289
1114 2273
1115 2317
1116 2402
1117 2235
1118 2210
1119 2259
1120 2275
1121 2273
1122 2178
1123 2235
1124 2289
1125 2231
1126 2237
1127 2294
1128 2314
1129 2296
1130 2302
1131 2224
1132 2204
1133 2166
1134 2212
1135 2160
1136 2095
1137 2066
1138 2203
1139 2113
1140 2145
1141 2127
1142 2177
1143 2108
1144 2052
1145 2083
1146 2119
1147 2131
1148 2088
1149 2062
1150 2032
1151 2043
1152 2022
1153 2027
1154 2024
1155 2003
1156 1991
1157 1973
1158 1928
1159 1996
1160 1974
1161 1945
1162 2002
1163 2002
1164 1959
1165 1966
1166 1973
1167 1983
1168 1912
1169 1875
1170 1941
1171 1957
1172 1868
1173 1888
1174 1883
1175 1875
1176 1889
1177 1877
1178 1869
1179 1837
1180 1863
1181 1842
1182 1778
1183 1816
1184 1790
1185 1787
1186 1844
1187 1736
1188 1810
1189 1788
1190 1771
1191 1772
1192 1734
1193 1723
1194 1758
1195 1690
1196 1667
1197 1656
1198 1654
1199 1702
1200 1644
1201 1741
1202 1597
1203 1687
1204 1592
1205 1682
1206 1671
1207 1617
1208 1553
1209 1668
1210 1643
1211 1664
1212 1624
1213 1559
1214 1557
1215 1561
1216 1644
1217 1482
1218 1569
1219 1630
1220 1520
1221 1493
1222 1558
1223 1528
1224 1473
1225 1556
1226 1488
1227 1539
1228 1454
1229 1512
1230 1490
1231 1509
1232 1504
1233 1506
1234 1549
1235 1457
1236 1567
1237 1447
1238 1474
1239 1479
1240 1491
1241 1434
1242 1427
1243 1468
1244 1480
1245 1450
1246 1434
1247 1456
1248 1416
1249 1463
1250 1382
1251 1428
1252 1468
1253 1418
1254 1431
1255 1441
1256 1327
1257 1349
1258 1430
1259 1417
1260 1448
1261 1404
1262 1407
1263 1390
1264 1452
1265 1434
1266 1339
1267 1408
1268 1384
1269 1373
1270 1321
1271 1338
1272 1338
1273 1393
1274 1406
1275 1341
1276 1287
1277 1359
1278 1312
1279 1345
1280 1369
1281 1336
1282 1363
1283 1359
1284 1352
1285 1321
1286 1387
1287 1425
1288 1306
1289 1360
1290 1309
1291 1336
1292 1373
1293 1286
1294 1276
1295 1317
1296 1258
1297 1215
1298 1303
1299 1254
1300 1251
1301 1304
1302 1332
1303 1340
1304 1218
1305 1332
1306 1285
1307 1260
1308 1277
1309 1263
1310 1311
1311 1324
1312 1268
1313 1330
1314 1242
1315 1254
1316 1361
1317 1185
1318 1347
1319 1280
1320 1282
1321 1253
1322 1239
1323 1216
1324 1286
1325 1213
1326 1225
1327 1243
1328 1195
1329 1166
1330 1223
1331 1211
1332 1137
1333 1239
1334 1306
1335 1245
1336 1220
1337 1196
1338 1185
1339 1211
1340 1193
1341 1137
1342 1153
1343 1143
1344 1181
1345 1139
1346 1138
1347 1172
1348 1115
1349 1146
1350 1132
1351 1133
1352 1177
1353 1225
1354 1110
1355 1172
1356 1130
1357 1117
1358 1131
1359 1168
1360 1118
1361 1162
1362 1176
1363 1185
1364 1194
1365 1196
1366 1158
1367 1186
1368 1146
1369 1143
1370 1162
1371 1132
1372 1155
1373 1163
1374 1185
1375 1074
1376 1132
1377 1122
1378 1149
1379 1200
1380 1108
1381 1144
1382 1119
1383 1106
1384 1080
1385 1072
1386 1110
1387 1107
1388 1085
1389 1086
1390 1047
1391 1072
1392 1112
1393 1068
1394 1104
1395 1094
1396 1030
1397 1067
1398 1099
1399 1035
1400 1058
1401 1079
1402 1001
1403 1074
1404 1067
1405 1057
1406 1037
1407 1071
1408 1098
1409 1065
1410 1019
1411 1106
1412 1053
1413 1054
1414 1056
1415 1070
1416 1070
1417 1051
1418 1062
1419 1073
1420 1027
1421 1045
1422 1034
1423 1035
1424 1042
1425 1078
1426 1063
1427 1005
1428 982
1429 1034
1430 1079
1431 998
1432 1041
1433 1053
1434 1051
1435 1022
1436 1041
1437 1024
1438 1000
1439 1111
1440 1073
1441 996
1442 1022
1443 1038
1444 1080
1445 1069
1446 1003
1447 996
1448 1019
1449 963
1450 975
1451 1003
1452 940
1453 1001
1454 1045
1455 1040
1456 1051
1457 1036
1458 1053
1459 990
1460 1017
1461 1011
1462 1012
1463 983
1464 980
1465 1062
1466 1072
1467 1041
1468 992
1469 1053
1470 1022
1471 1005
1472 956
1473 1025
1474 1010
1475 1026
1476 1018
1477 1011
1478 1005
1479 962
1480 1063
1481 1007
1482 985
1483 972
1484 1001
1485 1002
1486 998
1487 990
1488 1001
1489 996
1490 952
1491 1040
1492 964
1493 923
1494 1012
1495 921
1496 976
1497 950
1498 897
1499 928
1500 936
1501 956
1502 965
1503 911
1504 946
1505 909
1506 964
1507 863
1508 982
1509 936
1510 887
1511 909
1512 941
1513 998
1514 918
1515 931
1516 895
1517 910
1518 940
1519 933
1520 942
1521 964
1522 889
1523 896
1524 921
1525 901
1526 947
1527 956
1528 942
1529 964
1530 904
1531 887
1532 898
1533 978
1534 894
1535 968
1536 914
1537 927
1538 921
1539 912
1540 910
1541 973
1542 879
1543 925
1544 865
1545 993
1546 886
1547 910
1548 891
1549 890
1550 896
1551 902
1552 834
1553 934
1554 836
1555 850
1556 868
1557 863
1558 882
1559 897
1560 929
1561 906
1562 877
1563 852
1564 894
1565 838
1566 845
1567 838
1568 891
1569 828
1570 876
1571 872
1572 874
1573 830
1574 840
1575 887
1576 827
1577 863
1578 857
1579 889
1580 909
1581 908
1582 903
1583 860
1584 896
1585 930
1586 835
1587 850
1588 900
1589 901
1590 862
1591 853
1592 887
1593 873
1594 896
1595 822
1596 833
1597 875
1598 859
1599 845
1600 843
1601 859
1602 833
1603 842
1604 875
1605 837
1606 849
1607 882
1608 793
1609 798
1610 883
1611 843
1612 817
1613 842
1614 817
1615 806
1616 815
1617 800
1618 783
1619 839
1620 867
1621 833
1622 825
1623 815
1624 869
1625 855
1626 802
1627 810
1628 921
1629 814
1630 791
1631 823
1632 862
1633 804
1634 867
1635 770
1636 897
1637 825
1638 873
1639 847
1640 836
1641 829
1642 857
1643 823
1644 856
1645 854
1646 809
1647 860
1648 783
1649 786
1650 824
1651 765
1652 809
1653 853
1654 802
1655 819
1656 815
1657 810
1658 807
1659 797
1660 807
1661 765
1662 807
1663 818
1664 821
1665 825
1666 798
1667 792
1668 831
1669 826
1670 846
1671 758
1672 805
1673 769
1674 759
1675 765
1676 741
1677 833
1678 799
1679 811
1680 822
1681 811
1682 887
1683 841
1684 797
1685 793
1686 755
1687 798
1688 743
1689 813
1690 823
1691 762
1692 731
1693 747
1694 756
1695 756
1696 826
1697 777
1698 729
1699 750
1700 753
1701 768
1702 770
1703 749
1704 735
1705 779
1706 756
1707 799
1708 744
1709 765
1710 719
1711 748
1712 742
1713 750
1714 695
1715 802
1716 719
1717 747
1718 754
1719 774
1720 777
1721 772
1722 773
1723 760
1724 773
1725 763
1726 775
1727 788
1728 741
1729 733
1730 722
1731 763
1732 779
1733 788
1734 736
1735 763
1736 719
1737 768
1738 758
1739 689
1740 749
1741 766
1742 698
1743 744
1744 731
1745 714
1746 754
1747 780
1748 718
1749 713
1750 748
1751 754
1752 740
1753 720
1754 697
1755 758
1756 731
1757 700
1758 745
1759 752
1760 684
1761 759
1762 778
1763 763
1764 748
1765 747
1766 750
1767 732
1768 700
1769 721
1770 746
1771 739
1772 722
1773 759
1774 709
1775 735
1776 678
1777 742
1778 784
1779 698
1780 736
1781 687
1782 725
1783 736
1784 721
1785 761
1786 706
1787 689
1788 708
1789 757
1790 700
1791 678
1792 731
1793 722
1794 686
1795 692
1796 724
1797 671
1798 703
1799 734
1800 726
1801 774
1802 701
1803 721
1804 743
1805 697
1806 693
1807 675
1808 748
1809 738
1810 765
1811 682
1812 706
1813 694
1814 710
1815 682
1816 737
1817 688
1818 753
1819 669
1820 683
1821 746
1822 658
1823 729
1824 704
1825 699
1826 693
1827 728
1828 712
1829 717
1830 724
1831 709
1832 683
1833 713
1834 673
1835 723
1836 672
1837 694
1838 704
1839 650
1840 724
1841 711
1842 689
1843 674
1844 689
1845 709
1846 662
1847 702
1848 678
1849 643
1850 663
1851 686
1852 675
1853 694
1854 689
1855 675
1856 723
1857 666
1858 724
1859 676
1860 662
1861 702
1862 674
1863 692
1864 699
1865 669
1866 647
1867 654
1868 675
1869 656
1870 677
1871 689
1872 643
1873 643
1874 649
1875 670
1876 684
1877 670
1878 644
1879 671
1880 674
1881 661
1882 667
1883 671
1884 653
1885 720
1886 717
1887 640
1888 672
1889 653
1890 691
1891 640
1892 656
1893 683
1894 679
1895 670
1896 656
1897 667
1898 654
1899 683
1900 634
1901 664
1902 657
1903 711
1904 629
1905 680
1906 652
1907 645
1908 645
1909 679
1910 700
1911 672
1912 661
1913 683
1914 648
1915 630
1916 627
1917 662
1918 665
1919 675
1920 656
1921 670
1922 655
1923 681
1924 679
1925 693
1926 626
1927 665
1928 652
1929 640
1930 641
1931 630
1932 680
1933 623
1934 643
1935 680
1936 666
1937 663
1938 668
1939 666
1940 646
1941 618
1942 606
1943 674
1944 642
1945 662
1946 632
1947 695
1948 630
1949 631
1950 647
1951 654
1952 643
1953 655
1954 625
1955 655
1956 631
1957 640
1958 718
1959 610
1960 605
1961 627
1962 640
1963 641
1964 666
1965 649
1966 633
1967 625
1968 635
1969 687
1970 609
1971 629
1972 600
1973 598
1974 617
1975 665
1976 627
1977 624
1978 624
1979 594
1980 634
1981 607
1982 614
1983 632
1984 641
1985 611
1986 635
1987 635
1988 655
1989 591
1990 597
1991 646
1992 579
1993 605
1994 622
1995 621
1996 627
1997 585
1998 644
1999 622
2000 590
2001 610
2002 678
2003 612
2004 629
2005 554
2006 621
2007 616
2008 569
2009 625
2010 567
2011 595
2012 563
2013 591
2014 611
2015 584
2016 610
2017 601
2018 612
2019 597
2020 605
2021 563
2022 593
2023 571
2024 603
2025 599
2026 566
2027 549
2028 562
2029 546
2030 554
2031 551
2032 586
2033 595
2034 538
2035 552
2036 585
2037 576
2038 568
2039 558
2040 610
2041 588
2042 595
2043 612
2044 536
2045 553
2046 559
2047 580
2048 584
2049 561
2050 560
2051 597
2052 522
2053 568
2054 566
2055 555
2056 513
2057 543
2058 580
2059 536
2060 579
2061 581
2062 575
2063 587
2064 538
2065 548
2066 537
2067 588
2068 597
2069 516
2070 537
2071 558
2072 599
2073 561
2074 530
2075 558
2076 572
2077 539
2078 528
2079 568
2080 574
2081 557
2082 594
2083 542
2084 530
2085 543
2086 551
2087 554
2088 551
2089 528
2090 541
2091 592
2092 534
2093 523
2094 596
2095 550
2096 553
2097 516
2098 580
2099 532
2100 531
2101 529
2102 566
2103 539
2104 528
2105 531
2106 534
2107 490
2108 549
2109 541
2110 562
2111 506
2112 557
2113 544
2114 542
2115 551
2116 557
2117 515
2118 589
2119 545
2120 476
2121 538
2122 501
2123 524
2124 532
2125 552
2126 552
2127 544
2128 506
2129 525
2130 534
2131 522
2132 514
2133 560
2134 481
2135 513
2136 465
2137 507
2138 549
2139 539
2140 519
2141 519
2142 526
2143 536
2144 570
2145 494
2146 519
2147 490
2148 549
2149 517
2150 539
2151 534
2152 497
2153 551
2154 513
2155 569
2156 553
2157 525
2158 511
2159 581
2160 521
2161 523
2162 499
2163 526
2164 512
2165 512
2166 546
2167 535
2168 519
2169 484
2170 499
2171 523
2172 514
2173 483
2174 488
2175 503
2176 539
2177 504
2178 462
2179 480
2180 475
2181 486
2182 492
2183 457
2184 534
2185 477
2186 466
2187 518
2188 481
2189 467
2190 498
2191 523
2192 502
2193 467
2194 465
2195 520
2196 476
2197 471
2198 509
2199 440
2200 496
2201 498
2202 498
2203 482
2204 492
2205 488
2206 468
2207 486
2208 491
2209 487
2210 478
2211 461
2212 523
2213 462
2214 504
2215 470
2216 496
2217 432
2218 471
2219 497
2220 456
2221 451
2222 502
2223 471
2224 449
2225 463
2226 487
2227 424
2228 445
2229 451
2230 451
2231 436
2232 418
2233 444
2234 457
2235 480
2236 470
2237 447
2238 480
2239 468
2240 491
2241 447
2242 484
2243 465
2244 484
2245 481
2246 465
2247 451
2248 502
2249 454
2250 438
2251 461
2252 428
2253 437
2254 464
2255 461
2256 457
2257 461
2258 475
2259 439
2260 423
2261 428
2262 427
2263 477
2264 418
2265 476
2266 477
2267 417
2268 450
2269 461
2270 447
2271 430
2272 415
2273 474
2274 452
2275 459
2276 442
2277 448
2278 399
2279 428
2280 453
2281 451
2282 393
2283 435
2284 437
2285 451
2286 461
2287 434
2288 409
2289 432
2290 456
2291 463
2292 435
2293 422
2294 410
2295 426
2296 425
2297 430
2298 427
2299 414
2300 443
2301 430
2302 426
2303 399
2304 435
2305 429
2306 408
2307 412
2308 454
2309 421
2310 428
2311 434
2312 438
2313 420
2314 434
2315 435
2316 407
2317 447
2318 458
2319 410
2320 443
2321 445
2322 379
2323 406
2324 460
2325 441
2326 440
2327 431
2328 428
2329 417
2330 426
2331 456
2332 453
2333 416
2334 417
2335 469
2336 431
2337 412
2338 431
2339 436
2340 394
2341 407
2342 431
2343 410
2344 454
2345 461
2346 424
2347 419
2348 441
2349 419
2350 430
2351 433
2352 431
2353 423
2354 430
2355 439
2356 429
2357 422
2358 419
2359 414
2360 416
2361 417
2362 418
2363 435
2364 423
2365 412
2366 424
2367 405
2368 383
2369 400
2370 390
2371 434
2372 425
2373 387
2374 371
2375 391
2376 427
2377 418
2378 428
2379 398
2380 376
2381 380
2382 394
2383 378
2384 387
2385 390
2386 429
2387 423
2388 400
2389 393
2390 441
2391 379
2392 405
2393 381
2394 414
2395 388
2396 399
2397 432
2398 396
2399 404
2400 418
2401 391
2402 421
2403 412
2404 406
2405 408
2406 416
2407 377
2408 419
2409 392
2410 397
2411 360
2412 422
2413 385
2414 413
2415 393
2416 374
2417 368
2418 399
2419 340
2420 362
2421 380
2422 418
2423 405
2424 412
2425 386
2426 443
2427 381
2428 414
2429 396
2430 387
2431 380
2432 391
2433 375
2434 405
2435 400
2436 409
2437 385
2438 379
2439 381
2440 435
2441 375
2442 395
2443 383
2444 388
2445 388
2446 380
2447 379
2448 339
2449 409
2450 371
2451 400
2452 377
2453 401
2454 354
2455 368
2456 359
2457 423
2458 389
2459 431
2460 396
2461 401
2462 392
2463 388
2464 400
2465 355
2466 414
2467 367
2468 384
2469 370
2470 376
2471 381
2472 355
2473 377
2474 364
2475 379
2476 330
2477 354
2478 349
2479 385
2480 367
2481 340
2482 371
2483 378
2484 378
2485 374
2486 350
2487 341
2488 349
2489 360
2490 405
2491 410
2492 361
2493 354
2494 376
2495 366
2496 376
2497 401
2498 355
2499 339
2500 357
2501 355
2502 383
2503 372
2504 371
2505 356
2506 350
2507 345
2508 339
2509 342
2510 365
2511 359
2512 344
2513 384
2514 361
2515 372
2516 357
2517 399
2518 394
2519 351
2520 378
2521 358
2522 378
2523 355
2524 373
2525 364
2526 382
2527 363
2528 362
2529 327
2530 337
2531 353
2532 346
2533 340
2534 360
2535 377
2536 329
2537 351
2538 358
2539 372
2540 379
2541 387
2542 378
2543 336
2544 367
2545 383
2546 355
2547 384
2548 346
2549 352
2550 382
2551 338
2552 346
2553 329
2554 349
2555 342
2556 337
2557 357
2558 346
2559 363
2560 362
2561 399
2562 352
2563 366
2564 366
2565 342
2566 371
2567 368
2568 359
2569 338
2570 366
2571 362
2572 379
2573 348
2574 340
2575 365
2576 361
2577 344
2578 331
2579 367
2580 366
2581 352
2582 356
2583 343
2584 343
2585 338
2586 375
2587 358
2588 347
2589 372
2590 343
2591 376
2592 356
2593 391
2594 323
2595 351
2596 331
2597 361
2598 350
2599 396
2600 363
2601 333
2602 337
2603 348
2604 381
2605 337
2606 322
2607 340
2608 349
2609 342
2610 349
2611 351
2612 360
2613 356
2614 327
2615 338
2616 357
2617 317
2618 328
2619 358
2620 351
2621 304
2622 357
2623 339
2624 337
2625 319
2626 337
2627 365
2628 343
2629 345
2630 357
2631 341
2632 327
2633 343
2634 339
2635 313
2636 323
2637 343
2638 326
2639 312
2640 341
2641 358
2642 334
2643 323
2644 315
2645 338
2646 347
2647 308
2648 353
2649 313
2650 332
2651 324
2652 361
2653 351
2654 346
2655 339
2656 314
2657 361
2658 341
2659 328
2660 337
2661 300
2662 324
2663 324
2664 323
2665 333
2666 328
2667 308
2668 365
2669 326
2670 333
2671 321
2672 324
2673 342
2674 310
2675 345
2676 327
2677 342
2678 343
2679 356
2680 335
2681 315
2682 335
2683 327
2684 285
2685 321
2686 307
2687 322
2688 331
2689 340
2690 346
2691 328
2692 333
2693 329
2694 315
2695 340
2696 331
2697 338
2698 340
2699 332
2700 317
2701 288
2702 304
2703 320
2704 349
2705 350
2706 325
2707 311
2708 323
2709 307
2710 292
2711 305
2712 317
2713 300
2714 342
2715 308
2716 349
2717 300
2718 350
2719 311
2720 313
2721 338
2722 314
2723 302
2724 342
2725 315
2726 305
2727 296
2728 280
2729 306
2730 309
2731 299
2732 306
2733 305
2734 313
2735 301
2736 297
2737 281
2738 309
2739 317
2740 305
2741 303
2742 317
2743 297
2744 310
2745 339
2746 291
2747 334
2748 295
2749 290
2750 320
2751 311
2752 283
2753 301
2754 306
2755 323
2756 290
2757 295
2758 303
2759 280
2760 299
2761 277
2762 297
2763 314
2764 300
2765 279
2766 302
2767 305
2768 291
2769 284
2770 284
2771 307
2772 302
2773 284
2774 314
2775 306
2776 283
2777 285
2778 321
2779 307
2780 307
2781 283
2782 294
2783 311
2784 314
2785 309
2786 292
2787 318
2788 316
2789 272
2790 325
2791 300
2792 343
2793 328
2794 283
2795 292
2796 315
2797 339
2798 306
2799 313
2800 298
2801 288
2802 302
2803 290
2804 310
2805 313
2806 280
2807 302
2808 277
2809 285
2810 314
2811 295
2812 304
2813 279
2814 311
2815 304
2816 293
2817 331
2818 281
2819 275
2820 298
2821 264
2822 316
2823 273
2824 292
2825 320
2826 282
2827 261
2828 316
2829 299
2830 279
2831 294
2832 341
2833 260
2834 295
2835 299
2836 286
2837 308
2838 273
2839 254
2840 288
2841 308
2842 264
2843 272
2844 278
2845 261
2846 289
2847 269
2848 257
2849 287
2850 316
2851 287
2852 274
2853 300
2854 279
2855 289
2856 278
2857 289
2858 277
2859 304
2860 254
2861 265
2862 260
2863 285
2864 292
2865 285
2866 294
2867 265
2868 295
2869 264
2870 283
2871 316
2872 303
2873 281
2874 270
2875 269
2876 265
2877 283
2878 295
2879 256
2880 271
2881 260
2882 280
2883 280
2884 304
2885 291
2886 255
2887 285
2888 272
2889 277
2890 286
2891 279
2892 256
2893 275
2894 279
2895 280
2896 278
2897 267
2898 259
2899 253
2900 229
2901 250
2902 293
2903 279
2904 288
2905 261
2906 261
2907 255
2908 289
2909 257
2910 277
2911 279
2912 238
2913 267
2914 259
2915 286
2916 265
2917 250
2918 231
2919 267
2920 283
2921 245
2922 257
2923 261
2924 271
2925 307
2926 286
2927 263
2928 264
2929 282
2930 274
2931 266
2932 268
2933 240
2934 279
2935 269
2936 258
2937 269
2938 259
2939 293
2940 272
2941 240
2942 290
2943 261
2944 251
2945 269
2946 265
2947 259
2948 260
2949 255
2950 287
2951 263
2952 276
2953 276
2954 288
2955 287
2956 281
2957 251
2958 257
2959 273
2960 256
2961 249
2962 271
2963 265
2964 267
2965 244
2966 266
2967 233
2968 291
2969 251
2970 259
2971 262
2972 256
2973 255
2974 269
2975 243
2976 244
2977 267
2978 241
2979 245
2980 257
2981 262
2982 251
2983 244
2984 260
2985 261
2986 262
2987 262
2988 282
2989 288
2990 280
2991 257
2992 242
2993 258
2994 255
2995 243
2996 235
2997 268
2998 227
2999 256
3000 261
3001 254
3002 262
3003 249
3004 254
3005 257
3006 222
3007 229
3008 251
3009 234
3010 257
3011 247
3012 243
3013 256
3014 258
3015 266
3016 268
3017 243
3018 277
3019 268
3020 265
3021 279
3022 255
3023 230
3024 255
3025 256
3026 268
3027 264
3028 272
3029 251
3030 224
3031 262
3032 237
3033 234
3034 254
3035 264
3036 271
3037 248
3038 253
3039 248
3040 234
3041 262
3042 243
3043 232
3044 259
3045 234
3046 224
3047 240
3048 260
3049 219
3050 232
3051 232
3052 256
3053 265
3054 265
3055 252
3056 237
3057 260
3058 254
3059 259
3060 245
3061 236
3062 245
3063 249
3064 269
3065 221
3066 232
3067 279
3068 253
3069 243
3070 245
3071 245
3072 250
3073 249
3074 213
3075 263
3076 218
3077 240
3078 225
3079 234
3080 228
3081 246
3082 246
3083 250
3084 243
3085 249
3086 266
3087 255
3088 244
3089 228
3090 236
3091 230
3092 259
3093 244
3094 245
3095 226
3096 238
3097 268
3098 252
3099 234
3100 248
3101 259
3102 210
3103 273
3104 227
3105 253
3106 256
3107 223
3108 261
3109 236
3110 250
3111 233
3112 259
3113 225
3114 246
3115 259
3116 204
3117 272
3118 249
3119 239
3120 245
3121 240
3122 220
3123 246
3124 251
3125 251
3126 238
3127 260
3128 249
3129 279
3130 251
3131 250
3132 234
3133 255
3134 249
3135 245
3136 275
3137 249
3138 222
3139 255
3140 251
3141 256
3142 225
3143 221
3144 238
3145 232
3146 257
3147 231
3148 248
3149 238
3150 258
3151 256
3152 234
3153 262
3154 232
3155 285
3156 232
3157 244
3158 218
3159 232
3160 257
3161 231
3162 237
3163 262
3164 218
3165 244
3166 230
3167 224
3168 223
3169 233
3170 246
3171 224
3172 252
3173 248
3174 243
3175 235
3176 239
3177 229
3178 232
3179 230
3180 224
3181 254
3182 209
3183 240
3184 216
3185 241
3186 249
3187 235
3188 226
3189 234
3190 200
3191 219
3192 231
3193 224
3194 219
3195 211
3196 205
3197 217
3198 211
3199 233
3200 228
3201 262
3202 204
3203 222
3204 231
3205 232
3206 249
3207 229
3208 237
3209 248
3210 220
3211 217
3212 233
3213 234
3214 237
3215 237
3216 239
3217 245
3218 202
3219 237
3220 221
3221 233
3222 229
3223 217
3224 233
3225 227
3226 219
3227 241
3228 223
3229 224
3230 216
3231 231
3232 220
3233 241
3234 253
3235 232
3236 234
3237 215
3238 223
3239 194
3240 206
3241 214
3242 212
3243 221
3244 206
3245 246
3246 196
3247 225
3248 239
3249 208
3250 232
3251 251
3252 222
3253 209
3254 196
3255 218
3256 240
3257 233
3258 214
3259 219
3260 235
3261 207
3262 185
3263 220
3264 225
3265 212
3266 206
3267 214
3268 233
3269 196
3270 199
3271 222
3272 214
3273 240
3274 255
3275 211
3276 225
3277 220
3278 186
3279 213
3280 227
3281 216
3282 228
3283 199
3284 247
3285 197
3286 216
3287 195
3288 228
3289 208
3290 197
3291 220
3292 200
3293 216
3294 204
3295 211
3296 206
3297 188
3298 217
3299 189
3300 233
3301 211
3302 223
3303 198
3304 232
3305 191
3306 213
3307 214
3308 201
3309 204
3310 214
3311 233
3312 202
3313 231
3314 231
3315 204
3316 212
3317 200
3318 217
3319 193
3320 229
3321 224
3322 208
3323 188
3324 202
3325 225
3326 187
3327 210
3328 204
3329 214
3330 217
3331 205
3332 220
3333 241
3334 221
3335 217
3336 233
3337 211
3338 190
3339 196
3340 210
3341 221
3342 179
3343 196
3344 199
3345 199
3346 206
3347 208
3348 209
3349 188
3350 207
3351 199
3352 200
3353 203
3354 209
3355 221
3356 221
3357 196
3358 204
3359 234
3360 227
3361 184
3362 190
3363 206
3364 211
3365 209
3366 221
3367 201
3368 191
3369 209
3370 222
3371 199
3372 179
3373 194
3374 206
3375 223
3376 214
3377 228
3378 208
3379 188
3380 227
3381 192
3382 209
3383 207
3384 188
3385 221
3386 231
3387 215
3388 216
3389 189
3390 207
3391 216
3392 207
3393 202
3394 200
3395 233
3396 209
3397 220
3398 197
3399 198
3400 211
3401 232
3402 199
3403 188
3404 220
3405 178
3406 211
3407 190
3408 212
3409 214
3410 220
3411 219
3412 194
3413 219
3414 217
3415 215
3416 186
3417 219
3418 205
3419 206
3420 208
3421 164
3422 204
3423 249
3424 187
3425 220
3426 195
3427 206
3428 200
3429 195
3430 181
3431 175
3432 201
3433 180
3434 188
3435 205
3436 199
3437 218
3438 176
3439 205
3440 221
3441 190
3442 201
3443 207
3444 188
3445 209
3446 201
3447 210
3448 181
3449 221
3450 181
3451 220
3452 204
3453 216
3454 179
3455 182
3456 201
3457 221
3458 181
3459 213
3460 193
3461 205
3462 196
3463 210
3464 187
3465 228
3466 234
3467 193
3468 227
3469 178
3470 204
3471 213
3472 218
3473 219
3474 206
3475 198
3476 203
3477 204
3478 209
3479 197
3480 185
3481 213
3482 203
3483 186
3484 202
3485 188
3486 212
3487 179
3488 193
3489 187
3490 218
3491 215
3492 215
3493 170
3494 211
3495 168
3496 214
3497 181
3498 189
3499 189
3500 148
3501 197
3502 212
3503 188
3504 173
3505 195
3506 210
3507 181
3508 186
3509 197
3510 217
3511 163
3512 192
3513 195
3514 177
3515 191
3516 175
3517 221
3518 211
3519 185
3520 209
3521 207
3522 190
3523 212
3524 213
3525 198
3526 208
3527 193
3528 163
3529 193
3530 180
3531 207
3532 195
3533 212
3534 197
3535 183
3536 207
3537 203
3538 196
3539 208
3540 182
3541 183
3542 202
3543 189
3544 198
3545 198
3546 173
3547 232
3548 191
3549 207
3550 166
3551 205
3552 193
3553 178
3554 210
3555 197
3556 191
3557 192
3558 224
3559 218
3560 176
3561 206
3562 213
3563 206
3564 212
3565 182
3566 175
3567 162
3568 191
3569 188
3570 200
3571 190
3572 166
3573 190
3574 186
3575 168
3576 192
3577 179
3578 202
3579 179
3580 202
3581 217
3582 205
3583 181
3584 203
3585 202
3586 179
3587 168
3588 183
3589 208
3590 211
3591 188
3592 197
3593 202
3594 184
3595 185
3596 186
3597 158
3598 172
3599 185
3600 184
3601 172
3602 220
3603 180
3604 197
3605 168
3606 169
3607 181
3608 183
3609 189
3610 188
3611 180
3612 188
3613 195
3614 184
3615 214
3616 177
3617 182
3618 180
3619 177
3620 209
3621 173
3622 173
3623 221
3624 179
3625 164
3626 179
3627 191
3628 188
3629 196
3630 176
3631 170
3632 181
3633 164
3634 200
3635 178
3636 163
3637 188
3638 157
3639 160
3640 207
3641 183
3642 174
3643 159
3644 185
3645 178
3646 194
3647 182
3648 149
3649 187
3650 170
3651 181
3652 161
3653 164
3654 184
3655 212
3656 166
3657 169
3658 175
3659 187
3660 191
3661 185
3662 183
3663 185
3664 184
3665 191
3666 177
3667 167
3668 189
3669 185
3670 175
3671 167
3672 199
3673 198
3674 177
3675 167
3676 207
3677 184
3678 167
3679 195
3680 184
3681 169
3682 166
3683 128
3684 171
3685 177
3686 183
3687 174
3688 169
3689 178
3690 176
3691 202
3692 194
3693 185
3694 182
3695 166
3696 151
3697 168
3698 161
3699 193
3700 191
3701 170
3702 192
3703 164
3704 155
3705 180
3706 194
3707 180
3708 185
3709 174
3710 170
3711 166
3712 179
3713 178
3714 168
3715 191
3716 178
3717 167
3718 154
3719 158
3720 206
3721 177
3722 195
3723 177
3724 163
3725 186
3726 178
3727 160
3728 204
3729 197
3730 159
3731 167
3732 169
3733 172
3734 166
3735 170
3736 153
3737 157
3738 168
3739 184
3740 177
3741 173
3742 190
3743 150
3744 166
3745 178
3746 163
3747 174
3748 168
3749 145
3750 157
3751 180
3752 189
3753 190
3754 168
3755 163
3756 178
3757 162
3758 186
3759 160
3760 152
3761 181
3762 188
3763 204
3764 184
3765 161
3766 182
3767 160
3768 162
3769 175
3770 196
3771 158
3772 168
3773 162
3774 158
3775 179
3776 179
3777 151
3778 156
3779 180
3780 192
3781 175
3782 185
3783 188
3784 181
3785 169
3786 161
3787 157
3788 159
3789 171
3790 156
3791 164
3792 185
3793 154
3794 172
3795 197
3796 169
3797 166
3798 151
3799 171
3800 180
3801 182
3802 167
3803 190
3804 177
3805 169
3806 170
3807 163
3808 167
3809 170
3810 152
3811 181
3812 160
3813 169
3814 153
3815 180
3816 159
3817 161
3818 179
3819 171
3820 165
3821 155
3822 181
3823 164
3824 187
3825 144
3826 150
3827 165
3828 175
3829 173
3830 167
3831 187
3832 159
3833 158
3834 170
3835 158
3836 166
3837 157
3838 165
3839 168
3840 163
3841 155
3842 187
3843 175
3844 169
3845 153
3846 167
3847 164
3848 166
3849 156
3850 187
3851 159
3852 170
3853 167
3854 188
3855 172
3856 183
3857 165
3858 154
3859 164
3860 170
3861 167
3862 161
3863 168
3864 163
3865 166
3866 159
3867 165
3868 188
3869 135
3870 146
3871 155
3872 162
3873 158
3874 152
3875 169
3876 176
3877 159
3878 207
3879 178
3880 184
3881 157
3882 169
3883 168
3884 163
3885 196
3886 165
3887 157
3888 174
3889 164
3890 160
3891 171
3892 158
3893 154
3894 165
3895 158
3896 188
3897 169
3898 157
3899 186
3900 161
3901 170
3902 169
3903 162
3904 165
3905 153
3906 158
3907 148
3908 149
3909 161
3910 163
3911 179
3912 156
3913 168
3914 170
3915 174
3916 159
3917 155
3918 166
3919 155
3920 171
3921 162
3922 162
3923 153
3924 169
3925 166
3926 165
3927 160
3928 160
3929 152
3930 150
3931 163
3932 151
3933 181
3934 153
3935 171
3936 159
3937 151
3938 173
3939 164
3940 147
3941 145
3942 143
3943 141
3944 179
3945 134
3946 155
3947 181
3948 157
3949 170
3950 161
3951 153
3952 138
3953 165
3954 165
3955 138
3956 154
3957 166
3958 168
3959 153
3960 165
3961 166
3962 151
3963 169
3964 141
3965 169
3966 157
3967 138
3968 176
3969 136
3970 169
3971 189
3972 159
3973 155
3974 156
3975 184
3976 167
3977 161
3978 146
3979 159
3980 178
3981 147
3982 146
3983 159
3984 170
3985 159
3986 181
3987 146
3988 168
3989 165
3990 159
3991 177
3992 160
3993 132
3994 138
3995 142
3996 152
3997 164
3998 151
3999 141
4000 141
4001 151
4002 154
4003 178
4004 144
4005 146
4006 173
4007 145
4008 146
4009 147
4010 170
4011 146
4012 142
4013 177
4014 159
4015 162
4016 158
4017 149
4018 158
4019 161
4020 134
4021 149
4022 146
4023 149
4024 150
4025 146
4026 138
4027 153
4028 156
4029 158
4030 152
4031 160
4032 148
4033 151
4034 158
4035 161
4036 159
4037 140
4038 144
4039 136
4040 176
4041 149
4042 146
4043 157
4044 155
4045 138
4046 160
4047 134
4048 160
4049 159
4050 136
4051 172
4052 137
4053 144
4054 137
4055 134
4056 138
4057 146
4058 156
4059 161
4060 148
4061 152
4062 130
4063 145
4064 158
4065 147
4066 144
4067 151
4068 164
4069 125
4070 168
4071 153
4072 161
4073 126
4074 165
4075 152
4076 132
4077 138
4078 140
4079 166
4080 168
4081 149
4082 166
4083 128
4084 151
4085 142
4086 161
4087 137
4088 154
4089 148
4090 146
4091 155
4092 138
4093 139
4094 149
4095 148
4096 137
4097 155
4098 157
4099 161
4100 166
4101 154
4102 155
4103 160
4104 149
4105 144
4106 178
4107 152
4108 144
4109 158
4110 159
4111 146
4112 143
4113 147
4114 137
4115 140
4116 138
4117 140
4118 148
4119 165
4120 140
4121 134
4122 164
4123 140
4124 154
4125 141
4126 155
4127 138
4128 131
4129 154
4130 126
4131 154
4132 140
4133 137
4134 148
4135 129
4136 147
4137 138
4138 138
4139 143
4140 147
4141 135
4142 144
4143 162
4144 143
4145 164
4146 157
4147 142
4148 139
4149 154
4150 139
4151 128
4152 161
4153 127
4154 156
4155 138
4156 129
4157 138
4158 145
4159 143
4160 153
4161 145
4162 163
4163 147
4164 148
4165 139
4166 150
4167 141
4168 132
4169 172
4170 135
4171 156
4172 172
4173 145
4174 137
4175 137
4176 145
4177 124
4178 126
4179 171
4180 145
4181 129
4182 150
4183 171
4184 142
4185 147
4186 150
4187 133
4188 149
4189 153
4190 120
4191 135
4192 134
4193 156
4194 153
4195 131
4196 143
4197 130
4198 157
4199 162
4200 151
4201 154
4202 130
4203 140
4204 134
4205 143
4206 139
4207 131
4208 133
4209 141
4210 136
4211 128
4212 126
4213 132
4214 142
4215 135
4216 138
4217 111
4218 130
4219 135
4220 128
4221 142
4222 117
4223 142
4224 125
4225 119
4226 124
4227 117
4228 117
4229 138
4230 148
4231 146
4232 147
4233 138
4234 145
4235 142
4236 110
4237 129
4238 125
4239 125
4240 126
4241 148
4242 138
4243 135
4244 139
4245 137
4246 129
4247 128
4248 135
4249 134
4250 133
4251 109
4252 123
4253 144
4254 139
4255 141
4256 119
4257 143
4258 129
4259 120
4260 131
4261 150
4262 140
4263 134
4264 141
4265 133
4266 137
4267 148
4268 130
4269 115
4270 154
4271 128
4272 134
4273 126
4274 147
4275 138
4276 131
4277 124
4278 146
4279 124
4280 136
4281 120
4282 130
4283 124
4284 123
4285 139
4286 147
4287 141
4288 132
4289 121
4290 129
4291 128
4292 126
4293 128
4294 122
4295 125
4296 145
4297 130
4298 143
4299 128
4300 101
4301 136
4302 114
4303 131
4304 145
4305 141
4306 116
4307 142
4308 134
4309 140
4310 134
4311 116
4312 120
4313 140
4314 114
4315 144
4316 130
4317 151
4318 117
4319 121
4320 134
4321 142
4322 131
4323 128
4324 142
4325 127
4326 110
4327 139
4328 138
4329 128
4330 144
4331 121
4332 136
4333 150
4334 120
4335 113
4336 139
4337 122
4338 125
4339 140
4340 132
4341 115
4342 144
4343 134
4344 117
4345 103
4346 123
4347 135
4348 115
4349 133
4350 123
4351 147
4352 128
4353 136
4354 125
4355 135
4356 135
4357 115
4358 126
4359 152
4360 126
4361 120
4362 111
4363 118
4364 135
4365 143
4366 153
4367 135
4368 140
4369 122
4370 130
4371 129
4372 120
4373 139
4374 117
4375 120
4376 118
4377 124
4378 117
4379 143
4380 126
4381 122
4382 136
4383 121
4384 127
4385 116
4386 121
4387 129
4388 114
4389 123
4390 130
4391 129
4392 125
4393 123
4394 126
4395 134
4396 146
4397 147
4398 136
4399 134
4400 134
4401 128
4402 117
4403 109
4404 125
4405 127
4406 132
4407 143
4408 149
4409 138
4410 121
4411 134
4412 126
4413 133
4414 120
4415 145
4416 114
4417 131
4418 135
4419 109
4420 112
4421 120
4422 119
4423 120
4424 138
4425 119
4426 111
4427 116
4428 132
4429 139
4430 133
4431 133
4432 122
4433 124
4434 132
4435 133
4436 119
4437 135
4438 119
4439 116
4440 131
4441 111
4442 119
4443 140
4444 117
4445 125
4446 141
4447 125
4448 123
4449 127
4450 115
4451 134
4452 116
4453 123
4454 135
4455 121
4456 122
4457 114
4458 115
4459 105
4460 114
4461 88
4462 106
4463 117
4464 131
4465 109
4466 131
4467 114
4468 125
4469 138
4470 135
4471 143
4472 150
4473 129
4474 138
4475 117
4476 103
4477 131
4478 107
4479 122
4480 131
4481 121
4482 131
4483 128
4484 118
4485 130
4486 124
4487 137
4488 122
4489 128
4490 127
4491 130
4492 137
4493 133
4494 128
4495 132
4496 133
4497 115
4498 146
4499 112
4500 122
4501 128
4502 136
4503 125
4504 136
4505 149
4506 129
4507 103
4508 129
4509 133
4510 131
4511 120
4512 116
4513 120
4514 124
4515 123
4516 115
4517 127
4518 125
4519 122
4520 115
4521 110
4522 115
4523 124
4524 141
4525 129
4526 125
4527 119
4528 114
4529 127
4530 132
4531 129
4532 127
4533 106
4534 107
4535 133
4536 115
4537 114
4538 125
4539 102
4540 127
4541 115
4542 107
4543 116
4544 126
4545 107
4546 118
4547 140
4548 117
4549 105
4550 118
4551 127
4552 111
4553 118
4554 109
4555 109
4556 133
4557 127
4558 121
4559 123
4560 104
4561 95
4562 123
4563 136
4564 123
4565 155
4566 115
4567 125
4568 125
4569 115
4570 104
4571 128
4572 122
4573 121
4574 109
4575 121
4576 123
4577 130
4578 111
4579 125
4580 104
4581 109
4582 127
4583 118
4584 125
4585 115
4586 132
4587 117
4588 111
4589 134
4590 129
4591 116
4592 126
4593 134
4594 120
4595 111
4596 124
4597 125
4598 106
4599 97
4600 116
4601 121
4602 107
4603 106
4604 129
4605 112
4606 108
4607 125
4608 114
4609 114
4610 109
4611 121
4612 123
4613 108
4614 114
4615 136
4616 102
4617 109
4618 109
4619 105
4620 96
4621 120
4622 124
4623 117
4624 130
4625 122
4626 125
4627 101
4628 129
4629 120
4630 119
4631 116
4632 114
4633 110
4634 132
4635 117
4636 122
4637 110
4638 117
4639 106
4640 114
4641 110
4642 110
4643 126
4644 129
4645 104
4646 120
4647 108
4648 113
4649 109
4650 100
4651 116
4652 112
4653 114
4654 105
4655 96
4656 123
4657 102
4658 117
4659 99
4660 111
4661 106
4662 96
4663 114
4664 116
4665 108
4666 110
4667 105
4668 106
4669 108
4670 95
4671 92
4672 115
4673 114
4674 100
4675 113
4676 119
4677 90
4678 123
4679 104
4680 113
4681 93
4682 116
4683 103
4684 106
4685 118
4686 104
4687 120
4688 107
4689 125
4690 114
4691 111
4692 120
4693 107
4694 110
4695 108
4696 115
4697 141
4698 116
4699 125
4700 92
4701 109
4702 106
4703 105
4704 108
4705 121
4706 134
4707 113
4708 116
4709 108
4710 108
4711 113
4712 115
4713 101
4714 120
4715 121
4716 96
4717 127
4718 101
4719 107
4720 95
4721 113
4722 92
4723 114
4724 108
4725 123
4726 122
4727 113
4728 105
4729 126
4730 114
4731 87
4732 104
4733 106
4734 99
4735 94
4736 117
4737 118
4738 108
4739 108
4740 108
4741 104
4742 101
4743 112
4744 98
4745 105
4746 112
4747 96
4748 125
4749 112
4750 111
4751 102
4752 129
4753 102
4754 102
4755 119
4756 96
4757 97
4758 114
4759 126
4760 106
4761 120
4762 98
4763 77
4764 112
4765 108
4766 103
4767 100
4768 115
4769 94
4770 104
4771 113
4772 97
4773 115
4774 115
4775 105
4776 117
4777 120
4778 102
4779 94
4780 110
4781 112
4782 112
4783 87
4784 102
4785 119
4786 134
4787 116
4788 105
4789 93
4790 96
4791 96
4792 95
4793 107
4794 120
4795 91
4796 106
4797 110
4798 121
4799 99
4800 105
4801 96
4802 111
4803 120
4804 74
4805 111
4806 99
4807 94
4808 117
4809 122
4810 108
4811 90
4812 92
4813 110
4814 100
4815 81
4816 96
4817 105
4818 120
4819 109
4820 89
4821 85
4822 103
4823 101
4824 109
4825 104
4826 111
4827 97
4828 88
4829 95
4830 98
4831 97
4832 94
4833 101
4834 103
4835 88
4836 113
4837 107
4838 97
4839 104
4840 101
4841 92
4842 102
4843 93
4844 96
4845 108
4846 74
4847 92
4848 99
4849 118
4850 96
4851 100
4852 113
4853 112
4854 106
4855 112
4856 101
4857 104
4858 87
4859 94
4860 95
4861 116
4862 101
4863 87
4864 83
4865 103
4866 109
4867 105
4868 95
4869 109
4870 99
4871 90
4872 101
4873 85
4874 102
4875 90
4876 97
4877 100
4878 89
4879 87
4880 108
4881 92
4882 96
4883 91
4884 88
4885 100
4886 88
4887 89
4888 110
4889 101
4890 107
4891 112
4892 78
4893 109
4894 104
4895 97
4896 96
4897 121
4898 93
4899 89
4900 99
4901 109
4902 89
4903 89
4904 83
4905 106
4906 110
4907 76
4908 102
4909 90
4910 105
4911 95
4912 98
4913 109
4914 111
4915 82
4916 97
4917 89
4918 76
4919 119
4920 109
4921 85
4922 86
4923 86
4924 100
4925 85
4926 113
4927 109
4928 99
4929 102
4930 96
4931 98
4932 101
4933 89
4934 89
4935 85
4936 95
4937 85
4938 87
4939 71
4940 98
4941 103
4942 69
4943 86
4944 99
4945 96
4946 88
4947 81
4948 100
4949 84
4950 101
4951 78
4952 82
4953 90
4954 84
4955 89
4956 81
4957 101
4958 89
4959 92
4960 94
4961 82
4962 86
4963 98
4964 109
4965 90
4966 74
4967 99
4968 97
4969 88
4970 80
4971 101
4972 91
4973 97
4974 91
4975 105
4976 94
4977 84
4978 97
4979 89
4980 106
4981 90
4982 82
4983 93
4984 100
4985 102
4986 98
4987 88
4988 94
4989 104
4990 107
4991 85
4992 93
4993 96
4994 96
4995 95
4996 90
4997 86
4998 84
4999 80
5000 77
5001 95
5002 103
5003 90
5004 81
5005 79
5006 91
5007 90
5008 84
5009 94
5010 92
5011 88
5012 89
5013 90
5014 90
5015 89
5016 73
5017 86
5018 98
5019 88
5020 105
5021 93
5022 85
5023 106
5024 75
5025 106
5026 96
5027 91
5028 88
5029 106
5030 100
5031 97
5032 87
5033 85
5034 87
5035 101
5036 89
5037 78
5038 97
5039 86
5040 92
5041 101
5042 110
5043 96
5044 95
5045 109
5046 89
5047 84
5048 92
5049 98
5050 94
5051 104
5052 95
5053 111
5054 103
5055 74
5056 96
5057 87
5058 81
5059 97
5060 98
5061 92
5062 85
5063 93
5064 107
5065 105
5066 108
5067 84
5068 82
5069 92
5070 84
5071 93
5072 84
5073 99
5074 76
5075 97
5076 98
5077 88
5078 84
5079 92
5080 94
5081 94
5082 91
5083 84
5084 112
5085 96
5086 106
5087 94
5088 86
5089 87
5090 86
5091 89
5092 89
5093 92
5094 88
5095 99
5096 91
5097 86
5098 77
5099 94
5100 82
5101 82
5102 93
5103 99
5104 80
5105 96
5106 76
5107 84
5108 97
5109 72
5110 79
5111 92
5112 92
5113 70
5114 97
5115 87
5116 93
5117 84
5118 99
5119 90
5120 102
5121 102
5122 104
5123 77
5124 83
5125 97
5126 80
5127 94
5128 78
5129 94
5130 96
5131 92
5132 89
5133 79
5134 93
5135 96
5136 81
5137 80
5138 104
5139 97
5140 89
5141 95
5142 90
5143 102
5144 92
5145 97
5146 100
5147 94
5148 109
5149 78
5150 84
5151 88
5152 95
5153 92
5154 85
5155 89
5156 88
5157 99
5158 93
5159 99
5160 110
5161 75
5162 96
5163 89
5164 94
5165 80
5166 98
5167 75
5168 87
5169 95
5170 97
5171 77
5172 76
5173 90
5174 89
5175 88
5176 86
5177 95
5178 89
5179 73
5180 81
5181 78
5182 80
5183 91
5184 92
5185 82
5186 84
5187 78
5188 86
5189 93
5190 104
5191 78
5192 101
5193 100
5194 90
5195 69
5196 89
5197 93
5198 82
5199 93
5200 85
5201 94
5202 91
5203 101
5204 104
5205 93
5206 75
5207 67
5208 99
5209 91
5210 94
5211 73
5212 95
5213 87
5214 73
5215 77
5216 82
5217 79
5218 94
5219 93
5220 107
5221 91
5222 95
5223 110
5224 76
5225 95
5226 81
5227 75
5228 72
5229 85
5230 86
5231 99
5232 90
5233 94
5234 87
5235 80
5236 84
5237 75
5238 94
5239 75
5240 102
5241 68
5242 82
5243 96
5244 85
5245 83
5246 82
5247 79
5248 81
5249 77
5250 88
5251 97
5252 87
5253 85
5254 81
5255 103
5256 79
5257 92
5258 95
5259 76
5260 78
5261 91
5262 86
5263 82
5264 79
5265 80
5266 97
5267 73
5268 89
5269 76
5270 90
5271 88
5272 96
5273 87
5274 71
5275 79
5276 83
5277 59
5278 70
5279 82
5280 107
5281 79
5282 85
5283 63
5284 82
5285 74
5286 81
5287 71
5288 90
5289 78
5290 78
5291 89
5292 84
5293 71
5294 90
5295 89
5296 92
5297 86
5298 84
5299 83
5300 91
5301 82
5302 98
5303 95
5304 78
5305 89
5306 82
5307 85
5308 72
5309 86
5310 84
5311 66
5312 95
5313 74
5314 101
5315 85
5316 80
5317 85
5318 79
5319 87
5320 67
5321 87
5322 87
5323 74
5324 77
5325 65
5326 77
5327 83
5328 85
5329 71
5330 87
5331 70
5332 80
5333 70
5334 77
5335 91
5336 81
5337 61
5338 77
5339 77
5340 81
5341 90
5342 75
5343 77
5344 81
5345 71
5346 74
5347 79
5348 77
5349 90
5350 81
5351 73
5352 75
5353 86
5354 71
5355 83
5356 66
5357 72
5358 84
5359 79
5360 70
5361 73
5362 82
5363 68
5364 81
5365 72
5366 81
5367 83
5368 82
5369 67
5370 97
5371 85
5372 67
5373 76
5374 108
5375 84
5376 72
5377 90
5378 77
5379 84
5380 81
5381 101
5382 103
5383 95
5384 100
5385 80
5386 81
5387 75
5388 94
5389 85
5390 73
5391 85
5392 79
5393 70
5394 81
5395 80
5396 87
5397 98
5398 85
5399 81
5400 75
5401 81
5402 85
5403 71
5404 83
5405 71
5406 89
5407 77
5408 87
5409 94
5410 87
5411 85
5412 96
5413 88
5414 66
5415 90
5416 81
5417 71
5418 96
5419 88
5420 99
5421 89
5422 71
5423 75
5424 85
5425 93
5426 113
5427 84
5428 71
5429 95
5430 85
5431 67
5432 83
5433 92
5434 105
5435 81
5436 68
5437 93
5438 68
5439 75
5440 76
5441 71
5442 71
5443 73
5444 79
5445 68
5446 85
5447 64
5448 70
5449 88
5450 79
5451 86
5452 85
5453 85
5454 65
5455 71
5456 77
5457 89
5458 60
5459 81
5460 83
5461 75
5462 99
5463 70
5464 78
5465 61
5466 71
5467 86
5468 86
5469 78
5470 75
5471 95
5472 81
5473 80
5474 98
5475 67
5476 93
5477 74
5478 61
5479 82
5480 79
5481 67
5482 70
5483 77
5484 81
5485 83
5486 90
5487 71
5488 77
5489 71
5490 75
5491 87
5492 65
5493 77
5494 77
5495 79
5496 75
5497 80
5498 70
5499 72
5500 86
5501 61
5502 73
5503 108
5504 83
5505 67
5506 92
5507 71
5508 78
5509 69
5510 81
5511 83
5512 69
5513 82
5514 74
5515 64
5516 72
5517 70
5518 69
5519 81
5520 69
5521 80
5522 77
5523 73
5524 77
5525 73
5526 85
5527 75
5528 72
5529 77
5530 71
5531 68
5532 82
5533 87
5534 66
5535 86
5536 58
5537 84
5538 81
5539 96
5540 84
5541 88
5542 68
5543 90
5544 90
5545 60
5546 92
5547 70
5548 65
5549 84
5550 78
5551 93
5552 65
5553 70
5554 76
5555 90
5556 78
5557 76
5558 74
5559 74
5560 94
5561 74
5562 84
5563 82
5564 79
5565 91
5566 83
5567 76
5568 69
5569 89
5570 65
5571 71
5572 69
5573 65
5574 66
5575 102
5576 86
5577 85
5578 74
5579 71
5580 81
5581 80
5582 72
5583 82
5584 66
5585 100
5586 75
5587 77
5588 71
5589 92
5590 71
5591 63
5592 77
5593 74
5594 66
5595 75
5596 90
5597 77
5598 80
5599 72
5600 72
5601 71
5602 80
5603 68
5604 79
5605 87
5606 73
5607 76
5608 62
5609 81
5610 79
5611 87
5612 71
5613 64
5614 66
5615 84
5616 68
5617 76
5618 65
5619 69
5620 58
5621 62
5622 83
5623 70
5624 66
5625 80
5626 71
5627 77
5628 81
5629 86
5630 83
5631 67
5632 97
5633 82
5634 85
5635 74
5636 75
5637 88
5638 80
5639 65
5640 75
5641 87
5642 77
5643 76
5644 84
5645 90
5646 75
5647 68
5648 64
5649 76
5650 74
5651 73
5652 65
5653 72
5654 80
5655 65
5656 65
5657 74
5658 95
5659 71
5660 59
5661 81
5662 86
5663 66
5664 83
5665 85
5666 65
5667 93
5668 71
5669 77
5670 59
5671 69
5672 67
5673 76
5674 64
5675 82
5676 70
5677 67
5678 88
5679 63
5680 75
5681 67
5682 62
5683 62
5684 68
5685 79
5686 82
5687 72
5688 65
5689 87
5690 71
5691 78
5692 67
5693 72
5694 86
5695 73
5696 83
5697 67
5698 74
5699 77
5700 74
5701 72
5702 57
5703 81
5704 65
5705 84
5706 74
5707 79
5708 61
5709 84
5710 66
5711 73
5712 69
5713 81
5714 75
5715 66
5716 70
5717 74
5718 80
5719 58
5720 86
5721 74
5722 75
5723 79
5724 72
5725 74
5726 62
5727 76
5728 71
5729 67
5730 71
5731 84
5732 62
5733 78
5734 70
5735 89
5736 73
5737 64
5738 69
5739 79
5740 70
5741 75
5742 64
5743 60
5744 70
5745 60
5746 60
5747 74
5748 75
5749 64
5750 77
5751 69
5752 66
5753 72
5754 67
5755 70
5756 80
5757 69
5758 74
5759 57
5760 68
5761 67
5762 78
5763 84
5764 89
5765 70
5766 67
5767 85
5768 65
5769 73
5770 85
5771 70
5772 77
5773 72
5774 58
5775 83
5776 86
5777 88
5778 66
5779 64
5780 74
5781 68
5782 72
5783 68
5784 61
5785 76
5786 76
5787 76
5788 63
5789 65
5790 78
5791 78
5792 83
5793 85
5794 66
5795 97
5796 77
5797 67
5798 75
5799 70
5800 73
5801 69
5802 80
5803 65
5804 71
5805 67
5806 71
5807 73
5808 62
5809 71
5810 66
5811 71
5812 64
5813 59
5814 72
5815 85
5816 66
5817 70
5818 73
5819 74
5820 84
5821 77
5822 69
5823 90
5824 72
5825 71
5826 75
5827 68
5828 71
5829 80
5830 75
5831 64
5832 71
5833 60
5834 81
5835 80
5836 71
5837 73
5838 77
5839 70
5840 65
5841 63
5842 64
5843 81
5844 62
5845 80
5846 63
5847 60
5848 77
5849 78
5850 82
5851 66
5852 68
5853 75
5854 62
5855 75
5856 74
5857 65
5858 61
5859 60
5860 84
5861 71
5862 63
5863 65
5864 77
5865 82
5866 74
5867 67
5868 79
5869 84
5870 78
5871 73
5872 64
5873 72
5874 74
5875 73
5876 74
5877 82
5878 74
5879 58
5880 72
5881 67
5882 74
5883 59
5884 72
5885 63
5886 65
5887 64
5888 60
5889 80
5890 78
5891 76
5892 75
5893 81
5894 64
5895 79
5896 65
5897 72
5898 70
5899 69
5900 73
5901 64
5902 60
5903 78
5904 58
5905 58
5906 78
5907 71
5908 61
5909 76
5910 64
5911 68
5912 78
5913 44
5914 64
5915 65
5916 65
5917 74
5918 80
5919 65
5920 71
5921 61
5922 57
5923 76
5924 67
5925 73
5926 76
5927 69
5928 68
5929 65
5930 64
5931 71
5932 66
5933 64
5934 65
5935 47
5936 64
5937 65
5938 56
5939 79
5940 55
5941 79
5942 65
5943 58
5944 58
5945 67
5946 69
5947 52
5948 69
5949 73
5950 55
5951 61
5952 68
5953 64
5954 74
5955 55
5956 74
5957 67
5958 77
5959 67
5960 58
5961 63
5962 69
5963 75
5964 63
5965 71
5966 61
5967 72
5968 66
5969 67
5970 67
5971 75
5972 63
5973 64
5974 80
5975 57
5976 49
5977 65
5978 64
5979 66
5980 72
5981 64
5982 61
5983 65
5984 73
5985 77
5986 77
5987 63
5988 78
5989 66
5990 71
5991 58
5992 66
5993 71
5994 59
5995 52
5996 59
5997 77
5998 71
5999 55
6000 64
6001 57
6002 60
6003 42
6004 72
6005 54
6006 47
6007 68
6008 67
6009 65
6010 53
6011 77
6012 65
6013 73
6014 63
6015 64
6016 73
6017 67
6018 68
6019 52
6020 71
6021 74
6022 64
6023 79
6024 60
6025 67
6026 71
6027 66
6028 63
6029 43
6030 56
6031 54
6032 56
6033 68
6034 71
6035 59
6036 73
6037 72
6038 65
6039 70
6040 65
6041 67
6042 81
6043 60
6044 55
6045 59
6046 61
6047 72
6048 77
6049 69
6050 53
6051 67
6052 62
6053 58
6054 57
6055 66
6056 67
6057 57
6058 39
6059 51
6060 63
6061 56
6062 56
6063 68
6064 64
6065 58
6066 82
6067 72
6068 63
6069 53
6070 57
6071 58
6072 51
6073 68
6074 54
6075 63
6076 66
6077 84
6078 48
6079 63
6080 56
6081 59
6082 76
6083 69
6084 65
6085 71
6086 56
6087 65
6088 76
6089 48
6090 55
6091 51
6092 79
6093 63
6094 58
6095 64
6096 71
6097 52
6098 62
6099 65
6100 64
6101 63
6102 57
6103 62
6104 72
6105 64
6106 63
6107 72
6108 50
6109 57
6110 60
6111 64
6112 58
6113 58
6114 58
6115 64
6116 58
6117 61
6118 50
6119 56
6120 62
6121 60
6122 54
6123 54
6124 58
6125 58
6126 66
6127 76
6128 69
6129 66
6130 55
6131 67
6132 74
6133 62
6134 55
6135 55
6136 65
6137 61
6138 65
6139 53
6140 74
6141 67
6142 59
6143 66
6144 50
6145 55
6146 77
6147 58
6148 61
6149 61
6150 55
6151 68
6152 66
6153 68
6154 73
6155 71
6156 55
6157 65
6158 56
6159 54
6160 57
6161 45
6162 71
6163 58
6164 51
6165 50
6166 60
6167 76
6168 43
6169 60
6170 71
6171 61
6172 63
6173 54
6174 58
6175 55
6176 61
6177 55
6178 49
6179 52
6180 64
6181 51
6182 54
6183 62
6184 61
6185 63
6186 49
6187 68
6188 60
6189 52
6190 56
6191 55
6192 53
6193 68
6194 68
6195 52
6196 58
6197 67
6198 64
6199 33
6200 64
6201 53
6202 61
6203 62
6204 66
6205 74
6206 55
6207 61
6208 64
6209 60
6210 57
6211 67
6212 71
6213 61
6214 64
6215 52
6216 65
6217 68
6218 66
6219 59
6220 67
6221 52
6222 61
6223 47
6224 45
6225 56
6226 53
6227 52
6228 57
6229 46
6230 52
6231 43
6232 60
6233 58
6234 64
6235 63
6236 52
6237 69
6238 52
6239 52
6240 72
6241 58
6242 58
6243 67
6244 66
6245 58
6246 45
6247 64
6248 59
6249 57
6250 55
6251 58
6252 80
6253 60
6254 52
6255 48
6256 65
6257 41
6258 58
6259 65
6260 57
6261 58
6262 61
6263 65
6264 73
6265 52
6266 54
6267 52
6268 54
6269 59
6270 54
6271 55
6272 54
6273 61
6274 63
6275 57
6276 61
6277 54
6278 54
6279 59
6280 63
6281 67
6282 67
6283 58
6284 61
6285 49
6286 60
6287 51
6288 55
6289 64
6290 67
6291 52
6292 60
6293 61
6294 41
6295 70
6296 60
6297 60
6298 53
6299 55
6300 56
6301 53
6302 54
6303 54
6304 46
6305 52
6306 48
6307 55
6308 41
6309 54
6310 72
6311 54
6312 54
6313 51
6314 62
6315 48
6316 49
6317 47
6318 66
6319 49
6320 50
6321 63
6322 58
6323 61
6324 44
6325 55
6326 53
6327 60
6328 61
6329 59
6330 52
6331 65
6332 65
6333 54
6334 48
6335 54
6336 54
6337 57
6338 52
6339 59
6340 55
6341 48
6342 59
6343 55
6344 66
6345 55
6346 50
6347 66
6348 57
6349 46
6350 51
6351 64
6352 64
6353 68
6354 49
6355 52
6356 61
6357 57
6358 67
6359 60
6360 47
6361 67
6362 56
6363 55
6364 52
6365 48
6366 49
6367 52
6368 42
6369 58
6370 65
6371 60
6372 58
6373 66
6374 72
6375 50
6376 61
6377 55
6378 50
6379 57
6380 52
6381 43
6382 50
6383 61
6384 56
6385 62
6386 52
6387 40
6388 57
6389 53
6390 42
6391 61
6392 52
6393 55
6394 54
6395 61
6396 52
6397 59
6398 41
6399 55
6400 60
6401 45
6402 57
6403 54
6404 55
6405 58
6406 56
6407 53
6408 69
6409 50
6410 64
6411 47
6412 53
6413 48
6414 59
6415 54
6416 59
6417 63
6418 56
6419 59
6420 55
6421 63
6422 58
6423 47
6424 58
6425 60
6426 47
6427 40
6428 59
6429 43
6430 58
6431 63
6432 52
6433 61
6434 62
6435 44
6436 47
6437 60
6438 69
6439 55
6440 61
6441 67
6442 52
6443 71
6444 31
6445 61
6446 52
6447 50
6448 49
6449 52
6450 45
6451 60
6452 55
6453 52
6454 60
6455 46
6456 49
6457 66
6458 52
6459 51
6460 55
6461 55
6462 58
6463 57
6464 60
6465 57
6466 58
6467 51
6468 54
6469 53
6470 70
6471 48
6472 60
6473 42
6474 61
6475 56
6476 40
6477 54
6478 62
6479 59
6480 65
6481 62
6482 54
6483 62
6484 53
6485 51
6486 55
6487 63
6488 51
6489 56
6490 60
6491 57
6492 53
6493 61
6494 59
6495 44
6496 52
6497 70
6498 52
6499 64
6500 54
6501 63
6502 54
6503 53
6504 64
6505 50
6506 47
6507 50
6508 54
6509 59
6510 46
6511 60
6512 58
6513 48
6514 58
6515 49
6516 52
6517 59
6518 40
6519 47
6520 55
6521 68
6522 51
6523 44
6524 48
6525 59
6526 60
6527 55
6528 60
6529 53
6530 48
6531 57
6532 55
6533 42
6534 58
6535 64
6536 50
6537 47
6538 56
6539 48
6540 52
6541 58
6542 59
6543 60
6544 61
6545 50
6546 53
6547 58
6548 63
6549 51
6550 50
6551 50
6552 40
6553 59
6554 41
6555 55
6556 50
6557 56
6558 57
6559 42
6560 61
6561 61
6562 43
6563 50
6564 43
6565 47
6566 44
6567 55
6568 51
6569 58
6570 59
6571 53
6572 53
6573 66
6574 55
6575 60
6576 35
6577 46
6578 55
6579 55
6580 63
6581 51
6582 46
6583 49
6584 50
6585 46
6586 52
6587 59
6588 57
6589 49
6590 56
6591 44
6592 43
6593 54
6594 57
6595 60
6596 55
6597 52
6598 54
6599 54
6600 46
6601 53
6602 50
6603 53
6604 48
6605 62
6606 58
6607 48
6608 58
6609 58
6610 51
6611 53
6612 50
6613 57
6614 44
6615 42
6616 47
6617 55
6618 52
6619 48
6620 55
6621 42
6622 52
6623 51
6624 44
6625 50
6626 48
6627 65
6628 52
6629 53
6630 45
6631 50
6632 49
6633 53
6634 45
6635 61
6636 56
6637 56
6638 50
6639 58
6640 56
6641 58
6642 60
6643 40
6644 56
6645 40
6646 48
6647 43
6648 34
6649 54
6650 54
6651 52
6652 61
6653 51
6654 58
6655 38
6656 57
6657 51
6658 52
6659 56
6660 60
6661 49
6662 36
6663 44
6664 46
6665 58
6666 54
6667 49
6668 50
6669 54
6670 52
6671 42
6672 45
6673 50
6674 62
6675 56
6676 49
6677 45
6678 53
6679 35
6680 42
6681 59
6682 71
6683 56
6684 57
6685 52
6686 45
6687 47
6688 34
6689 53
6690 50
6691 47
6692 38
6693 39
6694 47
6695 54
6696 52
6697 46
6698 51
6699 59
6700 39
6701 41
6702 43
6703 55
6704 47
6705 44
6706 61
6707 49
6708 46
6709 49
6710 62
6711 57
6712 55
6713 56
6714 41
6715 38
6716 59
6717 52
6718 53
6719 43
6720 61
6721 44
6722 44
6723 44
6724 52
6725 36
6726 58
6727 62
6728 47
6729 50
6730 56
6731 47
6732 38
6733 49
6734 49
6735 56
6736 55
6737 38
6738 54
6739 44
6740 44
6741 53
6742 49
6743 59
6744 52
6745 42
6746 47
6747 49
6748 40
6749 43
6750 51
6751 61
6752 52
6753 47
6754 45
6755 49
6756 42
6757 50
6758 48
6759 53
6760 56
6761 49
6762 50
6763 41
6764 56
6765 41
6766 47
6767 47
6768 42
6769 52
6770 51
6771 46
6772 42
6773 67
6774 47
6775 41
6776 51
6777 46
6778 40
6779 46
6780 50
6781 46
6782 48
6783 53
6784 44
6785 40
6786 53
6787 46
6788 43
6789 57
6790 51
6791 44
6792 44
6793 40
6794 51
6795 42
6796 46
6797 41
6798 53
6799 25
6800 39
6801 48
6802 51
6803 37
6804 51
6805 39
6806 40
6807 52
6808 49
6809 43
6810 47
6811 43
6812 45
6813 52
6814 42
6815 57
6816 43
6817 51
6818 54
6819 42
6820 42
6821 48
6822 41
6823 39
6824 45
6825 38
6826 66
6827 36
6828 42
6829 69
6830 34
6831 39
6832 49
6833 36
6834 36
6835 56
6836 34
6837 43
6838 41
6839 49
6840 43
6841 48
6842 46
6843 55
6844 48
6845 38
6846 55
6847 45
6848 53
6849 39
6850 43
6851 48
6852 36
6853 47
6854 47
6855 39
6856 32
6857 50
6858 48
6859 45
6860 67
6861 49
6862 48
6863 46
6864 51
6865 35
6866 43
6867 47
6868 37
6869 55
6870 41
6871 41
6872 40
6873 42
6874 34
6875 34
6876 47
6877 38
6878 63
6879 50
6880 38
6881 46
6882 58
6883 49
6884 39
6885 47
6886 52
6887 53
6888 44
6889 38
6890 50
6891 57
6892 45
6893 35
6894 53
6895 46
6896 36
6897 42
6898 46
6899 49
6900 50
6901 54
6902 38
6903 53
6904 41
6905 42
6906 63
6907 51
6908 48
6909 51
6910 52
6911 53
6912 42
6913 46
6914 37
6915 55
6916 49
6917 42
6918 43
6919 38
6920 50
6921 42
6922 55
6923 44
6924 54
6925 63
6926 34
6927 49
6928 41
6929 31
6930 43
6931 47
6932 51
6933 49
6934 43
6935 40
6936 45
6937 53
6938 43
6939 44
6940 55
6941 45
6942 58
6943 50
6944 38
6945 38
6946 49
6947 59
6948 48
6949 54
6950 53
6951 38
6952 38
6953 30
6954 54
6955 35
6956 48
6957 52
6958 38
6959 43
6960 36
6961 50
6962 52
6963 56
6964 41
6965 36
6966 56
6967 42
6968 39
6969 52
6970 49
6971 34
6972 55
6973 41
6974 40
6975 52
6976 44
6977 42
6978 46
6979 50
6980 51
6981 40
6982 41
6983 37
6984 52
6985 56
6986 38
6987 36
6988 41
6989 43
6990 42
6991 46
6992 40
6993 42
6994 38
6995 53
6996 54
6997 35
6998 37
6999 38
7000 53
7001 41
7002 41
7003 35
7004 40
7005 49
7006 50
7007 45
7008 37
7009 43
7010 46
7011 42
7012 31
7013 60
7014 52
7015 49
7016 47
7017 45
7018 45
7019 41
7020 46
7021 41
7022 46
7023 38
7024 36
7025 48
7026 45
7027 46
7028 43
7029 45
7030 42
7031 53
7032 39
7033 42
7034 38
7035 47
7036 35
7037 45
7038 46
7039 39
7040 41
7041 52
7042 45
7043 42
7044 45
7045 48
7046 36
7047 38
7048 43
7049 51
7050 41
7051 45
7052 33
7053 41
7054 44
7055 52
7056 48
7057 44
7058 44
7059 35
7060 45
7061 39
7062 39
7063 49
7064 52
7065 39
7066 43
7067 41
7068 43
7069 34
7070 42
7071 49
7072 51
7073 37
7074 40
7075 35
7076 39
7077 47
7078 37
7079 45
7080 47
7081 52
7082 47
7083 49
7084 36
7085 31
7086 43
7087 39
7088 37
7089 47
7090 49
7091 40
7092 38
7093 40
7094 46
7095 40
7096 36
7097 44
7098 38
7099 53
7100 47
7101 44
7102 38
7103 53
7104 53
7105 38
7106 37
7107 40
7108 36
7109 38
7110 33
7111 40
7112 37
7113 45
7114 47
7115 41
7116 41
7117 45
7118 50
7119 37
7120 45
7121 41
7122 37
7123 48
7124 39
7125 46
7126 48
7127 52
7128 60
7129 39
7130 42
7131 32
7132 41
7133 32
7134 33
7135 39
7136 40
7137 39
7138 35
7139 57
7140 54
7141 51
7142 30
7143 59
7144 62
7145 50
7146 35
7147 46
7148 38
7149 54
7150 44
7151 48
7152 39
7153 51
7154 40
7155 47
7156 34
7157 43
7158 37
7159 42
7160 31
7161 46
7162 47
7163 47
7164 51
7165 41
7166 46
7167 44
7168 34
7169 48
7170 55
7171 43
7172 49
7173 31
7174 46
7175 43
7176 37
7177 37
7178 34
7179 43
7180 42
7181 42
7182 50
7183 46
7184 29
7185 52
7186 51
7187 39
7188 51
7189 42
7190 40
7191 60
7192 37
7193 39
7194 49
7195 32
7196 36
7197 38
7198 37
7199 45
7200 49
7201 39
7202 45
7203 40
7204 35
7205 53
7206 45
7207 48
7208 40
7209 46
7210 47
7211 46
7212 45
7213 57
7214 42
7215 46
7216 36
7217 37
7218 48
7219 49
7220 49
7221 49
7222 49
7223 45
7224 50
7225 44
7226 46
7227 52
7228 42
7229 31
7230 39
7231 51
7232 46
7233 35
7234 37
7235 44
7236 46
7237 37
7238 43
7239 43
7240 50
7241 51
7242 52
7243 35
7244 46
7245 47
7246 34
7247 35
7248 51
7249 49
7250 46
7251 50
7252 49
7253 49
7254 42
7255 32
7256 49
7257 44
7258 49
7259 40
7260 42
7261 43
7262 43
7263 35
7264 36
7265 35
7266 31
7267 40
7268 50
7269 42
7270 46
7271 46
7272 42
7273 34
7274 41
7275 40
7276 35
7277 46
7278 45
7279 48
7280 47
7281 38
7282 43
7283 50
7284 44
7285 51
7286 48
7287 59
7288 39
7289 49
7290 34
7291 37
7292 46
7293 51
7294 43
7295 31
7296 35
7297 42
7298 26
7299 36
7300 36
7301 42
7302 42
7303 42
7304 34
7305 43
7306 41
7307 40
7308 36
7309 43
7310 46
7311 37
7312 44
7313 35
7314 48
7315 46
7316 43
7317 47
7318 35
7319 49
7320 31
7321 52
7322 52
7323 47
7324 39
7325 38
7326 49
7327 48
7328 43
7329 40
7330 34
7331 45
7332 49
7333 50
7334 44
7335 39
7336 35
7337 41
7338 35
7339 52
7340 41
7341 41
7342 38
7343 25
7344 50
7345 29
7346 36
7347 56
7348 46
7349 37
7350 52
7351 33
7352 42
7353 48
7354 51
7355 40
7356 41
7357 33
7358 39
7359 31
7360 43
7361 42
7362 47
7363 41
7364 46
7365 36
7366 45
7367 48
7368 39
7369 51
7370 38
7371 46
7372 53
7373 41
7374 36
7375 36
7376 45
7377 45
7378 37
7379 40
7380 47
7381 46
7382 43
7383 35
7384 38
7385 34
7386 36
7387 33
7388 41
7389 36
7390 44
7391 39
7392 44
7393 32
7394 46
7395 41
7396 39
7397 46
7398 38
7399 48
7400 45
7401 33
7402 39
7403 44
7404 42
7405 60
7406 36
7407 42
7408 52
7409 28
7410 38
7411 45
7412 40
7413 48
7414 41
7415 41
7416 49
7417 32
7418 52
7419 47
7420 30
7421 35
7422 29
7423 42
7424 51
7425 43
7426 40
7427 39
7428 43
7429 34
7430 42
7431 49
7432 48
7433 34
7434 33
7435 46
7436 45
7437 43
7438 37
7439 37
7440 46
7441 38
7442 41
7443 32
7444 43
7445 38
7446 41
7447 39
7448 40
7449 34
7450 39
7451 39
7452 36
7453 43
7454 34
7455 35
7456 36
7457 40
7458 37
7459 48
7460 48
7461 51
7462 39
7463 47
7464 46
7465 39
7466 54
7467 46
7468 39
7469 57
7470 37
7471 41
7472 41
7473 45
7474 54
7475 35
7476 40
7477 42
7478 43
7479 49
7480 45
7481 52
7482 45
7483 37
7484 37
7485 41
7486 38
7487 44
7488 34
7489 52
7490 49
7491 33
7492 32
7493 53
7494 41
7495 35
7496 47
7497 53
7498 46
7499 50
7500 42
7501 48
7502 35
7503 40
7504 44
7505 34
7506 44
7507 39
7508 44
7509 28
7510 44
7511 34
7512 35
7513 48
7514 32
7515 39
7516 37
7517 38
7518 46
7519 34
7520 41
7521 32
7522 40
7523 34
7524 45
7525 43
7526 46
7527 37
7528 39
7529 26
7530 40
7531 50
7532 43
7533 49
7534 52
7535 27
7536 42
7537 48
7538 37
7539 40
7540 39
7541 56
7542 38
7543 40
7544 42
7545 34
7546 45
7547 43
7548 39
7549 41
7550 44
7551 44
7552 35
7553 38
7554 39
7555 45
7556 48
7557 41
7558 41
7559 42
7560 44
7561 31
7562 38
7563 58
7564 37
7565 39
7566 37
7567 34
7568 36
7569 33
7570 39
7571 34
7572 41
7573 41
7574 43
7575 49
7576 46
7577 37
7578 46
7579 50
7580 40
7581 38
7582 39
7583 42
7584 54
7585 45
7586 39
7587 46
7588 46
7589 48
7590 50
7591 50
7592 26
7593 31
7594 35
7595 37
7596 36
7597 46
7598 40
7599 33
7600 40
7601 34
7602 43
7603 36
7604 43
7605 44
7606 34
7607 35
7608 34
7609 41
7610 38
7611 49
7612 51
7613 34
7614 34
7615 32
7616 51
7617 40
7618 35
7619 45
7620 41
7621 40
7622 47
7623 42
7624 39
7625 40
7626 39
7627 43
7628 42
7629 40
7630 32
7631 40
7632 44
7633 44
7634 48
7635 41
7636 53
7637 39
7638 49
7639 45
7640 37
7641 40
7642 40
7643 41
7644 48
7645 34
7646 46
7647 55
7648 31
7649 39
7650 36
7651 43
7652 30
7653 51
7654 41
7655 42
7656 51
7657 32
7658 44
7659 51
7660 45
7661 35
7662 44
7663 44
7664 39
7665 39
7666 48
7667 36
7668 48
7669 34
7670 43
7671 48
7672 46
7673 38
7674 50
7675 53
7676 40
7677 47
7678 33
7679 32
7680 30
7681 42
7682 39
7683 47
7684 37
7685 52
7686 38
7687 29
7688 29
7689 38
7690 39
7691 29
7692 40
7693 30
7694 39
7695 35
7696 37
7697 47
7698 52
7699 34
7700 36
7701 45
7702 53
7703 38
7704 38
7705 41
7706 39
7707 34
7708 32
7709 33
7710 52
7711 35
7712 43
7713 37
7714 47
7715 36
7716 40
7717 41
7718 26
7719 41
7720 41
7721 38
7722 46
7723 46
7724 52
7725 47
7726 31
7727 38
7728 33
7729 42
7730 29
7731 46
7732 32
7733 37
7734 29
7735 35
7736 33
7737 44
7738 39
7739 41
7740 41
7741 38
7742 49
7743 39
7744 47
7745 37
7746 39
7747 32
7748 32
7749 28
7750 35
7751 39
7752 44
7753 41
7754 43
7755 51
7756 41
7757 44
7758 30
7759 52
7760 34
7761 46
7762 50
7763 51
7764 43
7765 49
7766 36
7767 44
7768 38
7769 35
7770 36
7771 41
7772 49
7773 41
7774 28
7775 44
7776 42
7777 35
7778 33
7779 32
7780 38
7781 45
7782 44
7783 37
7784 42
7785 48
7786 44
7787 43
7788 37
7789 36
7790 37
7791 32
7792 36
7793 31
7794 25
7795 47
7796 41
7797 33
7798 37
7799 30
7800 47
7801 32
7802 47
7803 47
7804 37
7805 29
7806 46
7807 37
7808 48
7809 57
7810 40
7811 44
7812 38
7813 46
7814 38
7815 38
7816 36
7817 44
7818 45
7819 37
7820 34
7821 46
7822 47
7823 46
7824 45
7825 36
7826 51
7827 28
7828 42
7829 35
7830 31
7831 48
7832 41
7833 44
7834 36
7835 52
7836 46
7837 51
7838 52
7839 42
7840 38
7841 56
7842 47
7843 35
7844 39
7845 52
7846 40
7847 41
7848 50
7849 46
7850 40
7851 31
7852 46
7853 41
7854 37
7855 40
7856 36
7857 44
7858 38
7859 37
7860 44
7861 46
7862 48
7863 43
7864 46
7865 41
7866 42
7867 49
7868 51
7869 39
7870 41
7871 35
7872 38
7873 28
7874 35
7875 37
7876 45
7877 41
7878 45
7879 36
7880 56
7881 38
7882 38
7883 39
7884 45
7885 40
7886 40
7887 42
7888 37
7889 37
7890 32
7891 39
7892 55
7893 48
7894 46
7895 40
7896 48
7897 41
7898 35
7899 43
7900 32
7901 40
7902 51
7903 33
7904 33
7905 32
7906 37
7907 44
7908 44
7909 39
7910 48
7911 34
7912 49
7913 50
7914 50
7915 36
7916 52
7917 37
7918 39
7919 32
7920 43
7921 38
7922 38
7923 54
7924 37
7925 41
7926 38
7927 31
7928 42
7929 33
7930 43
7931 36
7932 44
7933 32
7934 43
7935 52
7936 40
7937 43
7938 52
7939 32
7940 45
7941 34
7942 32
7943 49
7944 45
7945 41
7946 50
7947 41
7948 38
7949 33
7950 44
7951 43
7952 46
7953 34
7954 37
7955 46
7956 42
7957 57
7958 35
7959 44
7960 32
7961 36
7962 44
7963 43
7964 28
7965 37
7966 42
7967 39
7968 39
7969 43
7970 44
7971 40
7972 50
7973 46
7974 57
7975 38
7976 42
7977 40
7978 44
7979 42
7980 48
7981 31
7982 53
7983 35
7984 40
7985 29
7986 30
7987 31
7988 53
7989 42
7990 34
7991 40
7992 44
7993 41
7994 37
7995 41
7996 42
7997 40
7998 44
7999 52
8000 50
8001 38
8002 50
8003 38
8004 25
8005 49
8006 52
8007 42
8008 63
8009 45
8010 42
8011 43
8012 50
8013 45
8014 49
8015 48
8016 43
8017 40
8018 52
8019 36
8020 43
8021 38
8022 50
8023 46
8024 35
8025 41
8026 42
8027 39
8028 57
8029 44
8030 45
8031 43
8032 48
8033 45
8034 41
8035 32
8036 47
8037 39
8038 60
8039 41
8040 43
8041 39
8042 42
8043 53
8044 39
8045 41
8046 41
8047 42
8048 38
8049 36
8050 49
8051 40
8052 44
8053 45
8054 40
8055 37
8056 34
8057 49
8058 33
8059 46
8060 35
8061 37
8062 49
8063 45
8064 53
8065 42
8066 48
8067 50
8068 33
8069 47
8070 39
8071 45
8072 41
8073 53
8074 45
8075 37
8076 41
8077 48
8078 38
8079 38
8080 39
8081 44
8082 46
8083 39
8084 43
8085 48
8086 43
8087 45
8088 49
8089 45
8090 34
8091 49
8092 37
8093 46
8094 39
8095 44
8096 42
8097 53
8098 49
8099 50
8100 47
8101 51
8102 38
8103 31
8104 44
8105 52
8106 39
8107 44
8108 44
8109 42
8110 53
8111 37
8112 37
8113 42
8114 44
8115 42
8116 42
8117 58
8118 44
8119 54
8120 48
8121 38
8122 38
8123 46
8124 42
8125 40
8126 50
8127 47
8128 41
8129 48
8130 46
8131 46
8132 50
8133 39
8134 51
8135 34
8136 39
8137 56
8138 44
8139 55
8140 51
8141 49
8142 54
8143 49
8144 46
8145 40
8146 60
8147 51
8148 42
8149 49
8150 46
8151 39
8152 47
8153 30
8154 51
8155 51
8156 40
8157 46
8158 47
8159 60
8160 49
8161 52
8162 46
8163 39
8164 42
8165 53
8166 47
8167 53
8168 57
8169 45
8170 59
8171 42
8172 49
8173 40
8174 40
8175 41
8176 31
8177 50
8178 47
8179 55
8180 50
8181 51
8182 50
8183 41
8184 47
8185 49
8186 42
8187 48
8188 42
8189 44
8190 36
8191 49
8192 58
8193 46
8194 35
8195 44
8196 54
8197 47
8198 41
8199 41
8200 39
8201 48
8202 49
8203 42
8204 52
8205 51
8206 49
8207 56
8208 44
8209 51
8210 51
8211 47
8212 58
8213 41
8214 46
8215 42
8216 44
8217 44
8218 58
8219 49
8220 43
8221 40
8222 41
8223 41
8224 38
8225 38
8226 49
8227 47
8228 57
8229 58
8230 47
8231 51
8232 51
8233 48
8234 58
8235 48
8236 45
8237 57
8238 36
8239 43
8240 53
8241 47
8242 36
8243 39
8244 39
8245 44
8246 43
8247 56
8248 57
8249 56
8250 31
8251 54
8252 45
8253 45
8254 47
8255 39
8256 41
8257 59
8258 57
8259 47
8260 48
8261 41
8262 60
8263 45
8264 49
8265 62
8266 50
8267 42
8268 50
8269 47
8270 52
8271 45
8272 37
8273 45
8274 35
8275 56
8276 49
8277 60
8278 44
8279 42
8280 53
8281 57
8282 35
8283 49
8284 65
8285 40
8286 46
8287 45
8288 54
8289 48
8290 61
8291 54
8292 46
8293 47
8294 54
8295 63
8296 45
8297 54
8298 57
8299 42
8300 41
8301 64
8302 51
8303 57
8304 45
8305 53
8306 65
8307 53
8308 49
8309 56
8310 51
8311 49
8312 51
8313 51
8314 67
8315 48
8316 53
8317 47
8318 34
8319 55
8320 53
8321 65
8322 49
8323 58
8324 48
8325 58
8326 48
8327 49
8328 47
8329 60
8330 53
8331 43
8332 55
8333 47
8334 54
8335 56
8336 49
8337 45
8338 50
8339 40
8340 39
8341 49
8342 48
8343 41
8344 43
8345 53
8346 47
8347 46
8348 51
8349 59
8350 50
8351 60
8352 49
8353 39
8354 61
8355 43
8356 52
8357 54
8358 54
8359 51
8360 58
8361 69
8362 64
8363 56
8364 48
8365 58
8366 46
8367 54
8368 54
8369 48
8370 46
8371 57
8372 53
8373 53
8374 57
8375 60
8376 47
8377 51
8378 52
8379 49
8380 51
8381 53
8382 50
8383 51
8384 54
8385 54
8386 46
8387 51
8388 48
8389 47
8390 53
8391 59
8392 50
8393 50
8394 46
8395 54
8396 43
8397 42
8398 48
8399 61
8400 48
8401 66
8402 46
8403 67
8404 45
8405 50
8406 54
8407 50
8408 51
8409 58
8410 53
8411 55
8412 55
8413 54
8414 61
8415 49
8416 42
8417 58
8418 65
8419 69
8420 50
8421 64
8422 59
8423 46
8424 49
8425 55
8426 55
8427 55
8428 55
8429 63
8430 53
8431 56
8432 47
8433 46
8434 47
8435 59
8436 50
8437 55
8438 54
8439 46
8440 46
8441 59
8442 66
8443 60
8444 43
8445 56
8446 47
8447 42
8448 48
8449 51
8450 59
8451 51
8452 58
8453 58
8454 43
8455 53
8456 55
8457 63
8458 48
8459 46
8460 58
8461 47
8462 42
8463 56
8464 55
8465 53
8466 62
8467 58
8468 68
8469 53
8470 64
8471 58
8472 63
8473 50
8474 44
8475 60
8476 50
8477 59
8478 42
8479 69
8480 62
8481 52
8482 51
8483 57
8484 52
8485 47
8486 50
8487 59
8488 57
8489 43
8490 63
8491 53
8492 53
8493 44
8494 52
8495 53
8496 50
8497 50
8498 58
8499 63
8500 68
8501 65
8502 66
8503 54
8504 64
8505 49
8506 59
8507 50
8508 63
8509 54
8510 45
8511 48
8512 54
8513 55
8514 59
8515 57
8516 51
8517 40
8518 60
8519 64
8520 63
8521 55
8522 51
8523 73
8524 44
8525 44
8526 53
8527 63
8528 54
8529 59
8530 59
8531 48
8532 43
8533 64
8534 64
8535 54
8536 40
8537 57
8538 40
8539 61
8540 49
8541 51
8542 58
8543 53
8544 52
8545 46
8546 45
8547 46
8548 45
8549 46
8550 55
8551 48
8552 53
8553 41
8554 55
8555 44
8556 46
8557 55
8558 56
8559 58
8560 56
8561 49
8562 60
8563 48
8564 63
8565 50
8566 48
8567 54
8568 60
8569 46
8570 50
8571 58
8572 52
8573 42
8574 45
8575 45
8576 51
8577 40
8578 58
8579 59
8580 62
8581 50
8582 52
8583 56
8584 41
8585 63
8586 59
8587 50
8588 56
8589 62
8590 63
8591 49
8592 61
8593 60
8594 58
8595 39
8596 64
8597 43
8598 51
8599 58
8600 77
8601 45
8602 43
8603 77
8604 46
8605 52
8606 63
8607 60
8608 66
8609 69
8610 75
8611 56
8612 38
8613 68
8614 75
8615 58
8616 80
8617 61
8618 54
8619 52
8620 62
8621 77
8622 56
8623 48
8624 53
8625 60
8626 61
8627 64
8628 59
8629 49
8630 64
8631 48
8632 52
8633 67
8634 54
8635 59
8636 55
8637 59
8638 43
8639 56
8640 60
8641 62
8642 64
8643 70
8644 58
8645 74
8646 53
8647 63
8648 52
8649 60
8650 70
8651 57
8652 57
8653 76
8654 59
8655 63
8656 59
8657 52
8658 65
8659 62
8660 43
8661 55
8662 59
8663 56
8664 64
8665 72
8666 57
8667 56
8668 60
8669 58
8670 64
8671 61
8672 61
8673 72
8674 54
8675 60
8676 64
8677 59
8678 57
8679 73
8680 71
8681 59
8682 55
8683 61
8684 58
8685 65
8686 66
8687 56
8688 58
8689 61
8690 61
8691 65
8692 58
8693 52
8694 66
8695 72
8696 63
8697 66
8698 57
8699 60
8700 66
8701 66
8702 68
8703 56
8704 54
8705 65
8706 64
8707 55
8708 66
8709 74
8710 80
8711 83
8712 57
8713 60
8714 65
8715 66
8716 72
8717 61
8718 69
8719 71
8720 67
8721 64
8722 59
8723 61
8724 77
8725 73
8726 64
8727 58
8728 79
8729 61
8730 72
8731 78
8732 55
8733 71
8734 75
8735 56
8736 67
8737 71
8738 61
8739 56
8740 61
8741 73
8742 60
8743 61
8744 54
8745 79
8746 69
8747 64
8748 74
8749 64
8750 80
8751 66
8752 54
8753 54
8754 72
8755 64
8756 56
8757 78
8758 51
8759 80
8760 72
8761 62
8762 46
8763 64
8764 69
8765 69
8766 52
8767 74
8768 68
8769 51
8770 75
8771 64
8772 75
8773 68
8774 73
8775 85
8776 67
8777 55
8778 66
8779 54
8780 69
8781 76
8782 71
8783 64
8784 69
8785 86
8786 72
8787 70
8788 73
8789 63
8790 72
8791 74
8792 74
8793 73
8794 79
8795 78
8796 73
8797 70
8798 73
8799 61
8800 59
8801 73
8802 75
8803 71
8804 53
8805 62
8806 75
8807 68
8808 70
8809 55
8810 74
8811 89
8812 45
8813 82
8814 69
8815 65
8816 75
8817 78
8818 69
8819 62
8820 86
8821 70
8822 64
8823 78
8824 67
8825 69
8826 62
8827 85
8828 87
8829 52
8830 65
8831 72
8832 60
8833 55
8834 75
8835 77
8836 71
8837 85
8838 95
8839 79
8840 65
8841 65
8842 72
8843 78
8844 88
8845 72
8846 77
8847 73
8848 66
8849 52
8850 65
8851 80
8852 71
8853 89
8854 57
8855 62
8856 79
8857 65
8858 80
8859 71
8860 73
8861 75
8862 75
8863 63
8864 73
8865 76
8866 69
8867 69
8868 71
8869 62
8870 67
8871 60
8872 75
8873 79
8874 82
8875 70
8876 77
8877 61
8878 84
8879 71
8880 68
8881 66
8882 66
8883 73
8884 61
8885 68
8886 63
8887 63
8888 55
8889 60
8890 76
8891 77
8892 73
8893 69
8894 65
8895 56
8896 64
8897 68
8898 83
8899 64
8900 89
8901 60
8902 66
8903 71
8904 65
8905 62
8906 62
8907 66
8908 64
8909 56
8910 70
8911 70
8912 70
8913 64
8914 62
8915 66
8916 56
8917 77
8918 63
8919 62
8920 56
8921 70
8922 78
8923 65
8924 65
8925 61
8926 67
8927 66
8928 74
8929 58
8930 68
8931 67
8932 60
8933 69
8934 75
8935 63
8936 61
8937 63
8938 60
8939 49
8940 66
8941 46
8942 61
8943 77
8944 44
8945 78
8946 54
8947 61
8948 62
8949 48
8950 56
8951 70
8952 60
8953 49
8954 75
8955 55
8956 68
8957 50
8958 78
8959 59
8960 59
8961 64
8962 69
8963 73
8964 69
8965 70
8966 65
8967 74
8968 53
8969 86
8970 68
8971 70
8972 72
8973 53
8974 75
8975 58
8976 59
8977 65
8978 84
8979 64
8980 68
8981 63
8982 77
8983 73
8984 59
8985 86
8986 66
8987 69
8988 63
8989 66
8990 68
8991 72
8992 69
8993 66
8994 74
8995 54
8996 76
8997 52
8998 63
8999 62
9000 60
9001 71
9002 84
9003 64
9004 65
9005 55
9006 63
9007 64
9008 63
9009 67
9010 73
9011 77
9012 73
9013 90
9014 69
9015 74
9016 74
9017 70
9018 70
9019 69
9020 74
9021 73
9022 72
9023 70
9024 87
9025 69
9026 69
9027 79
9028 70
9029 69
9030 70
9031 64
9032 68
9033 63
9034 68
9035 66
9036 66
9037 75
9038 61
9039 81
9040 72
9041 59
9042 78
9043 58
9044 53
9045 71
9046 87
9047 68
9048 64
9049 77
9050 85
9051 71
9052 83
9053 68
9054 70
9055 78
9056 73
9057 90
9058 79
9059 60
9060 75
9061 73
9062 57
9063 81
9064 86
9065 66
9066 81
9067 68
9068 68
9069 78
9070 81
9071 48
9072 74
9073 63
9074 65
9075 66
9076 77
9077 78
9078 69
9079 84
9080 72
9081 73
9082 65
9083 83
9084 78
9085 61
9086 75
9087 91
9088 72
9089 61
9090 69
9091 80
9092 68
9093 80
9094 57
9095 72
9096 83
9097 68
9098 84
9099 74
9100 78
9101 71
9102 87
9103 75
9104 70
9105 89
9106 91
9107 64
9108 77
9109 77
9110 82
9111 84
9112 79
9113 76
9114 74
9115 74
9116 77
9117 82
9118 72
9119 77
9120 71
9121 71
9122 80
9123 84
9124 74
9125 73
9126 61
9127 71
9128 67
9129 82
9130 63
9131 75
9132 66
9133 86
9134 70
9135 79
9136 64
9137 77
9138 80
9139 76
9140 57
9141 96
9142 91
9143 86
9144 59
9145 68
9146 90
9147 76
9148 88
9149 84
9150 78
9151 65
9152 87
9153 68
9154 64
9155 65
9156 69
9157 79
9158 82
9159 75
9160 79
9161 68
9162 79
9163 80
9164 58
9165 69
9166 62
9167 67
9168 62
9169 84
9170 61
9171 68
9172 75
9173 68
9174 67
9175 64
9176 84
9177 76
9178 78
9179 67
9180 79
9181 64
9182 84
9183 81
9184 75
9185 67
9186 73
9187 72
9188 66
9189 69
9190 67
9191 68
9192 69
9193 72
9194 79
9195 78
9196 72
9197 78
9198 86
9199 83
9200 80
9201 64
9202 72
9203 63
9204 76
9205 69
9206 68
9207 64
9208 61
9209 84
9210 94
9211 74
9212 56
9213 70
9214 75
9215 71
9216 85
9217 73
9218 74
9219 75
9220 69
9221 75
9222 67
9223 68
9224 68
9225 71
9226 79
9227 87
9228 72
9229 78
9230 64
9231 72
9232 84
9233 64
9234 84
9235 95
9236 67
9237 76
9238 57
9239 77
9240 71
9241 70
9242 73
9243 66
9244 71
9245 65
9246 57
9247 64
9248 63
9249 60
9250 75
9251 72
9252 66
9253 75
9254 57
9255 70
9256 60
9257 73
9258 52
9259 62
9260 50
9261 59
9262 57
9263 76
9264 68
9265 51
9266 59
9267 66
9268 54
9269 85
9270 45
9271 58
9272 67
9273 61
9274 53
9275 75
9276 56
9277 73
9278 49
9279 54
9280 55
9281 66
9282 53
9283 54
9284 70
9285 57
9286 65
9287 57
9288 77
9289 66
9290 72
9291 63
9292 76
9293 61
9294 67
9295 53
9296 54
9297 68
9298 45
9299 74
9300 62
9301 54
9302 68
9303 70
9304 57
9305 60
9306 67
9307 83
9308 60
9309 56
9310 64
9311 63
9312 78
9313 65
9314 68
9315 65
9316 62
9317 66
9318 64
9319 60
9320 83
9321 89
9322 54
9323 61
9324 59
9325 60
9326 64
9327 70
9328 66
9329 75
9330 72
9331 61
9332 61
9333 73
9334 68
9335 66
9336 59
9337 58
9338 72
9339 52
9340 59
9341 56
9342 67
9343 67
9344 66
9345 66
9346 56
9347 81
9348 53
9349 61
9350 76
9351 62
9352 61
9353 60
9354 59
9355 50
9356 65
9357 68
9358 71
9359 77
9360 64
9361 63
9362 65
9363 64
9364 65
9365 55
9366 62
9367 61
9368 63
9369 74
9370 58
9371 63
9372 52
9373 71
9374 63
9375 70
9376 61
9377 63
9378 62
9379 66
9380 57
9381 68
9382 62
9383 53
9384 75
9385 58
9386 71
9387 65
9388 90
9389 54
9390 64
9391 65
9392 73
9393 53
9394 77
9395 67
9396 69
9397 75
9398 58
9399 65
9400 73
9401 75
9402 47
9403 67
9404 59
9405 73
9406 55
9407 75
9408 68
9409 45
9410 64
9411 62
9412 69
9413 69
9414 67
9415 73
9416 68
9417 68
9418 67
9419 64
9420 58
9421 61
9422 64
9423 62
9424 74
9425 59
9426 64
9427 59
9428 84
9429 57
9430 74
9431 59
9432 59
9433 50
9434 64
9435 55
9436 69
9437 77
9438 63
9439 54
9440 47
9441 57
9442 58
9443 61
9444 41
9445 60
9446 83
9447 58
9448 66
9449 69
9450 58
9451 54
9452 69
9453 64
9454 59
9455 54
9456 58
9457 47
9458 76
9459 72
9460 64
9461 61
9462 57
9463 63
9464 85
9465 74
9466 67
9467 56
9468 68
9469 68
9470 58
9471 69
9472 63
9473 76
9474 45
9475 53
9476 55
9477 66
9478 49
9479 58
9480 59
9481 57
9482 67
9483 62
9484 53
9485 72
9486 65
9487 46
9488 62
9489 62
9490 64
9491 73
9492 49
9493 65
9494 59
9495 64
9496 61
9497 69
9498 62
9499 64
9500 55
9501 46
9502 56
9503 72
9504 56
9505 47
9506 54
9507 73
9508 66
9509 66
9510 47
9511 66
9512 59
9513 59
9514 58
9515 47
9516 55
9517 65
9518 64
9519 53
9520 48
9521 65
9522 54
9523 55
9524 57
9525 49
9526 68
9527 53
9528 62
9529 45
9530 59
9531 51
9532 51
9533 50
9534 75
9535 53
9536 67
9537 41
9538 57
9539 64
9540 51
9541 49
9542 65
9543 52
9544 66
9545 51
9546 52
9547 65
9548 65
9549 61
9550 52
9551 48
9552 62
9553 65
9554 68
9555 65
9556 56
9557 53
9558 58
9559 41
9560 54
9561 52
9562 66
9563 54
9564 60
9565 59
9566 55
9567 67
9568 57
9569 69
9570 65
9571 66
9572 72
9573 57
9574 73
9575 37
9576 52
9577 57
9578 57
9579 53
9580 55
9581 48
9582 55
9583 59
9584 55
9585 60
9586 55
9587 58
9588 44
9589 54
9590 64
9591 62
9592 49
9593 51
9594 57
9595 56
9596 45
9597 59
9598 48
9599 57
9600 59
9601 52
9602 57
9603 45
9604 72
9605 61
9606 50
9607 53
9608 53
9609 55
9610 55
9611 49
9612 55
9613 50
9614 49
9615 59
9616 52
9617 65
9618 52
9619 48
9620 38
9621 67
9622 60
9623 59
9624 62
9625 60
9626 65
9627 57
9628 48
9629 51
9630 61
9631 54
9632 65
9633 57
9634 61
9635 51
9636 48
9637 59
9638 68
9639 62
9640 61
9641 59
9642 54
9643 59
9644 72
9645 48
9646 52
9647 54
9648 44
9649 56
9650 53
9651 61
9652 45
9653 46
9654 52
9655 52
9656 49
9657 54
9658 46
9659 50
9660 53
9661 56
9662 55
9663 58
9664 64
9665 55
9666 72
9667 50
9668 67
9669 45
9670 45
9671 47
9672 68
9673 55
9674 66
9675 41
9676 57
9677 58
9678 61
9679 64
9680 65
9681 61
9682 53
9683 59
9684 51
9685 63
9686 62
9687 52
9688 63
9689 67
9690 59
9691 46
9692 56
9693 60
9694 61
9695 44
9696 54
9697 70
9698 60
9699 67
9700 63
9701 52
9702 55
9703 60
9704 52
9705 77
9706 56
9707 52
9708 50
9709 61
9710 67
9711 63
9712 56
9713 50
9714 70
9715 44
9716 48
9717 52
9718 59
9719 58
9720 48
9721 68
9722 45
9723 53
9724 56
9725 66
9726 59
9727 59
9728 51
9729 51
9730 48
9731 65
9732 43
9733 47
9734 54
9735 45
9736 53
9737 54
9738 50
9739 59
9740 61
9741 74
9742 52
9743 53
9744 61
9745 45
9746 57
9747 61
9748 61
9749 48
9750 64
9751 54
9752 58
9753 62
9754 53
9755 46
9756 46
9757 49
9758 52
9759 48
9760 58
9761 63
9762 59
9763 53
9764 65
9765 65
9766 54
9767 52
9768 55
9769 43
9770 57
9771 58
9772 52
9773 61
9774 74
9775 57
9776 56
9777 45
9778 46
9779 63
9780 48
9781 49
9782 54
9783 53
9784 63
9785 52
9786 60
9787 43
9788 56
9789 57
9790 50
9791 62
9792 57
9793 44
9794 81
9795 50
9796 58
9797 41
9798 52
9799 63
9800 47
9801 43
9802 56
9803 61
9804 68
9805 44
9806 71
9807 57
9808 41
9809 53
9810 55
9811 54
9812 69
9813 50
9814 45
9815 55
9816 56
9817 56
9818 62
9819 56
9820 62
9821 55
9822 41
9823 50
9824 48
9825 48
9826 50
9827 55
9828 54
9829 39
9830 55
9831 51
9832 53
9833 45
9834 48
9835 75
9836 61
9837 58
9838 57
9839 50
9840 55
9841 46
9842 53
9843 46
9844 64
9845 60
9846 54
9847 53
9848 57
9849 67
9850 39
9851 55
9852 52
9853 57
9854 69
9855 47
9856 53
9857 50
9858 59
9859 46
9860 58
9861 49
9862 62
9863 46
9864 43
9865 52
9866 58
9867 43
9868 40
9869 57
9870 59
9871 56
9872 49
9873 57
9874 63
9875 64
9876 44
9877 36
9878 61
9879 48
9880 56
9881 42
9882 50
9883 44
9884 67
9885 41
9886 47
9887 59
9888 67
9889 58
9890 49
9891 57
9892 56
9893 67
9894 54
9895 46
9896 49
9897 52
9898 50
9899 59
9900 46
9901 55
9902 68
9903 48
9904 44
9905 51
9906 45
9907 44
9908 61
9909 51
9910 44
9911 45
9912 54
9913 46
9914 45
9915 37
9916 58
9917 49
9918 51
9919 49
9920 59
9921 46
9922 46
9923 60
9924 42
9925 45
9926 52
9927 59
9928 53
9929 42
9930 49
9931 56
9932 46
9933 48
9934 42
9935 48
9936 44
9937 51
9938 59
9939 60
9940 55
9941 51
9942 41
9943 49
9944 55
9945 47
9946 34
9947 60
9948 46
9949 57
9950 56
9951 38
9952 48
9953 45
9954 50
9955 44
9956 45
9957 42
9958 59
9959 53
9960 49
9961 64
9962 51
9963 54
9964 52
9965 39
9966 40
9967 46
9968 62
9969 41
9970 44
9971 51
9972 53
9973 49
9974 50
9975 57
9976 50
9977 40
9978 45
9979 50
9980 44
9981 54
9982 50
9983 52
9984 58
9985 52
9986 60
9987 46
9988 39
9989 50
9990 48
9991 53
9992 51
9993 60
9994 60
9995 44
9996 46
9997 61
9998 46
9999 57
10000 51
10001 278514
