# Title:27-mer spectra for: 63
# XLabel:27-mer frequency
# YLabel:# distinct 27-mers
# Kmer value:27
# Input 1:<pipe>
###
1 7275576647
2 550387755
3 165017500
4 75569881
5 42369225
6 26975198
7 18381222
8 13221392
9 9912539
10 7700696
11 6163960
12 5053626
13 4206906
14 3559258
15 3028235
16 2609079
17 2255137
18 1967463
19 1729418
20 1528986
21 1360473
22 1220645
23 1104783
24 1004318
25 918399
26 846025
27 781270
28 729215
29 681449
30 638931
31 602023
32 569333
33 539296
34 516120
35 493763
36 473992
37 456900
38 442266
39 428418
40 419491
41 410407
42 401901
43 395961
44 392866
45 389835
46 385986
47 385382
48 382609
49 384200
50 384470
51 386838
52 390603
53 391298
54 395026
55 397406
56 401886
57 409396
58 416227
59 426322
60 438248
61 451263
62 466830
63 483142
64 504904
65 531670
66 560505
67 589984
68 629726
69 675336
70 724612
71 781916
72 848156
73 924740
74 1007164
75 1100568
76 1200972
77 1315790
78 1434561
79 1573033
80 1716219
81 1878337
82 2047099
83 2230678
84 2424177
85 2624890
86 2841541
87 3058010
88 3291303
89 3530286
90 3764024
91 4008467
92 4247139
93 4487619
94 4725280
95 4955119
96 5182832
97 5389409
98 5590004
99 5783398
100 5951099
101 6097339
102 6237203
103 6348187
104 6436856
105 6502954
106 6548605
107 6577846
108 6587808
109 6559508
110 6514220
111 6438025
112 6345329
113 6234214
114 6107427
115 5958860
116 5789833
117 5614228
118 5423114
119 5213944
120 5008335
121 4791388
122 4564729
123 4338867
124 4117310
125 3894617
126 3669833
127 3444805
128 3226006
129 3017605
130 2813186
131 2611132
132 2422983
133 2238726
134 2066044
135 1901958
136 1747154
137 1601182
138 1466803
139 1335777
140 1214802
141 1106839
142 1007497
143 917288
144 830988
145 755232
146 687001
147 624392
148 569712
149 518379
150 472250
151 430480
152 394405
153 363880
154 334358
155 311052
156 290120
157 270140
158 254780
159 242566
160 232792
161 224034
162 218693
163 213953
164 211510
165 210130
166 210938
167 211261
168 214329
169 218495
170 224146
171 230668
172 237192
173 245899
174 255146
175 264912
176 274374
177 285389
178 296774
179 308713
180 320573
181 335496
182 349727
183 363776
184 377883
185 392777
186 408045
187 425090
188 439709
189 455914
190 472309
191 488579
192 506494
193 522979
194 540280
195 554869
196 573151
197 588819
198 604553
199 620736
200 635852
201 650395
202 663858
203 676694
204 689016
205 701831
206 712477
207 723305
208 732926
209 743589
210 751699
211 758570
212 765572
213 771701
214 774446
215 779190
216 781148
217 781889
218 778221
219 776546
220 775792
221 770159
222 766493
223 761702
224 754054
225 747410
226 738195
227 729599
228 720431
229 707882
230 697404
231 685531
232 674042
233 659756
234 645647
235 631983
236 617986
237 603443
238 587790
239 572193
240 555959
241 538548
242 523969
243 506789
244 491158
245 474733
246 458222
247 442265
248 425943
249 409425
250 394292
251 379474
252 365082
253 350256
254 337227
255 323663
256 309291
257 297699
258 284634
259 272899
260 261062
261 253069
262 241365
263 231897
264 223039
265 212895
266 205340
267 196804
268 189291
269 181385
270 174509
271 168953
272 162631
273 157387
274 151942
275 147251
276 143685
277 139227
278 135967
279 132061
280 127579
281 125519
282 122682
283 119870
284 118390
285 115921
286 114966
287 113536
288 111738
289 111198
290 110177
291 109556
292 108821
293 108721
294 108057
295 107515
296 107521
297 107246
298 107096
299 107815
300 107468
301 108045
302 108249
303 108624
304 108762
305 109066
306 109383
307 110287
308 109556
309 110035
310 110014
311 110392
312 110590
313 110635
314 111166
315 110736
316 111400
317 111560
318 111273
319 111241
320 111375
321 110552
322 111083
323 110155
324 109027
325 109018
326 108829
327 108393
328 107254
329 106716
330 106360
331 105674
332 104885
333 103685
334 103203
335 102270
336 101084
337 100619
338 99353
339 98858
340 97193
341 95938
342 95198
343 94007
344 92442
345 92009
346 90519
347 89138
348 87988
349 86843
350 86153
351 84228
352 83267
353 82373
354 81275
355 80383
356 79639
357 77919
358 77039
359 75785
360 75000
361 74146
362 73419
363 72184
364 71277
365 70179
366 69067
367 68214
368 67755
369 66980
370 66223
371 65542
372 64204
373 63902
374 63276
375 62410
376 61503
377 61042
378 60439
379 60095
380 59357
381 59117
382 58586
383 57873
384 57159
385 57127
386 57527
387 57253
388 56479
389 56673
390 56215
391 55924
392 55492
393 55738
394 55437
395 55252
396 55236
397 54837
398 54483
399 54864
400 54860
401 54444
402 53825
403 53852
404 53497
405 53876
406 53558
407 53056
408 52997
409 53232
410 52843
411 52431
412 53197
413 53290
414 53317
415 53157
416 52484
417 52724
418 52502
419 52620
420 52258
421 52602
422 52189
423 52774
424 52146
425 52290
426 52025
427 51773
428 52309
429 51976
430 51844
431 51740
432 51144
433 50913
434 50672
435 51211
436 50327
437 50040
438 49733
439 49531
440 49840
441 49538
442 49337
443 48630
444 48469
445 47989
446 47669
447 47948
448 47506
449 47434
450 47069
451 46797
452 46438
453 46332
454 45677
455 45361
456 45018
457 44687
458 44092
459 43543
460 43422
461 43271
462 42821
463 42583
464 42708
465 42320
466 41751
467 41462
468 40809
469 40797
470 40294
471 39920
472 39396
473 39708
474 39032
475 39277
476 39075
477 38411
478 38049
479 38104
480 37627
481 37063
482 37246
483 37002
484 36943
485 36424
486 36126
487 36404
488 36416
489 35485
490 35494
491 35377
492 34878
493 34371
494 34381
495 34189
496 33907
497 34119
498 33790
499 33480
500 33469
501 33399
502 32765
503 32695
504 32964
505 32589
506 32678
507 32268
508 32444
509 32430
510 31881
511 31587
512 31884
513 31292
514 31356
515 31527
516 31452
517 30768
518 30995
519 30588
520 30703
521 30766
522 30574
523 30433
524 30187
525 30337
526 30591
527 30048
528 29975
529 29704
530 30064
531 29750
532 30101
533 29865
534 29431
535 29239
536 29415
537 28919
538 28859
539 28630
540 28653
541 28544
542 28292
543 28709
544 28037
545 28482
546 27873
547 27603
548 27739
549 27471
550 27343
551 27339
552 27449
553 27182
554 27226
555 27015
556 26900
557 26462
558 26391
559 26295
560 26064
561 26235
562 25718
563 26010
564 25977
565 25436
566 25706
567 25616
568 25295
569 25096
570 24991
571 25377
572 24747
573 24790
574 24510
575 24418
576 24401
577 24353
578 24443
579 24096
580 23931
581 23658
582 23610
583 23588
584 23567
585 23511
586 23159
587 23259
588 23027
589 22862
590 22877
591 22640
592 22555
593 22280
594 22565
595 22264
596 22178
597 22232
598 22093
599 22210
600 21833
601 21982
602 21755
603 21729
604 21467
605 21678
606 21723
607 21391
608 21312
609 21090
610 20815
611 20799
612 20835
613 20618
614 20987
615 20734
616 20808
617 20419
618 20542
619 20568
620 20266
621 20248
622 20040
623 20384
624 20264
625 20483
626 19984
627 20113
628 20097
629 20202
630 20131
631 20038
632 19893
633 19904
634 19697
635 19671
636 19665
637 19533
638 19359
639 19294
640 19246
641 19037
642 18827
643 18595
644 18612
645 18781
646 18561
647 18620
648 18419
649 18421
650 18379
651 18642
652 18283
653 18285
654 18245
655 17979
656 18026
657 18090
658 18056
659 17955
660 17893
661 18033
662 17634
663 17759
664 17661
665 17587
666 17824
667 17690
668 17372
669 17195
670 17362
671 17242
672 17202
673 17232
674 17232
675 16894
676 17008
677 17115
678 16759
679 16660
680 17102
681 16922
682 16650
683 16707
684 16528
685 16824
686 16396
687 16355
688 16216
689 16183
690 16243
691 16316
692 16124
693 15896
694 15923
695 16049
696 16147
697 15944
698 15769
699 15627
700 15879
701 15598
702 15967
703 15769
704 15485
705 15506
706 15235
707 15560
708 15410
709 15485
710 15244
711 15159
712 15276
713 14965
714 15319
715 15024
716 14841
717 15021
718 14953
719 15189
720 14996
721 14882
722 14594
723 14826
724 14657
725 14557
726 14631
727 14535
728 14541
729 14531
730 14440
731 14308
732 14367
733 14075
734 14431
735 14183
736 14307
737 14106
738 14526
739 14102
740 14022
741 13973
742 13976
743 14022
744 13912
745 13693
746 13704
747 13514
748 13635
749 13676
750 13906
751 13511
752 13805
753 13623
754 13542
755 13409
756 13204
757 13378
758 13375
759 13564
760 13475
761 13221
762 13516
763 13249
764 13316
765 13217
766 13232
767 13046
768 13002
769 13001
770 13184
771 13098
772 13221
773 12928
774 12870
775 12924
776 13081
777 12827
778 12745
779 12593
780 12817
781 12727
782 12830
783 12492
784 12543
785 12642
786 12371
787 12241
788 12324
789 12380
790 12104
791 12239
792 12223
793 12256
794 12424
795 12267
796 12301
797 12327
798 12400
799 12380
800 12072
801 12304
802 12053
803 12230
804 12440
805 12004
806 12151
807 12019
808 11916
809 11737
810 11756
811 11681
812 11639
813 11717
814 11845
815 11482
816 11432
817 11713
818 11690
819 11489
820 11639
821 11661
822 11431
823 11457
824 11667
825 11297
826 11335
827 11465
828 11610
829 11181
830 11374
831 11529
832 11531
833 11362
834 11307
835 11554
836 11267
837 11610
838 11402
839 11496
840 11138
841 11128
842 11158
843 11325
844 11314
845 11186
846 11196
847 11430
848 11139
849 11237
850 11173
851 11050
852 11054
853 11053
854 10874
855 11070
856 11045
857 11046
858 10813
859 10804
860 10740
861 10863
862 10818
863 10825
864 10939
865 10807
866 10755
867 10762
868 10862
869 10862
870 10704
871 10558
872 10526
873 10721
874 10469
875 10579
876 10638
877 10392
878 10603
879 10482
880 10607
881 10347
882 10402
883 10592
884 10529
885 10402
886 10384
887 10339
888 10518
889 10263
890 10215
891 10246
892 10245
893 10191
894 10137
895 10324
896 10108
897 10119
898 10087
899 9904
900 9934
901 9959
902 9847
903 10039
904 9894
905 9872
906 9957
907 10063
908 9766
909 9959
910 9993
911 9914
912 9883
913 9845
914 9666
915 9707
916 9819
917 9617
918 9724
919 9895
920 9692
921 9908
922 9625
923 9580
924 9717
925 9619
926 9563
927 9651
928 9646
929 9405
930 9504
931 9531
932 9487
933 9379
934 9561
935 9404
936 9487
937 9539
938 9518
939 9267
940 9380
941 9387
942 9328
943 9177
944 9216
945 9378
946 9476
947 9296
948 9479
949 9380
950 9223
951 9359
952 9408
953 9181
954 9181
955 9085
956 9102
957 9069
958 9098
959 9018
960 9189
961 9004
962 8912
963 8934
964 8786
965 8976
966 8729
967 8764
968 8876
969 8735
970 8667
971 8663
972 8765
973 8769
974 8816
975 8684
976 8594
977 8645
978 8625
979 8741
980 8663
981 8564
982 8587
983 8633
984 8601
985 8715
986 8646
987 8577
988 8630
989 8504
990 8714
991 8364
992 8381
993 8490
994 8200
995 8349
996 8382
997 8383
998 8254
999 8260
1000 8227
1001 8242
1002 8166
1003 8236
1004 8115
1005 8287
1006 8078
1007 8187
1008 8238
1009 8088
1010 8021
1011 8053
1012 8129
1013 8119
1014 7967
1015 7921
1016 7972
1017 7891
1018 7825
1019 7964
1020 7765
1021 7797
1022 7849
1023 7826
1024 7732
1025 7655
1026 7705
1027 7714
1028 7830
1029 7886
1030 7862
1031 7794
1032 7803
1033 7839
1034 7751
1035 7812
1036 7666
1037 7681
1038 7839
1039 7607
1040 7563
1041 7746
1042 7681
1043 7669
1044 7752
1045 7746
1046 7761
1047 7754
1048 7577
1049 7570
1050 7525
1051 7308
1052 7431
1053 7501
1054 7352
1055 7414
1056 7427
1057 7308
1058 7212
1059 7350
1060 7089
1061 7232
1062 7477
1063 7294
1064 7217
1065 7258
1066 7327
1067 7339
1068 7168
1069 7125
1070 7199
1071 7231
1072 7126
1073 7299
1074 7079
1075 7064
1076 7096
1077 7122
1078 7018
1079 7049
1080 6950
1081 6871
1082 6750
1083 6837
1084 6822
1085 6856
1086 6795
1087 6856
1088 6802
1089 6731
1090 6843
1091 6679
1092 6786
1093 6690
1094 6665
1095 6704
1096 6679
1097 6631
1098 6649
1099 6483
1100 6520
1101 6415
1102 6669
1103 6481
1104 6565
1105 6325
1106 6481
1107 6315
1108 6475
1109 6493
1110 6422
1111 6273
1112 6233
1113 6299
1114 6279
1115 6365
1116 6371
1117 6213
1118 6191
1119 6080
1120 6157
1121 6154
1122 6123
1123 6113
1124 6178
1125 6208
1126 6332
1127 6344
1128 6088
1129 6180
1130 6001
1131 5970
1132 6100
1133 5911
1134 6033
1135 5960
1136 5967
1137 5871
1138 5817
1139 5796
1140 5696
1141 5912
1142 5911
1143 5800
1144 5823
1145 5854
1146 5892
1147 5855
1148 5790
1149 5935
1150 5851
1151 5867
1152 5836
1153 5946
1154 5609
1155 5748
1156 5747
1157 5714
1158 5760
1159 5713
1160 5641
1161 5559
1162 5509
1163 5641
1164 5539
1165 5523
1166 5500
1167 5522
1168 5460
1169 5444
1170 5444
1171 5397
1172 5467
1173 5572
1174 5380
1175 5254
1176 5331
1177 5328
1178 5311
1179 5324
1180 5273
1181 5330
1182 5390
1183 5150
1184 5363
1185 5245
1186 5337
1187 5399
1188 5164
1189 5379
1190 5320
1191 5307
1192 5185
1193 5093
1194 5288
1195 5231
1196 5226
1197 5157
1198 5123
1199 5234
1200 5084
1201 4996
1202 5245
1203 5145
1204 5010
1205 5122
1206 5170
1207 5082
1208 5115
1209 4938
1210 5067
1211 5009
1212 5061
1213 4915
1214 4990
1215 4987
1216 5049
1217 5012
1218 5050
1219 4933
1220 4906
1221 4923
1222 4868
1223 4940
1224 4751
1225 4937
1226 4783
1227 4770
1228 4827
1229 4783
1230 4674
1231 4798
1232 4741
1233 4778
1234 4869
1235 4791
1236 4818
1237 4618
1238 4633
1239 4719
1240 4769
1241 4768
1242 4657
1243 4783
1244 4814
1245 4634
1246 4701
1247 4731
1248 4634
1249 4567
1250 4537
1251 4541
1252 4752
1253 4609
1254 4575
1255 4458
1256 4526
1257 4678
1258 4544
1259 4559
1260 4629
1261 4597
1262 4534
1263 4409
1264 4429
1265 4373
1266 4481
1267 4467
1268 4419
1269 4387
1270 4435
1271 4446
1272 4343
1273 4400
1274 4456
1275 4408
1276 4506
1277 4183
1278 4311
1279 4407
1280 4445
1281 4224
1282 4351
1283 4335
1284 4189
1285 4325
1286 4245
1287 4329
1288 4242
1289 4351
1290 4279
1291 4339
1292 4283
1293 4282
1294 4355
1295 4286
1296 4229
1297 4225
1298 4234
1299 4120
1300 4224
1301 4152
1302 4206
1303 4185
1304 4241
1305 4206
1306 4062
1307 4153
1308 4189
1309 4121
1310 4175
1311 4159
1312 4096
1313 4022
1314 4075
1315 3979
1316 4024
1317 4012
1318 3962
1319 4078
1320 4052
1321 3938
1322 3966
1323 3998
1324 3999
1325 3936
1326 3965
1327 3984
1328 3876
1329 3972
1330 3798
1331 3856
1332 3906
1333 4023
1334 4002
1335 3867
1336 3840
1337 3856
1338 3905
1339 3892
1340 3809
1341 3794
1342 3755
1343 3858
1344 3919
1345 3777
1346 3819
1347 3731
1348 3783
1349 3754
1350 3811
1351 3759
1352 3693
1353 3759
1354 3749
1355 3865
1356 3729
1357 3701
1358 3751
1359 3666
1360 3741
1361 3730
1362 3712
1363 3679
1364 3755
1365 3774
1366 3736
1367 3723
1368 3602
1369 3641
1370 3657
1371 3553
1372 3680
1373 3676
1374 3683
1375 3626
1376 3604
1377 3642
1378 3608
1379 3627
1380 3647
1381 3512
1382 3475
1383 3504
1384 3468
1385 3443
1386 3484
1387 3513
1388 3460
1389 3571
1390 3474
1391 3474
1392 3535
1393 3473
1394 3488
1395 3502
1396 3464
1397 3383
1398 3449
1399 3537
1400 3447
1401 3523
1402 3465
1403 3425
1404 3443
1405 3385
1406 3401
1407 3507
1408 3342
1409 3453
1410 3421
1411 3367
1412 3329
1413 3361
1414 3338
1415 3389
1416 3348
1417 3333
1418 3370
1419 3235
1420 3322
1421 3344
1422 3234
1423 3338
1424 3373
1425 3344
1426 3307
1427 3314
1428 3322
1429 3368
1430 3333
1431 3252
1432 3211
1433 3230
1434 3263
1435 3246
1436 3282
1437 3165
1438 3254
1439 3350
1440 3309
1441 3310
1442 3235
1443 3162
1444 3313
1445 3217
1446 3109
1447 3113
1448 3138
1449 3101
1450 3191
1451 3165
1452 3125
1453 3225
1454 3100
1455 3132
1456 3152
1457 3153
1458 3256
1459 3177
1460 3015
1461 3106
1462 3151
1463 3091
1464 3118
1465 3016
1466 3127
1467 3147
1468 3105
1469 3115
1470 3093
1471 3105
1472 3047
1473 3049
1474 3025
1475 3034
1476 3016
1477 3064
1478 3030
1479 3046
1480 3135
1481 3140
1482 3124
1483 3090
1484 3026
1485 3064
1486 3016
1487 3069
1488 3089
1489 2990
1490 3032
1491 3013
1492 2973
1493 3053
1494 3057
1495 3066
1496 3018
1497 2982
1498 3055
1499 2982
1500 3045
1501 2917
1502 3029
1503 2963
1504 3037
1505 2925
1506 2883
1507 3004
1508 2954
1509 2922
1510 2944
1511 3010
1512 2870
1513 2949
1514 2873
1515 2981
1516 2929
1517 2842
1518 2866
1519 2853
1520 2825
1521 2859
1522 2851
1523 2904
1524 2921
1525 2805
1526 2912
1527 2833
1528 2817
1529 2824
1530 2810
1531 2872
1532 2821
1533 2805
1534 2849
1535 2739
1536 2819
1537 2762
1538 2866
1539 2844
1540 2786
1541 2810
1542 2755
1543 2706
1544 2722
1545 2765
1546 2765
1547 2737
1548 2754
1549 2772
1550 2772
1551 2758
1552 2620
1553 2819
1554 2720
1555 2732
1556 2801
1557 2739
1558 2768
1559 2772
1560 2647
1561 2761
1562 2683
1563 2737
1564 2748
1565 2592
1566 2774
1567 2728
1568 2700
1569 2782
1570 2686
1571 2732
1572 2663
1573 2741
1574 2721
1575 2786
1576 2786
1577 2665
1578 2723
1579 2614
1580 2640
1581 2657
1582 2788
1583 2610
1584 2812
1585 2641
1586 2665
1587 2591
1588 2638
1589 2586
1590 2710
1591 2585
1592 2687
1593 2679
1594 2674
1595 2640
1596 2634
1597 2607
1598 2623
1599 2529
1600 2581
1601 2600
1602 2603
1603 2441
1604 2588
1605 2585
1606 2599
1607 2610
1608 2568
1609 2527
1610 2528
1611 2523
1612 2590
1613 2510
1614 2593
1615 2668
1616 2540
1617 2516
1618 2532
1619 2483
1620 2537
1621 2492
1622 2494
1623 2482
1624 2526
1625 2569
1626 2354
1627 2457
1628 2414
1629 2520
1630 2439
1631 2364
1632 2403
1633 2407
1634 2405
1635 2400
1636 2493
1637 2448
1638 2465
1639 2482
1640 2551
1641 2468
1642 2476
1643 2434
1644 2442
1645 2476
1646 2415
1647 2444
1648 2496
1649 2433
1650 2389
1651 2391
1652 2404
1653 2351
1654 2493
1655 2395
1656 2364
1657 2369
1658 2367
1659 2349
1660 2372
1661 2448
1662 2462
1663 2442
1664 2348
1665 2413
1666 2283
1667 2410
1668 2355
1669 2405
1670 2343
1671 2405
1672 2474
1673 2328
1674 2367
1675 2347
1676 2386
1677 2358
1678 2474
1679 2414
1680 2427
1681 2372
1682 2470
1683 2419
1684 2347
1685 2345
1686 2393
1687 2362
1688 2315
1689 2348
1690 2315
1691 2453
1692 2284
1693 2411
1694 2358
1695 2361
1696 2288
1697 2301
1698 2306
1699 2287
1700 2281
1701 2246
1702 2356
1703 2342
1704 2324
1705 2320
1706 2335
1707 2311
1708 2185
1709 2321
1710 2253
1711 2242
1712 2349
1713 2352
1714 2265
1715 2242
1716 2206
1717 2176
1718 2160
1719 2229
1720 2186
1721 2192
1722 2197
1723 2212
1724 2236
1725 2192
1726 2167
1727 2114
1728 2075
1729 2225
1730 2227
1731 2167
1732 2192
1733 2116
1734 2213
1735 2129
1736 2159
1737 2188
1738 2211
1739 2242
1740 2169
1741 2237
1742 2207
1743 2180
1744 2175
1745 2157
1746 2132
1747 2239
1748 2160
1749 2136
1750 2198
1751 2146
1752 2228
1753 2218
1754 2023
1755 2103
1756 2046
1757 2103
1758 2171
1759 2237
1760 2148
1761 2195
1762 2194
1763 2112
1764 2169
1765 2179
1766 2185
1767 2202
1768 2180
1769 2203
1770 2179
1771 2122
1772 2094
1773 2113
1774 2166
1775 2123
1776 2072
1777 2102
1778 2072
1779 1975
1780 2024
1781 2105
1782 2042
1783 2062
1784 2106
1785 2126
1786 2091
1787 2026
1788 2047
1789 2040
1790 2058
1791 2132
1792 2030
1793 2027
1794 2142
1795 1971
1796 2018
1797 2086
1798 2048
1799 1986
1800 1994
1801 2051
1802 2066
1803 2057
1804 1991
1805 2066
1806 2073
1807 2014
1808 2046
1809 2059
1810 1989
1811 2004
1812 1906
1813 1945
1814 2010
1815 1944
1816 2030
1817 2007
1818 2008
1819 1997
1820 2059
1821 1942
1822 1974
1823 1947
1824 1930
1825 1941
1826 2014
1827 1939
1828 2005
1829 1993
1830 1947
1831 1985
1832 1940
1833 1987
1834 2040
1835 1991
1836 2024
1837 2077
1838 1954
1839 1994
1840 1948
1841 1945
1842 1917
1843 1961
1844 1918
1845 1892
1846 1969
1847 1948
1848 1873
1849 1992
1850 1909
1851 1871
1852 1882
1853 1901
1854 1914
1855 1956
1856 1938
1857 1957
1858 1870
1859 1910
1860 1952
1861 1908
1862 1951
1863 1943
1864 1919
1865 1949
1866 1937
1867 1881
1868 1882
1869 1885
1870 1894
1871 2007
1872 1989
1873 1956
1874 1874
1875 1863
1876 1883
1877 1930
1878 1945
1879 1837
1880 1828
1881 1852
1882 1895
1883 1800
1884 1883
1885 1820
1886 1867
1887 1855
1888 1803
1889 1891
1890 1836
1891 1759
1892 1840
1893 1843
1894 1854
1895 1842
1896 1747
1897 1892
1898 1864
1899 1890
1900 1876
1901 1881
1902 1854
1903 1777
1904 1852
1905 1781
1906 1784
1907 1789
1908 1826
1909 1786
1910 1788
1911 1785
1912 1817
1913 1790
1914 1834
1915 1738
1916 1797
1917 1834
1918 1818
1919 1793
1920 1678
1921 1821
1922 1837
1923 1800
1924 1831
1925 1873
1926 1836
1927 1871
1928 1858
1929 1787
1930 1773
1931 1835
1932 1834
1933 1834
1934 1800
1935 1846
1936 1788
1937 1880
1938 1688
1939 1754
1940 1794
1941 1848
1942 1709
1943 1781
1944 1859
1945 1823
1946 1855
1947 1770
1948 1804
1949 1798
1950 1722
1951 1835
1952 1760
1953 1795
1954 1811
1955 1766
1956 1782
1957 1827
1958 1870
1959 1752
1960 1715
1961 1727
1962 1720
1963 1693
1964 1763
1965 1729
1966 1748
1967 1747
1968 1740
1969 1767
1970 1731
1971 1699
1972 1700
1973 1675
1974 1685
1975 1677
1976 1747
1977 1687
1978 1758
1979 1740
1980 1739
1981 1744
1982 1720
1983 1735
1984 1728
1985 1719
1986 1731
1987 1721
1988 1718
1989 1689
1990 1736
1991 1684
1992 1711
1993 1692
1994 1700
1995 1708
1996 1721
1997 1739
1998 1694
1999 1712
2000 1681
2001 1627
2002 1676
2003 1664
2004 1638
2005 1667
2006 1636
2007 1604
2008 1643
2009 1589
2010 1625
2011 1650
2012 1656
2013 1660
2014 1628
2015 1538
2016 1554
2017 1533
2018 1642
2019 1590
2020 1568
2021 1625
2022 1601
2023 1560
2024 1606
2025 1638
2026 1603
2027 1588
2028 1568
2029 1520
2030 1550
2031 1520
2032 1629
2033 1612
2034 1589
2035 1498
2036 1597
2037 1585
2038 1536
2039 1588
2040 1638
2041 1644
2042 1573
2043 1587
2044 1540
2045 1536
2046 1635
2047 1448
2048 1590
2049 1574
2050 1575
2051 1525
2052 1534
2053 1519
2054 1553
2055 1533
2056 1483
2057 1557
2058 1602
2059 1561
2060 1601
2061 1495
2062 1544
2063 1519
2064 1562
2065 1549
2066 1525
2067 1522
2068 1621
2069 1562
2070 1562
2071 1514
2072 1512
2073 1549
2074 1528
2075 1566
2076 1514
2077 1515
2078 1559
2079 1505
2080 1508
2081 1567
2082 1614
2083 1570
2084 1582
2085 1535
2086 1537
2087 1606
2088 1503
2089 1542
2090 1565
2091 1474
2092 1495
2093 1429
2094 1524
2095 1492
2096 1528
2097 1521
2098 1508
2099 1560
2100 1570
2101 1490
2102 1500
2103 1521
2104 1509
2105 1509
2106 1532
2107 1526
2108 1499
2109 1482
2110 1486
2111 1501
2112 1515
2113 1567
2114 1475
2115 1510
2116 1411
2117 1492
2118 1506
2119 1493
2120 1492
2121 1483
2122 1459
2123 1505
2124 1527
2125 1463
2126 1498
2127 1488
2128 1544
2129 1512
2130 1490
2131 1565
2132 1530
2133 1541
2134 1463
2135 1481
2136 1503
2137 1509
2138 1407
2139 1470
2140 1461
2141 1493
2142 1420
2143 1439
2144 1497
2145 1471
2146 1427
2147 1441
2148 1390
2149 1423
2150 1453
2151 1414
2152 1437
2153 1437
2154 1438
2155 1356
2156 1433
2157 1421
2158 1430
2159 1370
2160 1396
2161 1419
2162 1407
2163 1448
2164 1413
2165 1393
2166 1411
2167 1368
2168 1462
2169 1501
2170 1373
2171 1407
2172 1421
2173 1414
2174 1426
2175 1392
2176 1440
2177 1381
2178 1396
2179 1381
2180 1466
2181 1430
2182 1428
2183 1462
2184 1422
2185 1382
2186 1435
2187 1404
2188 1390
2189 1361
2190 1394
2191 1375
2192 1433
2193 1405
2194 1448
2195 1408
2196 1396
2197 1412
2198 1412
2199 1388
2200 1436
2201 1416
2202 1368
2203 1339
2204 1344
2205 1349
2206 1448
2207 1348
2208 1356
2209 1365
2210 1403
2211 1327
2212 1380
2213 1425
2214 1347
2215 1364
2216 1396
2217 1382
2218 1306
2219 1362
2220 1368
2221 1344
2222 1341
2223 1343
2224 1352
2225 1303
2226 1338
2227 1333
2228 1358
2229 1281
2230 1363
2231 1368
2232 1263
2233 1301
2234 1308
2235 1216
2236 1303
2237 1310
2238 1297
2239 1395
2240 1321
2241 1295
2242 1257
2243 1319
2244 1250
2245 1301
2246 1384
2247 1326
2248 1327
2249 1368
2250 1337
2251 1292
2252 1333
2253 1338
2254 1265
2255 1313
2256 1367
2257 1309
2258 1317
2259 1329
2260 1317
2261 1235
2262 1293
2263 1303
2264 1302
2265 1285
2266 1272
2267 1257
2268 1279
2269 1238
2270 1259
2271 1302
2272 1316
2273 1285
2274 1292
2275 1296
2276 1287
2277 1260
2278 1261
2279 1280
2280 1291
2281 1264
2282 1301
2283 1288
2284 1291
2285 1188
2286 1288
2287 1234
2288 1302
2289 1302
2290 1289
2291 1217
2292 1308
2293 1314
2294 1263
2295 1260
2296 1292
2297 1276
2298 1309
2299 1283
2300 1238
2301 1303
2302 1254
2303 1234
2304 1307
2305 1260
2306 1272
2307 1234
2308 1251
2309 1227
2310 1257
2311 1210
2312 1233
2313 1179
2314 1189
2315 1282
2316 1169
2317 1277
2318 1166
2319 1168
2320 1256
2321 1192
2322 1257
2323 1210
2324 1255
2325 1203
2326 1261
2327 1275
2328 1248
2329 1229
2330 1193
2331 1230
2332 1187
2333 1218
2334 1210
2335 1167
2336 1248
2337 1220
2338 1195
2339 1243
2340 1240
2341 1290
2342 1268
2343 1225
2344 1180
2345 1224
2346 1219
2347 1180
2348 1124
2349 1226
2350 1189
2351 1179
2352 1209
2353 1177
2354 1131
2355 1180
2356 1246
2357 1181
2358 1239
2359 1236
2360 1185
2361 1169
2362 1209
2363 1201
2364 1183
2365 1207
2366 1216
2367 1255
2368 1147
2369 1184
2370 1139
2371 1118
2372 1208
2373 1154
2374 1139
2375 1168
2376 1209
2377 1201
2378 1159
2379 1161
2380 1199
2381 1160
2382 1229
2383 1250
2384 1175
2385 1208
2386 1238
2387 1152
2388 1163
2389 1137
2390 1152
2391 1196
2392 1103
2393 1137
2394 1185
2395 1190
2396 1116
2397 1202
2398 1175
2399 1122
2400 1206
2401 1175
2402 1134
2403 1098
2404 1115
2405 1206
2406 1148
2407 1171
2408 1151
2409 1085
2410 1218
2411 1173
2412 1121
2413 1156
2414 1163
2415 1150
2416 1108
2417 1078
2418 1119
2419 1157
2420 1173
2421 1172
2422 1105
2423 1124
2424 1172
2425 1196
2426 1080
2427 1119
2428 1173
2429 1092
2430 1088
2431 1136
2432 1121
2433 1122
2434 1131
2435 1141
2436 1139
2437 1110
2438 1111
2439 1098
2440 1092
2441 1147
2442 1056
2443 1107
2444 1066
2445 1094
2446 1083
2447 1078
2448 1100
2449 1130
2450 1042
2451 1085
2452 1069
2453 1063
2454 1073
2455 1064
2456 1051
2457 1036
2458 987
2459 993
2460 1067
2461 988
2462 1033
2463 1073
2464 1055
2465 1091
2466 1040
2467 1084
2468 1076
2469 995
2470 1103
2471 1021
2472 1090
2473 1078
2474 1053
2475 1128
2476 1070
2477 1045
2478 1099
2479 1049
2480 1030
2481 1044
2482 1075
2483 1073
2484 1020
2485 1032
2486 1029
2487 1006
2488 1017
2489 1124
2490 1026
2491 1062
2492 1085
2493 1058
2494 1053
2495 1061
2496 1088
2497 1036
2498 1025
2499 1087
2500 1058
2501 995
2502 995
2503 1031
2504 1032
2505 1052
2506 1068
2507 1027
2508 1007
2509 1045
2510 1045
2511 1039
2512 1025
2513 1065
2514 1060
2515 1075
2516 1054
2517 1083
2518 1084
2519 1060
2520 1029
2521 1074
2522 1047
2523 1053
2524 1073
2525 1101
2526 1046
2527 1068
2528 1025
2529 1080
2530 1007
2531 996
2532 1045
2533 1065
2534 996
2535 1010
2536 1047
2537 1034
2538 1031
2539 1086
2540 1145
2541 973
2542 1039
2543 1039
2544 1000
2545 1039
2546 1034
2547 1015
2548 1036
2549 1141
2550 1004
2551 1056
2552 993
2553 999
2554 1005
2555 1011
2556 970
2557 1024
2558 998
2559 1029
2560 1048
2561 1022
2562 987
2563 963
2564 1029
2565 1013
2566 1002
2567 1010
2568 987
2569 1040
2570 1029
2571 1007
2572 987
2573 1002
2574 1018
2575 989
2576 1045
2577 1030
2578 983
2579 1041
2580 982
2581 1014
2582 994
2583 1016
2584 966
2585 967
2586 974
2587 979
2588 1038
2589 1003
2590 965
2591 1009
2592 1000
2593 929
2594 1012
2595 1034
2596 1003
2597 1053
2598 1023
2599 950
2600 989
2601 960
2602 1003
2603 988
2604 1011
2605 1018
2606 1005
2607 968
2608 1005
2609 975
2610 1002
2611 1021
2612 926
2613 976
2614 959
2615 973
2616 1043
2617 1000
2618 987
2619 978
2620 988
2621 981
2622 960
2623 950
2624 970
2625 994
2626 932
2627 961
2628 967
2629 966
2630 936
2631 983
2632 954
2633 976
2634 936
2635 943
2636 981
2637 930
2638 941
2639 958
2640 1026
2641 971
2642 909
2643 924
2644 956
2645 992
2646 930
2647 975
2648 941
2649 931
2650 968
2651 946
2652 883
2653 985
2654 908
2655 991
2656 950
2657 968
2658 963
2659 944
2660 974
2661 944
2662 893
2663 881
2664 937
2665 957
2666 963
2667 902
2668 913
2669 925
2670 1033
2671 919
2672 946
2673 923
2674 906
2675 884
2676 913
2677 928
2678 926
2679 936
2680 959
2681 901
2682 907
2683 866
2684 945
2685 932
2686 1008
2687 905
2688 891
2689 894
2690 862
2691 955
2692 942
2693 933
2694 954
2695 948
2696 899
2697 947
2698 945
2699 904
2700 867
2701 890
2702 944
2703 904
2704 880
2705 871
2706 920
2707 885
2708 883
2709 856
2710 906
2711 910
2712 860
2713 876
2714 861
2715 899
2716 853
2717 855
2718 869
2719 905
2720 879
2721 883
2722 815
2723 879
2724 924
2725 933
2726 924
2727 870
2728 877
2729 895
2730 928
2731 854
2732 879
2733 899
2734 891
2735 925
2736 834
2737 822
2738 858
2739 891
2740 896
2741 860
2742 847
2743 820
2744 855
2745 861
2746 852
2747 858
2748 850
2749 889
2750 856
2751 918
2752 881
2753 860
2754 792
2755 862
2756 901
2757 811
2758 855
2759 903
2760 889
2761 818
2762 890
2763 855
2764 868
2765 868
2766 830
2767 852
2768 875
2769 826
2770 894
2771 855
2772 842
2773 775
2774 854
2775 800
2776 884
2777 823
2778 866
2779 876
2780 827
2781 899
2782 833
2783 806
2784 818
2785 825
2786 855
2787 843
2788 871
2789 877
2790 857
2791 799
2792 881
2793 824
2794 833
2795 856
2796 906
2797 846
2798 777
2799 831
2800 795
2801 838
2802 879
2803 838
2804 862
2805 828
2806 842
2807 828
2808 841
2809 767
2810 832
2811 840
2812 850
2813 781
2814 824
2815 889
2816 805
2817 822
2818 799
2819 847
2820 843
2821 823
2822 820
2823 863
2824 781
2825 812
2826 880
2827 853
2828 865
2829 832
2830 833
2831 798
2832 809
2833 832
2834 870
2835 835
2836 840
2837 797
2838 818
2839 864
2840 785
2841 842
2842 824
2843 805
2844 781
2845 802
2846 795
2847 811
2848 845
2849 839
2850 850
2851 774
2852 829
2853 831
2854 830
2855 810
2856 821
2857 824
2858 794
2859 854
2860 840
2861 821
2862 821
2863 743
2864 769
2865 788
2866 811
2867 841
2868 807
2869 808
2870 803
2871 832
2872 781
2873 789
2874 772
2875 828
2876 765
2877 812
2878 794
2879 819
2880 774
2881 798
2882 806
2883 749
2884 831
2885 755
2886 802
2887 733
2888 755
2889 807
2890 825
2891 736
2892 790
2893 764
2894 789
2895 772
2896 764
2897 776
2898 783
2899 798
2900 780
2901 746
2902 760
2903 794
2904 774
2905 782
2906 776
2907 728
2908 797
2909 729
2910 768
2911 746
2912 745
2913 755
2914 779
2915 790
2916 769
2917 766
2918 779
2919 823
2920 758
2921 756
2922 752
2923 724
2924 757
2925 751
2926 786
2927 790
2928 768
2929 763
2930 784
2931 770
2932 750
2933 808
2934 763
2935 752
2936 787
2937 781
2938 775
2939 790
2940 752
2941 769
2942 771
2943 773
2944 783
2945 827
2946 793
2947 755
2948 762
2949 718
2950 769
2951 786
2952 752
2953 744
2954 759
2955 746
2956 748
2957 739
2958 754
2959 734
2960 712
2961 750
2962 723
2963 763
2964 738
2965 742
2966 724
2967 714
2968 747
2969 756
2970 688
2971 750
2972 711
2973 738
2974 735
2975 757
2976 738
2977 775
2978 719
2979 722
2980 675
2981 721
2982 767
2983 718
2984 677
2985 766
2986 758
2987 777
2988 796
2989 762
2990 757
2991 776
2992 749
2993 745
2994 774
2995 750
2996 717
2997 702
2998 755
2999 746
3000 748
3001 801
3002 709
3003 732
3004 750
3005 747
3006 776
3007 755
3008 697
3009 753
3010 777
3011 751
3012 763
3013 669
3014 751
3015 698
3016 715
3017 760
3018 740
3019 727
3020 744
3021 736
3022 743
3023 744
3024 725
3025 737
3026 741
3027 706
3028 751
3029 680
3030 740
3031 719
3032 715
3033 730
3034 762
3035 743
3036 689
3037 722
3038 675
3039 734
3040 687
3041 740
3042 731
3043 729
3044 726
3045 701
3046 672
3047 733
3048 693
3049 706
3050 705
3051 763
3052 737
3053 728
3054 733
3055 670
3056 692
3057 689
3058 678
3059 640
3060 759
3061 685
3062 679
3063 698
3064 651
3065 745
3066 695
3067 718
3068 685
3069 671
3070 700
3071 690
3072 713
3073 670
3074 701
3075 757
3076 700
3077 712
3078 701
3079 681
3080 648
3081 725
3082 674
3083 678
3084 690
3085 710
3086 697
3087 703
3088 723
3089 738
3090 681
3091 711
3092 656
3093 689
3094 738
3095 684
3096 691
3097 726
3098 678
3099 705
3100 715
3101 730
3102 708
3103 695
3104 700
3105 708
3106 695
3107 662
3108 662
3109 684
3110 684
3111 712
3112 687
3113 656
3114 719
3115 684
3116 709
3117 681
3118 669
3119 674
3120 683
3121 714
3122 727
3123 672
3124 710
3125 679
3126 704
3127 692
3128 682
3129 694
3130 718
3131 725
3132 702
3133 679
3134 699
3135 698
3136 648
3137 689
3138 686
3139 669
3140 672
3141 704
3142 664
3143 664
3144 645
3145 628
3146 668
3147 733
3148 650
3149 675
3150 683
3151 699
3152 673
3153 718
3154 648
3155 656
3156 654
3157 662
3158 663
3159 687
3160 684
3161 659
3162 668
3163 691
3164 660
3165 699
3166 684
3167 609
3168 644
3169 652
3170 652
3171 686
3172 629
3173 634
3174 618
3175 669
3176 601
3177 651
3178 664
3179 669
3180 678
3181 654
3182 614
3183 650
3184 684
3185 661
3186 649
3187 666
3188 619
3189 613
3190 673
3191 701
3192 623
3193 635
3194 661
3195 652
3196 643
3197 636
3198 675
3199 615
3200 677
3201 599
3202 644
3203 670
3204 638
3205 617
3206 638
3207 649
3208 687
3209 654
3210 664
3211 667
3212 651
3213 669
3214 616
3215 626
3216 679
3217 660
3218 647
3219 645
3220 612
3221 615
3222 672
3223 632
3224 657
3225 627
3226 642
3227 631
3228 595
3229 623
3230 657
3231 663
3232 657
3233 616
3234 604
3235 629
3236 652
3237 602
3238 622
3239 622
3240 612
3241 581
3242 660
3243 664
3244 635
3245 610
3246 679
3247 691
3248 634
3249 638
3250 674
3251 643
3252 631
3253 614
3254 630
3255 591
3256 599
3257 576
3258 641
3259 633
3260 600
3261 642
3262 634
3263 600
3264 626
3265 606
3266 611
3267 629
3268 647
3269 596
3270 605
3271 626
3272 710
3273 616
3274 673
3275 667
3276 656
3277 623
3278 619
3279 606
3280 587
3281 595
3282 622
3283 618
3284 642
3285 615
3286 646
3287 670
3288 657
3289 614
3290 632
3291 610
3292 621
3293 614
3294 641
3295 618
3296 620
3297 626
3298 645
3299 638
3300 615
3301 630
3302 624
3303 580
3304 599
3305 652
3306 605
3307 615
3308 600
3309 658
3310 612
3311 589
3312 610
3313 606
3314 604
3315 567
3316 598
3317 586
3318 586
3319 595
3320 620
3321 573
3322 636
3323 649
3324 612
3325 594
3326 650
3327 599
3328 544
3329 628
3330 610
3331 592
3332 580
3333 642
3334 596
3335 643
3336 586
3337 594
3338 585
3339 580
3340 559
3341 566
3342 601
3343 602
3344 590
3345 564
3346 554
3347 601
3348 646
3349 590
3350 590
3351 570
3352 651
3353 597
3354 616
3355 581
3356 609
3357 566
3358 618
3359 573
3360 547
3361 583
3362 572
3363 575
3364 628
3365 590
3366 600
3367 567
3368 584
3369 607
3370 551
3371 610
3372 598
3373 591
3374 587
3375 579
3376 559
3377 568
3378 599
3379 533
3380 546
3381 545
3382 588
3383 585
3384 567
3385 605
3386 591
3387 580
3388 585
3389 592
3390 594
3391 564
3392 592
3393 533
3394 567
3395 548
3396 595
3397 570
3398 534
3399 508
3400 569
3401 558
3402 612
3403 605
3404 659
3405 576
3406 528
3407 594
3408 560
3409 558
3410 542
3411 601
3412 539
3413 565
3414 556
3415 574
3416 627
3417 565
3418 556
3419 564
3420 535
3421 573
3422 550
3423 533
3424 562
3425 547
3426 559
3427 538
3428 571
3429 577
3430 586
3431 552
3432 549
3433 591
3434 543
3435 573
3436 570
3437 608
3438 539
3439 581
3440 571
3441 574
3442 580
3443 584
3444 575
3445 563
3446 522
3447 521
3448 588
3449 551
3450 548
3451 555
3452 567
3453 537
3454 543
3455 544
3456 584
3457 560
3458 562
3459 553
3460 579
3461 563
3462 549
3463 598
3464 558
3465 574
3466 594
3467 612
3468 543
3469 587
3470 599
3471 564
3472 535
3473 567
3474 581
3475 567
3476 566
3477 544
3478 532
3479 534
3480 600
3481 563
3482 540
3483 531
3484 558
3485 581
3486 604
3487 593
3488 559
3489 580
3490 558
3491 526
3492 558
3493 565
3494 588
3495 563
3496 568
3497 582
3498 533
3499 546
3500 534
3501 512
3502 557
3503 567
3504 564
3505 571
3506 539
3507 528
3508 562
3509 516
3510 536
3511 549
3512 509
3513 528
3514 556
3515 538
3516 528
3517 529
3518 543
3519 519
3520 514
3521 536
3522 544
3523 552
3524 549
3525 567
3526 546
3527 539
3528 559
3529 535
3530 506
3531 564
3532 541
3533 540
3534 515
3535 516
3536 500
3537 540
3538 525
3539 506
3540 550
3541 553
3542 530
3543 545
3544 529
3545 531
3546 546
3547 541
3548 511
3549 545
3550 545
3551 532
3552 496
3553 545
3554 553
3555 512
3556 506
3557 562
3558 510
3559 537
3560 538
3561 507
3562 496
3563 543
3564 546
3565 485
3566 514
3567 532
3568 479
3569 506
3570 540
3571 502
3572 553
3573 548
3574 540
3575 514
3576 547
3577 502
3578 511
3579 492
3580 513
3581 538
3582 548
3583 497
3584 496
3585 502
3586 529
3587 558
3588 529
3589 522
3590 509
3591 532
3592 509
3593 508
3594 508
3595 513
3596 515
3597 514
3598 543
3599 515
3600 550
3601 481
3602 512
3603 468
3604 549
3605 516
3606 539
3607 543
3608 524
3609 508
3610 526
3611 511
3612 506
3613 472
3614 514
3615 482
3616 514
3617 513
3618 516
3619 514
3620 529
3621 523
3622 521
3623 492
3624 488
3625 546
3626 502
3627 501
3628 488
3629 484
3630 535
3631 489
3632 525
3633 465
3634 490
3635 493
3636 525
3637 525
3638 479
3639 487
3640 509
3641 482
3642 498
3643 515
3644 487
3645 534
3646 524
3647 497
3648 459
3649 495
3650 470
3651 523
3652 479
3653 478
3654 514
3655 528
3656 508
3657 497
3658 526
3659 469
3660 497
3661 485
3662 516
3663 499
3664 491
3665 509
3666 481
3667 486
3668 534
3669 511
3670 537
3671 501
3672 463
3673 544
3674 496
3675 515
3676 503
3677 546
3678 530
3679 476
3680 495
3681 496
3682 502
3683 481
3684 513
3685 496
3686 519
3687 475
3688 524
3689 475
3690 528
3691 490
3692 504
3693 474
3694 494
3695 472
3696 509
3697 481
3698 489
3699 517
3700 511
3701 502
3702 502
3703 477
3704 498
3705 480
3706 486
3707 494
3708 460
3709 478
3710 505
3711 473
3712 507
3713 419
3714 476
3715 466
3716 466
3717 477
3718 486
3719 474
3720 467
3721 473
3722 442
3723 473
3724 498
3725 529
3726 486
3727 464
3728 517
3729 442
3730 506
3731 513
3732 414
3733 481
3734 465
3735 442
3736 471
3737 478
3738 488
3739 437
3740 505
3741 499
3742 470
3743 465
3744 496
3745 485
3746 479
3747 455
3748 458
3749 474
3750 441
3751 474
3752 469
3753 475
3754 431
3755 433
3756 454
3757 448
3758 472
3759 458
3760 454
3761 474
3762 449
3763 459
3764 459
3765 459
3766 491
3767 470
3768 445
3769 475
3770 474
3771 467
3772 441
3773 463
3774 445
3775 515
3776 484
3777 473
3778 488
3779 459
3780 467
3781 460
3782 438
3783 458
3784 461
3785 455
3786 467
3787 452
3788 444
3789 430
3790 460
3791 477
3792 453
3793 464
3794 461
3795 464
3796 487
3797 457
3798 482
3799 440
3800 489
3801 445
3802 469
3803 451
3804 447
3805 435
3806 441
3807 435
3808 479
3809 426
3810 430
3811 477
3812 479
3813 425
3814 469
3815 440
3816 478
3817 496
3818 469
3819 466
3820 462
3821 444
3822 506
3823 486
3824 441
3825 452
3826 460
3827 436
3828 429
3829 437
3830 440
3831 476
3832 475
3833 425
3834 454
3835 458
3836 411
3837 420
3838 432
3839 432
3840 439
3841 463
3842 463
3843 397
3844 422
3845 440
3846 438
3847 454
3848 393
3849 396
3850 464
3851 433
3852 438
3853 475
3854 446
3855 462
3856 453
3857 420
3858 426
3859 461
3860 436
3861 412
3862 478
3863 437
3864 422
3865 430
3866 417
3867 431
3868 436
3869 444
3870 440
3871 448
3872 489
3873 446
3874 414
3875 441
3876 468
3877 428
3878 445
3879 400
3880 437
3881 493
3882 442
3883 431
3884 459
3885 508
3886 454
3887 420
3888 452
3889 439
3890 410
3891 446
3892 457
3893 415
3894 438
3895 414
3896 408
3897 403
3898 425
3899 423
3900 423
3901 416
3902 442
3903 416
3904 444
3905 387
3906 390
3907 425
3908 422
3909 429
3910 454
3911 449
3912 445
3913 393
3914 414
3915 405
3916 406
3917 418
3918 410
3919 413
3920 453
3921 425
3922 458
3923 397
3924 430
3925 439
3926 474
3927 428
3928 411
3929 422
3930 436
3931 444
3932 438
3933 405
3934 397
3935 429
3936 453
3937 426
3938 455
3939 391
3940 463
3941 423
3942 441
3943 467
3944 426
3945 417
3946 453
3947 409
3948 423
3949 405
3950 411
3951 446
3952 457
3953 456
3954 436
3955 428
3956 444
3957 427
3958 408
3959 432
3960 437
3961 444
3962 439
3963 404
3964 420
3965 408
3966 418
3967 439
3968 414
3969 442
3970 407
3971 437
3972 417
3973 425
3974 391
3975 389
3976 404
3977 436
3978 414
3979 401
3980 403
3981 412
3982 419
3983 426
3984 386
3985 413
3986 399
3987 414
3988 423
3989 401
3990 398
3991 404
3992 454
3993 389
3994 417
3995 407
3996 429
3997 427
3998 414
3999 439
4000 437
4001 404
4002 391
4003 438
4004 392
4005 412
4006 407
4007 419
4008 390
4009 396
4010 402
4011 400
4012 417
4013 426
4014 416
4015 402
4016 426
4017 404
4018 401
4019 382
4020 357
4021 387
4022 408
4023 390
4024 439
4025 429
4026 406
4027 413
4028 403
4029 384
4030 408
4031 421
4032 433
4033 415
4034 404
4035 416
4036 434
4037 376
4038 417
4039 410
4040 403
4041 389
4042 394
4043 401
4044 414
4045 383
4046 401
4047 407
4048 399
4049 414
4050 391
4051 427
4052 409
4053 396
4054 393
4055 384
4056 446
4057 404
4058 368
4059 372
4060 392
4061 428
4062 402
4063 416
4064 435
4065 407
4066 395
4067 377
4068 383
4069 427
4070 391
4071 362
4072 394
4073 399
4074 405
4075 395
4076 395
4077 377
4078 422
4079 399
4080 378
4081 395
4082 406
4083 401
4084 411
4085 442
4086 425
4087 408
4088 411
4089 430
4090 412
4091 389
4092 396
4093 431
4094 426
4095 431
4096 400
4097 372
4098 391
4099 439
4100 378
4101 405
4102 452
4103 422
4104 429
4105 397
4106 389
4107 381
4108 408
4109 413
4110 418
4111 361
4112 415
4113 345
4114 359
4115 370
4116 422
4117 414
4118 395
4119 385
4120 376
4121 395
4122 368
4123 382
4124 374
4125 387
4126 404
4127 365
4128 424
4129 374
4130 396
4131 356
4132 365
4133 368
4134 384
4135 372
4136 365
4137 355
4138 353
4139 426
4140 332
4141 397
4142 370
4143 375
4144 375
4145 370
4146 406
4147 419
4148 396
4149 394
4150 406
4151 386
4152 381
4153 385
4154 418
4155 373
4156 381
4157 385
4158 360
4159 416
4160 370
4161 441
4162 410
4163 398
4164 380
4165 392
4166 385
4167 404
4168 396
4169 377
4170 349
4171 423
4172 393
4173 380
4174 406
4175 402
4176 390
4177 355
4178 386
4179 402
4180 418
4181 385
4182 360
4183 357
4184 377
4185 423
4186 409
4187 398
4188 404
4189 375
4190 382
4191 414
4192 408
4193 375
4194 369
4195 401
4196 345
4197 415
4198 376
4199 368
4200 417
4201 380
4202 398
4203 386
4204 363
4205 377
4206 376
4207 370
4208 416
4209 377
4210 377
4211 377
4212 406
4213 355
4214 372
4215 371
4216 371
4217 377
4218 383
4219 342
4220 376
4221 370
4222 327
4223 357
4224 362
4225 364
4226 387
4227 367
4228 386
4229 404
4230 344
4231 358
4232 340
4233 380
4234 373
4235 350
4236 369
4237 341
4238 386
4239 375
4240 381
4241 383
4242 371
4243 375
4244 392
4245 357
4246 380
4247 399
4248 378
4249 351
4250 385
4251 369
4252 370
4253 335
4254 354
4255 342
4256 383
4257 373
4258 376
4259 366
4260 337
4261 358
4262 349
4263 377
4264 361
4265 400
4266 375
4267 385
4268 362
4269 386
4270 367
4271 353
4272 337
4273 376
4274 361
4275 371
4276 391
4277 354
4278 389
4279 360
4280 374
4281 362
4282 372
4283 365
4284 349
4285 357
4286 342
4287 356
4288 384
4289 350
4290 386
4291 354
4292 386
4293 367
4294 332
4295 375
4296 344
4297 373
4298 365
4299 375
4300 375
4301 377
4302 371
4303 364
4304 356
4305 370
4306 330
4307 372
4308 383
4309 351
4310 376
4311 385
4312 356
4313 358
4314 338
4315 350
4316 351
4317 351
4318 377
4319 384
4320 349
4321 399
4322 344
4323 373
4324 338
4325 350
4326 355
4327 370
4328 377
4329 348
4330 389
4331 363
4332 373
4333 355
4334 351
4335 387
4336 376
4337 367
4338 381
4339 372
4340 348
4341 329
4342 362
4343 349
4344 358
4345 386
4346 368
4347 374
4348 343
4349 339
4350 343
4351 347
4352 380
4353 336
4354 361
4355 342
4356 370
4357 361
4358 356
4359 372
4360 287
4361 327
4362 338
4363 331
4364 354
4365 343
4366 360
4367 382
4368 363
4369 337
4370 308
4371 374
4372 382
4373 302
4374 322
4375 343
4376 418
4377 354
4378 344
4379 359
4380 369
4381 355
4382 384
4383 361
4384 360
4385 344
4386 360
4387 359
4388 373
4389 364
4390 375
4391 366
4392 387
4393 342
4394 361
4395 326
4396 325
4397 339
4398 395
4399 375
4400 377
4401 329
4402 372
4403 354
4404 376
4405 362
4406 361
4407 386
4408 372
4409 369
4410 330
4411 380
4412 331
4413 380
4414 342
4415 339
4416 352
4417 368
4418 372
4419 330
4420 344
4421 351
4422 357
4423 354
4424 341
4425 347
4426 358
4427 365
4428 354
4429 343
4430 322
4431 363
4432 352
4433 367
4434 346
4435 371
4436 331
4437 344
4438 354
4439 343
4440 357
4441 345
4442 330
4443 360
4444 364
4445 375
4446 337
4447 332
4448 338
4449 358
4450 344
4451 366
4452 345
4453 349
4454 358
4455 363
4456 344
4457 349
4458 346
4459 354
4460 356
4461 355
4462 336
4463 353
4464 367
4465 356
4466 355
4467 343
4468 359
4469 320
4470 316
4471 369
4472 350
4473 361
4474 321
4475 329
4476 351
4477 366
4478 348
4479 327
4480 343
4481 345
4482 366
4483 344
4484 398
4485 339
4486 380
4487 338
4488 357
4489 315
4490 356
4491 342
4492 374
4493 316
4494 326
4495 340
4496 351
4497 345
4498 325
4499 342
4500 340
4501 333
4502 342
4503 337
4504 342
4505 353
4506 354
4507 326
4508 365
4509 323
4510 352
4511 307
4512 328
4513 350
4514 336
4515 363
4516 357
4517 301
4518 348
4519 334
4520 312
4521 335
4522 324
4523 331
4524 343
4525 325
4526 316
4527 368
4528 319
4529 341
4530 351
4531 361
4532 344
4533 346
4534 350
4535 346
4536 354
4537 339
4538 353
4539 332
4540 326
4541 313
4542 329
4543 331
4544 332
4545 351
4546 353
4547 330
4548 325
4549 333
4550 310
4551 345
4552 314
4553 319
4554 344
4555 330
4556 343
4557 347
4558 328
4559 316
4560 333
4561 333
4562 341
4563 321
4564 325
4565 326
4566 315
4567 349
4568 322
4569 320
4570 319
4571 348
4572 369
4573 357
4574 320
4575 325
4576 338
4577 362
4578 318
4579 348
4580 335
4581 329
4582 359
4583 340
4584 343
4585 347
4586 321
4587 337
4588 346
4589 330
4590 343
4591 362
4592 341
4593 330
4594 327
4595 322
4596 344
4597 352
4598 338
4599 358
4600 373
4601 368
4602 357
4603 361
4604 325
4605 383
4606 351
4607 312
4608 308
4609 323
4610 364
4611 339
4612 335
4613 377
4614 323
4615 340
4616 339
4617 323
4618 338
4619 360
4620 360
4621 344
4622 316
4623 359
4624 348
4625 349
4626 356
4627 351
4628 336
4629 363
4630 362
4631 362
4632 349
4633 349
4634 354
4635 340
4636 343
4637 319
4638 327
4639 382
4640 363
4641 309
4642 357
4643 365
4644 323
4645 334
4646 377
4647 336
4648 311
4649 347
4650 315
4651 332
4652 327
4653 329
4654 325
4655 303
4656 363
4657 334
4658 338
4659 325
4660 341
4661 357
4662 316
4663 345
4664 332
4665 315
4666 318
4667 337
4668 337
4669 361
4670 347
4671 355
4672 333
4673 351
4674 344
4675 329
4676 363
4677 350
4678 347
4679 306
4680 342
4681 363
4682 328
4683 357
4684 384
4685 329
4686 344
4687 349
4688 335
4689 308
4690 345
4691 325
4692 316
4693 310
4694 363
4695 353
4696 337
4697 344
4698 337
4699 346
4700 344
4701 329
4702 376
4703 335
4704 363
4705 343
4706 363
4707 362
4708 335
4709 342
4710 349
4711 332
4712 358
4713 352
4714 360
4715 332
4716 340
4717 368
4718 304
4719 346
4720 371
4721 349
4722 338
4723 362
4724 348
4725 322
4726 340
4727 364
4728 322
4729 335
4730 385
4731 329
4732 351
4733 337
4734 362
4735 338
4736 339
4737 341
4738 358
4739 338
4740 386
4741 351
4742 337
4743 339
4744 345
4745 323
4746 328
4747 315
4748 337
4749 365
4750 317
4751 339
4752 340
4753 331
4754 343
4755 350
4756 359
4757 306
4758 327
4759 350
4760 362
4761 350
4762 334
4763 337
4764 358
4765 340
4766 342
4767 338
4768 336
4769 333
4770 318
4771 325
4772 345
4773 320
4774 344
4775 365
4776 324
4777 342
4778 344
4779 359
4780 344
4781 374
4782 341
4783 351
4784 324
4785 324
4786 342
4787 388
4788 340
4789 331
4790 309
4791 325
4792 326
4793 330
4794 331
4795 308
4796 351
4797 330
4798 346
4799 331
4800 316
4801 321
4802 348
4803 339
4804 329
4805 339
4806 339
4807 348
4808 382
4809 338
4810 347
4811 344
4812 343
4813 328
4814 334
4815 325
4816 315
4817 340
4818 300
4819 347
4820 323
4821 345
4822 361
4823 391
4824 342
4825 364
4826 335
4827 316
4828 312
4829 336
4830 344
4831 327
4832 339
4833 349
4834 317
4835 354
4836 341
4837 346
4838 323
4839 354
4840 376
4841 337
4842 374
4843 297
4844 325
4845 321
4846 338
4847 347
4848 382
4849 350
4850 338
4851 384
4852 321
4853 329
4854 372
4855 363
4856 327
4857 350
4858 334
4859 380
4860 331
4861 352
4862 340
4863 322
4864 343
4865 340
4866 332
4867 333
4868 360
4869 343
4870 331
4871 345
4872 355
4873 367
4874 340
4875 374
4876 336
4877 361
4878 350
4879 371
4880 345
4881 310
4882 345
4883 352
4884 379
4885 350
4886 345
4887 315
4888 363
4889 361
4890 327
4891 336
4892 305
4893 356
4894 357
4895 358
4896 381
4897 343
4898 374
4899 330
4900 329
4901 355
4902 385
4903 330
4904 350
4905 360
4906 354
4907 349
4908 345
4909 343
4910 370
4911 320
4912 343
4913 351
4914 335
4915 368
4916 333
4917 359
4918 324
4919 334
4920 356
4921 364
4922 317
4923 364
4924 304
4925 346
4926 348
4927 332
4928 358
4929 348
4930 346
4931 339
4932 331
4933 349
4934 358
4935 343
4936 333
4937 367
4938 357
4939 314
4940 370
4941 348
4942 339
4943 358
4944 355
4945 334
4946 380
4947 328
4948 342
4949 322
4950 345
4951 346
4952 339
4953 358
4954 362
4955 333
4956 341
4957 332
4958 374
4959 349
4960 355
4961 320
4962 364
4963 323
4964 332
4965 388
4966 371
4967 320
4968 375
4969 321
4970 329
4971 344
4972 341
4973 329
4974 353
4975 347
4976 335
4977 350
4978 385
4979 332
4980 310
4981 358
4982 327
4983 316
4984 321
4985 347
4986 307
4987 329
4988 355
4989 356
4990 332
4991 359
4992 343
4993 280
4994 365
4995 344
4996 356
4997 331
4998 338
4999 341
5000 347
5001 329
5002 317
5003 354
5004 327
5005 352
5006 369
5007 329
5008 356
5009 330
5010 333
5011 349
5012 311
5013 375
5014 312
5015 352
5016 344
5017 359
5018 316
5019 336
5020 318
5021 383
5022 343
5023 350
5024 347
5025 326
5026 343
5027 334
5028 358
5029 328
5030 358
5031 355
5032 338
5033 348
5034 312
5035 348
5036 365
5037 326
5038 344
5039 341
5040 334
5041 340
5042 342
5043 340
5044 335
5045 366
5046 339
5047 396
5048 364
5049 328
5050 318
5051 360
5052 336
5053 342
5054 344
5055 354
5056 325
5057 345
5058 351
5059 339
5060 362
5061 340
5062 316
5063 365
5064 349
5065 402
5066 344
5067 401
5068 335
5069 332
5070 356
5071 347
5072 385
5073 322
5074 356
5075 340
5076 343
5077 385
5078 363
5079 370
5080 334
5081 379
5082 332
5083 338
5084 327
5085 333
5086 331
5087 350
5088 326
5089 382
5090 334
5091 316
5092 316
5093 318
5094 322
5095 334
5096 360
5097 354
5098 363
5099 327
5100 369
5101 345
5102 346
5103 323
5104 339
5105 344
5106 345
5107 339
5108 315
5109 335
5110 344
5111 356
5112 339
5113 340
5114 334
5115 338
5116 324
5117 330
5118 350
5119 340
5120 326
5121 361
5122 333
5123 357
5124 319
5125 337
5126 330
5127 352
5128 336
5129 334
5130 349
5131 353
5132 349
5133 361
5134 334
5135 334
5136 326
5137 306
5138 357
5139 327
5140 371
5141 335
5142 305
5143 309
5144 349
5145 342
5146 363
5147 342
5148 323
5149 322
5150 342
5151 358
5152 329
5153 346
5154 333
5155 318
5156 352
5157 342
5158 336
5159 330
5160 296
5161 344
5162 336
5163 298
5164 331
5165 332
5166 345
5167 328
5168 328
5169 372
5170 306
5171 339
5172 376
5173 319
5174 315
5175 302
5176 351
5177 310
5178 334
5179 302
5180 326
5181 346
5182 337
5183 314
5184 332
5185 323
5186 320
5187 309
5188 331
5189 320
5190 334
5191 344
5192 327
5193 341
5194 319
5195 368
5196 351
5197 349
5198 330
5199 315
5200 314
5201 380
5202 330
5203 299
5204 340
5205 326
5206 301
5207 325
5208 329
5209 339
5210 350
5211 320
5212 321
5213 328
5214 321
5215 316
5216 363
5217 329
5218 344
5219 334
5220 338
5221 360
5222 341
5223 306
5224 367
5225 293
5226 315
5227 328
5228 317
5229 298
5230 314
5231 319
5232 326
5233 303
5234 301
5235 313
5236 275
5237 321
5238 325
5239 302
5240 332
5241 298
5242 335
5243 284
5244 319
5245 312
5246 330
5247 316
5248 295
5249 321
5250 317
5251 301
5252 284
5253 342
5254 314
5255 336
5256 327
5257 300
5258 324
5259 310
5260 313
5261 315
5262 314
5263 312
5264 339
5265 303
5266 303
5267 326
5268 355
5269 335
5270 336
5271 337
5272 305
5273 322
5274 340
5275 326
5276 349
5277 313
5278 322
5279 301
5280 334
5281 291
5282 288
5283 341
5284 293
5285 341
5286 334
5287 303
5288 290
5289 331
5290 338
5291 294
5292 300
5293 299
5294 308
5295 326
5296 293
5297 348
5298 325
5299 274
5300 321
5301 294
5302 299
5303 320
5304 321
5305 328
5306 310
5307 302
5308 301
5309 319
5310 298
5311 334
5312 304
5313 300
5314 322
5315 311
5316 308
5317 288
5318 287
5319 318
5320 302
5321 310
5322 301
5323 288
5324 311
5325 299
5326 307
5327 305
5328 320
5329 346
5330 295
5331 298
5332 279
5333 319
5334 286
5335 287
5336 322
5337 279
5338 312
5339 307
5340 313
5341 300
5342 305
5343 298
5344 293
5345 288
5346 283
5347 279
5348 286
5349 268
5350 289
5351 305
5352 307
5353 302
5354 328
5355 349
5356 268
5357 277
5358 304
5359 282
5360 317
5361 310
5362 281
5363 262
5364 251
5365 298
5366 303
5367 292
5368 299
5369 303
5370 313
5371 271
5372 271
5373 311
5374 272
5375 299
5376 305
5377 289
5378 305
5379 322
5380 304
5381 306
5382 281
5383 296
5384 282
5385 310
5386 291
5387 305
5388 283
5389 331
5390 322
5391 347
5392 286
5393 253
5394 316
5395 283
5396 275
5397 325
5398 290
5399 302
5400 264
5401 306
5402 284
5403 292
5404 294
5405 285
5406 285
5407 278
5408 312
5409 317
5410 282
5411 325
5412 281
5413 288
5414 316
5415 325
5416 283
5417 308
5418 311
5419 306
5420 291
5421 280
5422 293
5423 274
5424 282
5425 282
5426 298
5427 281
5428 310
5429 291
5430 293
5431 278
5432 287
5433 272
5434 264
5435 277
5436 287
5437 254
5438 257
5439 270
5440 300
5441 250
5442 292
5443 276
5444 310
5445 275
5446 302
5447 260
5448 261
5449 268
5450 245
5451 292
5452 261
5453 297
5454 282
5455 307
5456 298
5457 257
5458 300
5459 275
5460 284
5461 266
5462 290
5463 273
5464 264
5465 286
5466 268
5467 249
5468 278
5469 282
5470 274
5471 273
5472 262
5473 276
5474 265
5475 287
5476 266
5477 261
5478 298
5479 289
5480 287
5481 250
5482 278
5483 278
5484 286
5485 261
5486 268
5487 289
5488 268
5489 268
5490 306
5491 286
5492 298
5493 279
5494 288
5495 272
5496 268
5497 284
5498 258
5499 261
5500 262
5501 271
5502 272
5503 292
5504 272
5505 278
5506 284
5507 281
5508 265
5509 301
5510 300
5511 250
5512 274
5513 313
5514 277
5515 263
5516 281
5517 261
5518 277
5519 282
5520 261
5521 270
5522 243
5523 272
5524 291
5525 311
5526 241
5527 249
5528 265
5529 278
5530 274
5531 275
5532 277
5533 264
5534 307
5535 260
5536 278
5537 262
5538 308
5539 274
5540 245
5541 275
5542 280
5543 294
5544 281
5545 293
5546 280
5547 269
5548 278
5549 249
5550 278
5551 263
5552 273
5553 281
5554 283
5555 276
5556 274
5557 276
5558 279
5559 281
5560 277
5561 279
5562 286
5563 232
5564 245
5565 273
5566 273
5567 271
5568 257
5569 265
5570 273
5571 254
5572 265
5573 267
5574 260
5575 283
5576 247
5577 247
5578 246
5579 250
5580 240
5581 227
5582 243
5583 270
5584 262
5585 281
5586 256
5587 237
5588 273
5589 244
5590 255
5591 259
5592 225
5593 273
5594 235
5595 238
5596 255
5597 219
5598 285
5599 247
5600 250
5601 256
5602 235
5603 267
5604 253
5605 258
5606 223
5607 224
5608 273
5609 234
5610 256
5611 257
5612 265
5613 228
5614 284
5615 230
5616 235
5617 247
5618 251
5619 269
5620 249
5621 273
5622 278
5623 267
5624 265
5625 231
5626 254
5627 236
5628 239
5629 247
5630 239
5631 230
5632 279
5633 210
5634 251
5635 275
5636 231
5637 252
5638 247
5639 236
5640 247
5641 211
5642 235
5643 253
5644 252
5645 258
5646 229
5647 223
5648 249
5649 252
5650 241
5651 252
5652 287
5653 261
5654 257
5655 244
5656 260
5657 236
5658 240
5659 198
5660 249
5661 243
5662 239
5663 244
5664 244
5665 223
5666 245
5667 229
5668 241
5669 246
5670 265
5671 239
5672 259
5673 243
5674 210
5675 285
5676 231
5677 228
5678 249
5679 230
5680 213
5681 227
5682 265
5683 255
5684 225
5685 259
5686 218
5687 228
5688 235
5689 239
5690 227
5691 230
5692 242
5693 267
5694 232
5695 235
5696 246
5697 227
5698 225
5699 253
5700 241
5701 229
5702 248
5703 221
5704 245
5705 231
5706 238
5707 205
5708 267
5709 230
5710 225
5711 230
5712 235
5713 210
5714 256
5715 237
5716 255
5717 261
5718 250
5719 264
5720 227
5721 215
5722 224
5723 243
5724 209
5725 227
5726 246
5727 248
5728 248
5729 232
5730 251
5731 226
5732 257
5733 250
5734 253
5735 267
5736 245
5737 232
5738 256
5739 237
5740 234
5741 248
5742 221
5743 243
5744 228
5745 247
5746 210
5747 250
5748 222
5749 199
5750 229
5751 259
5752 215
5753 226
5754 227
5755 214
5756 211
5757 227
5758 238
5759 236
5760 257
5761 228
5762 211
5763 226
5764 214
5765 225
5766 229
5767 227
5768 223
5769 227
5770 231
5771 251
5772 223
5773 218
5774 201
5775 207
5776 225
5777 220
5778 225
5779 209
5780 226
5781 228
5782 223
5783 223
5784 215
5785 207
5786 230
5787 198
5788 236
5789 195
5790 211
5791 250
5792 231
5793 210
5794 244
5795 217
5796 227
5797 191
5798 229
5799 216
5800 238
5801 218
5802 213
5803 224
5804 207
5805 209
5806 231
5807 228
5808 209
5809 207
5810 232
5811 215
5812 249
5813 202
5814 201
5815 251
5816 224
5817 212
5818 217
5819 212
5820 214
5821 209
5822 209
5823 208
5824 203
5825 228
5826 221
5827 218
5828 201
5829 204
5830 239
5831 213
5832 215
5833 217
5834 207
5835 197
5836 203
5837 199
5838 209
5839 219
5840 203
5841 228
5842 200
5843 197
5844 209
5845 199
5846 211
5847 214
5848 220
5849 223
5850 216
5851 241
5852 217
5853 197
5854 231
5855 205
5856 201
5857 207
5858 211
5859 204
5860 212
5861 243
5862 213
5863 206
5864 204
5865 206
5866 198
5867 218
5868 195
5869 202
5870 213
5871 211
5872 219
5873 228
5874 194
5875 207
5876 213
5877 232
5878 210
5879 209
5880 220
5881 202
5882 189
5883 191
5884 213
5885 190
5886 216
5887 219
5888 189
5889 213
5890 226
5891 198
5892 207
5893 218
5894 216
5895 234
5896 236
5897 219
5898 210
5899 245
5900 209
5901 216
5902 218
5903 223
5904 232
5905 234
5906 205
5907 221
5908 213
5909 187
5910 238
5911 191
5912 233
5913 199
5914 202
5915 225
5916 222
5917 203
5918 210
5919 222
5920 195
5921 204
5922 199
5923 198
5924 183
5925 214
5926 234
5927 199
5928 200
5929 218
5930 211
5931 202
5932 202
5933 198
5934 230
5935 201
5936 211
5937 213
5938 229
5939 215
5940 195
5941 218
5942 219
5943 206
5944 174
5945 198
5946 186
5947 198
5948 200
5949 210
5950 207
5951 209
5952 197
5953 197
5954 179
5955 209
5956 191
5957 208
5958 206
5959 182
5960 204
5961 218
5962 199
5963 194
5964 227
5965 207
5966 195
5967 190
5968 202
5969 199
5970 200
5971 188
5972 219
5973 198
5974 190
5975 187
5976 178
5977 169
5978 196
5979 196
5980 210
5981 213
5982 190
5983 199
5984 208
5985 204
5986 205
5987 206
5988 209
5989 190
5990 210
5991 206
5992 203
5993 193
5994 202
5995 177
5996 211
5997 212
5998 180
5999 210
6000 198
6001 217
6002 193
6003 180
6004 186
6005 208
6006 210
6007 218
6008 199
6009 223
6010 212
6011 184
6012 232
6013 215
6014 218
6015 203
6016 199
6017 214
6018 214
6019 195
6020 205
6021 208
6022 193
6023 217
6024 204
6025 212
6026 184
6027 208
6028 205
6029 218
6030 202
6031 188
6032 207
6033 206
6034 171
6035 209
6036 185
6037 191
6038 207
6039 179
6040 205
6041 196
6042 195
6043 192
6044 193
6045 208
6046 175
6047 190
6048 182
6049 187
6050 204
6051 240
6052 202
6053 188
6054 187
6055 187
6056 195
6057 205
6058 195
6059 212
6060 204
6061 187
6062 203
6063 189
6064 199
6065 172
6066 207
6067 183
6068 178
6069 197
6070 179
6071 220
6072 198
6073 188
6074 180
6075 187
6076 187
6077 196
6078 188
6079 195
6080 174
6081 186
6082 169
6083 202
6084 177
6085 211
6086 189
6087 196
6088 220
6089 177
6090 169
6091 186
6092 183
6093 201
6094 203
6095 181
6096 190
6097 196
6098 173
6099 182
6100 212
6101 182
6102 188
6103 208
6104 221
6105 191
6106 192
6107 174
6108 180
6109 187
6110 169
6111 204
6112 183
6113 159
6114 198
6115 199
6116 167
6117 193
6118 180
6119 192
6120 183
6121 190
6122 195
6123 196
6124 175
6125 243
6126 194
6127 206
6128 183
6129 200
6130 196
6131 188
6132 179
6133 190
6134 186
6135 184
6136 202
6137 187
6138 189
6139 171
6140 210
6141 185
6142 211
6143 200
6144 182
6145 174
6146 196
6147 192
6148 189
6149 188
6150 150
6151 208
6152 191
6153 210
6154 190
6155 185
6156 173
6157 222
6158 179
6159 212
6160 179
6161 185
6162 189
6163 159
6164 178
6165 195
6166 182
6167 209
6168 204
6169 179
6170 185
6171 180
6172 199
6173 193
6174 197
6175 188
6176 195
6177 193
6178 186
6179 184
6180 176
6181 182
6182 181
6183 188
6184 180
6185 184
6186 201
6187 219
6188 193
6189 180
6190 207
6191 198
6192 192
6193 175
6194 188
6195 168
6196 175
6197 171
6198 172
6199 172
6200 183
6201 188
6202 177
6203 158
6204 178
6205 187
6206 182
6207 186
6208 189
6209 197
6210 181
6211 183
6212 168
6213 182
6214 174
6215 170
6216 194
6217 190
6218 181
6219 178
6220 184
6221 182
6222 197
6223 183
6224 184
6225 187
6226 174
6227 178
6228 158
6229 164
6230 186
6231 190
6232 183
6233 168
6234 187
6235 185
6236 183
6237 185
6238 184
6239 212
6240 197
6241 174
6242 186
6243 179
6244 180
6245 177
6246 153
6247 159
6248 203
6249 168
6250 205
6251 181
6252 187
6253 183
6254 194
6255 154
6256 169
6257 175
6258 171
6259 192
6260 180
6261 179
6262 181
6263 137
6264 163
6265 185
6266 184
6267 163
6268 196
6269 173
6270 184
6271 152
6272 173
6273 172
6274 184
6275 157
6276 202
6277 174
6278 179
6279 181
6280 175
6281 175
6282 211
6283 187
6284 150
6285 154
6286 183
6287 204
6288 196
6289 219
6290 186
6291 165
6292 186
6293 203
6294 170
6295 185
6296 166
6297 187
6298 170
6299 181
6300 179
6301 188
6302 176
6303 180
6304 180
6305 154
6306 156
6307 158
6308 187
6309 180
6310 165
6311 190
6312 180
6313 186
6314 163
6315 185
6316 175
6317 168
6318 169
6319 189
6320 181
6321 184
6322 177
6323 177
6324 166
6325 198
6326 182
6327 171
6328 161
6329 165
6330 175
6331 178
6332 180
6333 175
6334 170
6335 184
6336 155
6337 181
6338 185
6339 160
6340 185
6341 171
6342 183
6343 161
6344 205
6345 145
6346 166
6347 161
6348 170
6349 180
6350 187
6351 172
6352 176
6353 185
6354 172
6355 170
6356 154
6357 175
6358 159
6359 180
6360 182
6361 181
6362 165
6363 188
6364 190
6365 174
6366 158
6367 157
6368 172
6369 172
6370 164
6371 169
6372 163
6373 152
6374 176
6375 172
6376 167
6377 171
6378 172
6379 175
6380 163
6381 154
6382 198
6383 176
6384 159
6385 189
6386 157
6387 183
6388 195
6389 178
6390 158
6391 153
6392 161
6393 162
6394 174
6395 176
6396 152
6397 192
6398 182
6399 170
6400 181
6401 176
6402 161
6403 176
6404 182
6405 172
6406 180
6407 194
6408 180
6409 155
6410 165
6411 172
6412 174
6413 160
6414 192
6415 183
6416 164
6417 193
6418 170
6419 185
6420 166
6421 162
6422 160
6423 160
6424 162
6425 165
6426 150
6427 169
6428 170
6429 173
6430 167
6431 168
6432 155
6433 183
6434 155
6435 166
6436 161
6437 189
6438 178
6439 152
6440 183
6441 168
6442 156
6443 194
6444 155
6445 169
6446 175
6447 168
6448 157
6449 164
6450 169
6451 155
6452 143
6453 169
6454 164
6455 163
6456 141
6457 157
6458 160
6459 151
6460 156
6461 147
6462 148
6463 163
6464 152
6465 180
6466 141
6467 167
6468 166
6469 162
6470 150
6471 144
6472 161
6473 154
6474 183
6475 174
6476 146
6477 161
6478 169
6479 147
6480 150
6481 145
6482 147
6483 162
6484 133
6485 145
6486 141
6487 171
6488 153
6489 178
6490 168
6491 146
6492 155
6493 123
6494 154
6495 157
6496 162
6497 183
6498 136
6499 162
6500 139
6501 150
6502 155
6503 167
6504 159
6505 145
6506 160
6507 175
6508 156
6509 141
6510 159
6511 168
6512 143
6513 175
6514 171
6515 159
6516 155
6517 147
6518 160
6519 151
6520 150
6521 175
6522 146
6523 152
6524 166
6525 173
6526 161
6527 147
6528 173
6529 134
6530 161
6531 173
6532 161
6533 151
6534 160
6535 144
6536 156
6537 148
6538 168
6539 148
6540 160
6541 157
6542 172
6543 158
6544 162
6545 146
6546 180
6547 160
6548 162
6549 148
6550 154
6551 167
6552 166
6553 173
6554 167
6555 145
6556 120
6557 165
6558 155
6559 173
6560 159
6561 120
6562 156
6563 152
6564 171
6565 151
6566 143
6567 158
6568 147
6569 163
6570 152
6571 174
6572 156
6573 149
6574 169
6575 161
6576 161
6577 165
6578 156
6579 157
6580 156
6581 151
6582 143
6583 147
6584 154
6585 135
6586 151
6587 161
6588 177
6589 141
6590 163
6591 175
6592 165
6593 163
6594 146
6595 161
6596 141
6597 164
6598 156
6599 158
6600 158
6601 148
6602 139
6603 147
6604 170
6605 187
6606 155
6607 163
6608 171
6609 163
6610 172
6611 184
6612 143
6613 168
6614 172
6615 167
6616 152
6617 163
6618 151
6619 135
6620 153
6621 157
6622 153
6623 130
6624 151
6625 143
6626 155
6627 141
6628 165
6629 146
6630 150
6631 152
6632 144
6633 146
6634 145
6635 155
6636 122
6637 164
6638 143
6639 150
6640 135
6641 157
6642 153
6643 160
6644 145
6645 135
6646 140
6647 137
6648 155
6649 152
6650 166
6651 183
6652 161
6653 170
6654 159
6655 164
6656 165
6657 125
6658 120
6659 128
6660 160
6661 157
6662 148
6663 165
6664 176
6665 163
6666 141
6667 154
6668 160
6669 142
6670 136
6671 148
6672 177
6673 123
6674 148
6675 156
6676 134
6677 169
6678 147
6679 160
6680 139
6681 149
6682 146
6683 137
6684 166
6685 166
6686 146
6687 143
6688 141
6689 138
6690 140
6691 153
6692 139
6693 156
6694 165
6695 154
6696 142
6697 166
6698 158
6699 168
6700 161
6701 143
6702 177
6703 158
6704 135
6705 152
6706 139
6707 179
6708 141
6709 149
6710 148
6711 134
6712 158
6713 151
6714 131
6715 156
6716 145
6717 141
6718 158
6719 148
6720 145
6721 154
6722 140
6723 154
6724 141
6725 154
6726 165
6727 143
6728 126
6729 134
6730 121
6731 136
6732 156
6733 122
6734 134
6735 124
6736 128
6737 157
6738 129
6739 145
6740 160
6741 153
6742 140
6743 154
6744 125
6745 150
6746 133
6747 136
6748 150
6749 149
6750 136
6751 129
6752 136
6753 135
6754 144
6755 151
6756 165
6757 148
6758 154
6759 140
6760 152
6761 160
6762 140
6763 142
6764 150
6765 144
6766 120
6767 146
6768 133
6769 131
6770 141
6771 130
6772 139
6773 135
6774 145
6775 169
6776 146
6777 160
6778 153
6779 130
6780 139
6781 141
6782 143
6783 145
6784 160
6785 138
6786 136
6787 131
6788 148
6789 146
6790 131
6791 142
6792 158
6793 135
6794 137
6795 131
6796 153
6797 137
6798 144
6799 150
6800 138
6801 145
6802 133
6803 129
6804 154
6805 142
6806 160
6807 159
6808 132
6809 142
6810 152
6811 159
6812 139
6813 167
6814 120
6815 115
6816 135
6817 143
6818 151
6819 143
6820 110
6821 135
6822 147
6823 146
6824 168
6825 129
6826 141
6827 162
6828 148
6829 125
6830 140
6831 148
6832 127
6833 159
6834 140
6835 131
6836 132
6837 136
6838 136
6839 166
6840 137
6841 133
6842 138
6843 155
6844 140
6845 153
6846 164
6847 126
6848 115
6849 151
6850 111
6851 153
6852 131
6853 128
6854 152
6855 154
6856 147
6857 132
6858 133
6859 144
6860 161
6861 156
6862 163
6863 150
6864 157
6865 157
6866 140
6867 153
6868 168
6869 125
6870 127
6871 133
6872 149
6873 149
6874 154
6875 128
6876 160
6877 153
6878 131
6879 128
6880 142
6881 140
6882 140
6883 138
6884 145
6885 153
6886 139
6887 149
6888 148
6889 138
6890 117
6891 154
6892 157
6893 134
6894 133
6895 149
6896 152
6897 132
6898 158
6899 151
6900 118
6901 135
6902 153
6903 126
6904 156
6905 142
6906 120
6907 150
6908 144
6909 157
6910 142
6911 123
6912 131
6913 152
6914 159
6915 140
6916 184
6917 125
6918 125
6919 124
6920 124
6921 142
6922 131
6923 144
6924 146
6925 120
6926 162
6927 139
6928 135
6929 150
6930 135
6931 127
6932 141
6933 152
6934 149
6935 138
6936 117
6937 126
6938 139
6939 151
6940 122
6941 137
6942 170
6943 143
6944 168
6945 158
6946 151
6947 148
6948 132
6949 150
6950 120
6951 124
6952 134
6953 151
6954 135
6955 138
6956 139
6957 114
6958 143
6959 135
6960 146
6961 141
6962 130
6963 143
6964 156
6965 140
6966 140
6967 152
6968 150
6969 127
6970 142
6971 134
6972 125
6973 131
6974 128
6975 148
6976 155
6977 107
6978 132
6979 129
6980 127
6981 122
6982 151
6983 150
6984 105
6985 129
6986 137
6987 126
6988 131
6989 110
6990 137
6991 144
6992 148
6993 123
6994 122
6995 129
6996 127
6997 163
6998 154
6999 124
7000 122
7001 154
7002 137
7003 142
7004 121
7005 136
7006 118
7007 131
7008 132
7009 127
7010 124
7011 129
7012 152
7013 138
7014 119
7015 126
7016 125
7017 133
7018 122
7019 124
7020 125
7021 131
7022 136
7023 106
7024 141
7025 119
7026 130
7027 137
7028 134
7029 129
7030 138
7031 121
7032 121
7033 140
7034 144
7035 133
7036 138
7037 126
7038 133
7039 130
7040 142
7041 124
7042 157
7043 117
7044 129
7045 132
7046 127
7047 134
7048 121
7049 133
7050 139
7051 122
7052 108
7053 123
7054 116
7055 129
7056 157
7057 125
7058 125
7059 138
7060 147
7061 121
7062 137
7063 123
7064 136
7065 127
7066 136
7067 133
7068 134
7069 158
7070 116
7071 135
7072 128
7073 146
7074 124
7075 121
7076 137
7077 127
7078 127
7079 137
7080 128
7081 130
7082 151
7083 129
7084 131
7085 135
7086 142
7087 130
7088 121
7089 127
7090 107
7091 150
7092 145
7093 135
7094 133
7095 133
7096 120
7097 140
7098 108
7099 137
7100 148
7101 133
7102 164
7103 144
7104 128
7105 124
7106 133
7107 127
7108 124
7109 116
7110 121
7111 118
7112 115
7113 142
7114 142
7115 119
7116 120
7117 131
7118 110
7119 129
7120 144
7121 118
7122 126
7123 143
7124 132
7125 126
7126 109
7127 129
7128 134
7129 111
7130 124
7131 131
7132 124
7133 146
7134 140
7135 131
7136 126
7137 139
7138 135
7139 142
7140 128
7141 146
7142 127
7143 121
7144 150
7145 141
7146 119
7147 124
7148 142
7149 142
7150 120
7151 143
7152 129
7153 133
7154 113
7155 134
7156 100
7157 128
7158 135
7159 97
7160 115
7161 123
7162 117
7163 129
7164 151
7165 132
7166 115
7167 124
7168 129
7169 154
7170 130
7171 134
7172 105
7173 118
7174 136
7175 132
7176 135
7177 151
7178 129
7179 120
7180 134
7181 129
7182 128
7183 127
7184 138
7185 143
7186 121
7187 130
7188 137
7189 114
7190 134
7191 129
7192 119
7193 108
7194 124
7195 111
7196 140
7197 121
7198 120
7199 131
7200 134
7201 125
7202 131
7203 118
7204 109
7205 124
7206 123
7207 100
7208 133
7209 127
7210 118
7211 130
7212 130
7213 130
7214 137
7215 130
7216 122
7217 140
7218 109
7219 127
7220 137
7221 129
7222 139
7223 126
7224 110
7225 109
7226 109
7227 138
7228 122
7229 139
7230 116
7231 140
7232 134
7233 123
7234 133
7235 124
7236 158
7237 129
7238 144
7239 108
7240 117
7241 109
7242 120
7243 104
7244 137
7245 135
7246 132
7247 129
7248 108
7249 102
7250 121
7251 144
7252 123
7253 103
7254 111
7255 112
7256 100
7257 119
7258 137
7259 120
7260 133
7261 129
7262 120
7263 152
7264 134
7265 113
7266 126
7267 98
7268 140
7269 133
7270 115
7271 141
7272 110
7273 131
7274 116
7275 126
7276 127
7277 123
7278 120
7279 124
7280 117
7281 121
7282 124
7283 122
7284 128
7285 115
7286 130
7287 99
7288 107
7289 96
7290 134
7291 119
7292 102
7293 124
7294 125
7295 96
7296 108
7297 112
7298 106
7299 113
7300 131
7301 102
7302 136
7303 91
7304 124
7305 126
7306 113
7307 113
7308 100
7309 133
7310 123
7311 118
7312 123
7313 99
7314 117
7315 116
7316 136
7317 124
7318 110
7319 122
7320 101
7321 127
7322 139
7323 138
7324 105
7325 125
7326 116
7327 116
7328 102
7329 120
7330 127
7331 103
7332 119
7333 127
7334 134
7335 116
7336 117
7337 139
7338 114
7339 116
7340 117
7341 125
7342 125
7343 95
7344 126
7345 100
7346 119
7347 130
7348 111
7349 129
7350 123
7351 118
7352 109
7353 92
7354 106
7355 111
7356 119
7357 111
7358 128
7359 110
7360 101
7361 135
7362 108
7363 113
7364 120
7365 119
7366 115
7367 108
7368 101
7369 123
7370 121
7371 126
7372 138
7373 127
7374 133
7375 132
7376 121
7377 128
7378 116
7379 124
7380 102
7381 115
7382 124
7383 158
7384 138
7385 113
7386 119
7387 128
7388 120
7389 125
7390 121
7391 98
7392 107
7393 101
7394 115
7395 108
7396 112
7397 118
7398 125
7399 103
7400 105
7401 118
7402 127
7403 106
7404 123
7405 124
7406 135
7407 109
7408 118
7409 121
7410 123
7411 124
7412 101
7413 123
7414 101
7415 121
7416 111
7417 123
7418 112
7419 112
7420 122
7421 121
7422 117
7423 126
7424 98
7425 107
7426 119
7427 137
7428 127
7429 104
7430 113
7431 109
7432 124
7433 118
7434 115
7435 129
7436 109
7437 101
7438 100
7439 131
7440 113
7441 101
7442 119
7443 119
7444 126
7445 98
7446 132
7447 106
7448 128
7449 117
7450 114
7451 119
7452 125
7453 112
7454 115
7455 104
7456 120
7457 115
7458 129
7459 136
7460 119
7461 125
7462 106
7463 113
7464 106
7465 128
7466 122
7467 130
7468 134
7469 107
7470 117
7471 127
7472 122
7473 104
7474 114
7475 115
7476 114
7477 115
7478 117
7479 119
7480 115
7481 131
7482 129
7483 119
7484 102
7485 124
7486 115
7487 105
7488 109
7489 130
7490 139
7491 112
7492 118
7493 126
7494 111
7495 112
7496 110
7497 117
7498 119
7499 108
7500 125
7501 107
7502 127
7503 97
7504 129
7505 112
7506 107
7507 108
7508 120
7509 115
7510 109
7511 110
7512 131
7513 109
7514 121
7515 124
7516 115
7517 101
7518 109
7519 116
7520 114
7521 112
7522 130
7523 92
7524 123
7525 109
7526 115
7527 134
7528 113
7529 121
7530 127
7531 126
7532 119
7533 111
7534 150
7535 122
7536 114
7537 112
7538 106
7539 107
7540 117
7541 120
7542 108
7543 115
7544 136
7545 110
7546 100
7547 127
7548 101
7549 132
7550 112
7551 130
7552 128
7553 104
7554 127
7555 127
7556 127
7557 124
7558 103
7559 119
7560 128
7561 133
7562 122
7563 116
7564 99
7565 112
7566 110
7567 113
7568 123
7569 124
7570 121
7571 106
7572 109
7573 101
7574 92
7575 120
7576 117
7577 115
7578 94
7579 95
7580 122
7581 122
7582 125
7583 102
7584 136
7585 106
7586 126
7587 107
7588 115
7589 119
7590 101
7591 116
7592 115
7593 99
7594 106
7595 102
7596 109
7597 120
7598 128
7599 112
7600 120
7601 100
7602 89
7603 104
7604 114
7605 122
7606 122
7607 104
7608 108
7609 119
7610 125
7611 103
7612 122
7613 118
7614 136
7615 98
7616 125
7617 82
7618 102
7619 128
7620 103
7621 115
7622 107
7623 107
7624 120
7625 122
7626 119
7627 132
7628 113
7629 109
7630 115
7631 113
7632 103
7633 100
7634 123
7635 108
7636 125
7637 132
7638 110
7639 127
7640 111
7641 123
7642 109
7643 117
7644 90
7645 110
7646 116
7647 109
7648 109
7649 122
7650 113
7651 90
7652 126
7653 124
7654 117
7655 93
7656 118
7657 118
7658 115
7659 116
7660 115
7661 105
7662 116
7663 113
7664 110
7665 130
7666 112
7667 108
7668 118
7669 115
7670 105
7671 110
7672 122
7673 107
7674 104
7675 111
7676 111
7677 112
7678 107
7679 107
7680 92
7681 113
7682 118
7683 105
7684 106
7685 113
7686 101
7687 127
7688 104
7689 116
7690 120
7691 113
7692 94
7693 125
7694 102
7695 120
7696 118
7697 105
7698 122
7699 102
7700 115
7701 122
7702 104
7703 114
7704 129
7705 108
7706 110
7707 126
7708 106
7709 118
7710 101
7711 105
7712 99
7713 124
7714 86
7715 99
7716 101
7717 105
7718 127
7719 106
7720 107
7721 135
7722 90
7723 119
7724 111
7725 118
7726 108
7727 117
7728 95
7729 106
7730 112
7731 131
7732 127
7733 118
7734 125
7735 106
7736 123
7737 119
7738 119
7739 141
7740 110
7741 130
7742 102
7743 106
7744 113
7745 121
7746 108
7747 101
7748 127
7749 116
7750 93
7751 108
7752 129
7753 105
7754 116
7755 95
7756 117
7757 106
7758 96
7759 88
7760 115
7761 106
7762 92
7763 107
7764 136
7765 112
7766 112
7767 118
7768 119
7769 107
7770 109
7771 100
7772 118
7773 119
7774 109
7775 110
7776 115
7777 124
7778 114
7779 94
7780 110
7781 113
7782 120
7783 98
7784 117
7785 104
7786 117
7787 121
7788 117
7789 99
7790 113
7791 111
7792 85
7793 101
7794 108
7795 85
7796 103
7797 104
7798 132
7799 118
7800 95
7801 117
7802 107
7803 101
7804 92
7805 107
7806 94
7807 102
7808 104
7809 89
7810 87
7811 97
7812 86
7813 114
7814 123
7815 104
7816 101
7817 94
7818 114
7819 111
7820 115
7821 101
7822 98
7823 103
7824 113
7825 126
7826 103
7827 114
7828 116
7829 89
7830 108
7831 113
7832 109
7833 109
7834 131
7835 114
7836 113
7837 104
7838 104
7839 106
7840 112
7841 101
7842 121
7843 118
7844 109
7845 115
7846 107
7847 120
7848 99
7849 89
7850 126
7851 127
7852 123
7853 96
7854 114
7855 98
7856 93
7857 102
7858 98
7859 99
7860 106
7861 115
7862 96
7863 110
7864 107
7865 103
7866 125
7867 126
7868 105
7869 106
7870 122
7871 110
7872 112
7873 112
7874 101
7875 131
7876 94
7877 110
7878 92
7879 96
7880 105
7881 119
7882 99
7883 103
7884 99
7885 96
7886 111
7887 97
7888 106
7889 95
7890 107
7891 104
7892 87
7893 83
7894 103
7895 110
7896 111
7897 104
7898 92
7899 107
7900 105
7901 111
7902 86
7903 113
7904 98
7905 100
7906 91
7907 97
7908 117
7909 113
7910 96
7911 95
7912 104
7913 100
7914 109
7915 90
7916 95
7917 92
7918 97
7919 102
7920 96
7921 99
7922 107
7923 86
7924 95
7925 94
7926 116
7927 102
7928 116
7929 110
7930 104
7931 93
7932 111
7933 99
7934 102
7935 105
7936 108
7937 98
7938 85
7939 111
7940 120
7941 106
7942 121
7943 105
7944 92
7945 116
7946 109
7947 104
7948 110
7949 113
7950 117
7951 128
7952 105
7953 118
7954 110
7955 103
7956 103
7957 86
7958 103
7959 76
7960 81
7961 97
7962 95
7963 109
7964 104
7965 99
7966 112
7967 97
7968 105
7969 103
7970 119
7971 109
7972 99
7973 96
7974 103
7975 127
7976 87
7977 109
7978 108
7979 92
7980 115
7981 112
7982 116
7983 107
7984 119
7985 110
7986 101
7987 98
7988 105
7989 84
7990 110
7991 107
7992 90
7993 106
7994 99
7995 74
7996 108
7997 103
7998 107
7999 102
8000 113
8001 114
8002 86
8003 111
8004 105
8005 96
8006 103
8007 117
8008 75
8009 105
8010 101
8011 94
8012 97
8013 101
8014 88
8015 95
8016 106
8017 84
8018 102
8019 96
8020 103
8021 101
8022 79
8023 123
8024 96
8025 93
8026 100
8027 105
8028 99
8029 96
8030 85
8031 93
8032 98
8033 98
8034 105
8035 89
8036 99
8037 97
8038 98
8039 113
8040 88
8041 98
8042 92
8043 100
8044 85
8045 105
8046 98
8047 120
8048 108
8049 113
8050 99
8051 85
8052 104
8053 81
8054 108
8055 106
8056 128
8057 106
8058 92
8059 102
8060 96
8061 108
8062 108
8063 108
8064 112
8065 95
8066 108
8067 120
8068 107
8069 98
8070 105
8071 98
8072 116
8073 110
8074 101
8075 83
8076 92
8077 97
8078 118
8079 104
8080 102
8081 87
8082 102
8083 99
8084 99
8085 114
8086 105
8087 87
8088 92
8089 100
8090 98
8091 107
8092 106
8093 90
8094 101
8095 103
8096 96
8097 102
8098 90
8099 112
8100 110
8101 101
8102 91
8103 109
8104 106
8105 102
8106 93
8107 73
8108 93
8109 92
8110 107
8111 101
8112 91
8113 99
8114 88
8115 90
8116 94
8117 96
8118 112
8119 86
8120 113
8121 102
8122 101
8123 111
8124 95
8125 97
8126 97
8127 91
8128 105
8129 118
8130 85
8131 99
8132 113
8133 98
8134 106
8135 117
8136 89
8137 94
8138 107
8139 105
8140 96
8141 109
8142 117
8143 97
8144 115
8145 99
8146 89
8147 95
8148 105
8149 101
8150 117
8151 96
8152 89
8153 84
8154 99
8155 75
8156 90
8157 95
8158 102
8159 101
8160 92
8161 95
8162 120
8163 97
8164 105
8165 98
8166 98
8167 102
8168 109
8169 102
8170 95
8171 108
8172 94
8173 107
8174 119
8175 77
8176 97
8177 111
8178 94
8179 97
8180 89
8181 102
8182 84
8183 95
8184 84
8185 93
8186 96
8187 91
8188 98
8189 97
8190 93
8191 115
8192 88
8193 84
8194 106
8195 109
8196 84
8197 90
8198 118
8199 86
8200 87
8201 82
8202 97
8203 90
8204 96
8205 92
8206 96
8207 74
8208 82
8209 102
8210 81
8211 106
8212 85
8213 81
8214 71
8215 86
8216 98
8217 92
8218 86
8219 98
8220 89
8221 80
8222 90
8223 106
8224 93
8225 91
8226 89
8227 96
8228 103
8229 91
8230 105
8231 101
8232 87
8233 111
8234 109
8235 96
8236 100
8237 85
8238 84
8239 87
8240 96
8241 125
8242 113
8243 96
8244 101
8245 91
8246 93
8247 96
8248 94
8249 94
8250 110
8251 111
8252 87
8253 93
8254 93
8255 106
8256 103
8257 92
8258 93
8259 89
8260 99
8261 92
8262 83
8263 82
8264 101
8265 85
8266 93
8267 102
8268 87
8269 90
8270 84
8271 95
8272 88
8273 111
8274 100
8275 110
8276 102
8277 83
8278 117
8279 96
8280 97
8281 97
8282 100
8283 95
8284 79
8285 101
8286 104
8287 87
8288 90
8289 82
8290 82
8291 87
8292 104
8293 88
8294 114
8295 93
8296 102
8297 97
8298 97
8299 89
8300 79
8301 88
8302 108
8303 84
8304 81
8305 105
8306 95
8307 97
8308 85
8309 78
8310 92
8311 111
8312 108
8313 97
8314 115
8315 91
8316 82
8317 101
8318 96
8319 118
8320 87
8321 92
8322 82
8323 85
8324 100
8325 122
8326 108
8327 100
8328 91
8329 85
8330 101
8331 104
8332 80
8333 88
8334 91
8335 95
8336 83
8337 93
8338 86
8339 104
8340 98
8341 90
8342 87
8343 109
8344 88
8345 100
8346 98
8347 99
8348 103
8349 82
8350 80
8351 85
8352 89
8353 91
8354 101
8355 93
8356 89
8357 102
8358 86
8359 99
8360 98
8361 94
8362 92
8363 95
8364 94
8365 79
8366 98
8367 96
8368 96
8369 89
8370 80
8371 87
8372 98
8373 90
8374 109
8375 82
8376 88
8377 95
8378 92
8379 88
8380 110
8381 76
8382 97
8383 78
8384 82
8385 93
8386 81
8387 94
8388 99
8389 86
8390 83
8391 90
8392 90
8393 86
8394 90
8395 113
8396 97
8397 101
8398 83
8399 83
8400 99
8401 83
8402 87
8403 69
8404 92
8405 82
8406 96
8407 94
8408 94
8409 100
8410 100
8411 87
8412 89
8413 86
8414 90
8415 92
8416 82
8417 112
8418 104
8419 94
8420 66
8421 101
8422 91
8423 82
8424 71
8425 75
8426 92
8427 85
8428 88
8429 85
8430 104
8431 79
8432 104
8433 71
8434 92
8435 83
8436 98
8437 106
8438 88
8439 86
8440 86
8441 84
8442 92
8443 95
8444 85
8445 95
8446 107
8447 96
8448 96
8449 90
8450 90
8451 95
8452 83
8453 87
8454 98
8455 98
8456 90
8457 93
8458 86
8459 95
8460 78
8461 98
8462 100
8463 105
8464 117
8465 71
8466 95
8467 71
8468 92
8469 88
8470 106
8471 88
8472 86
8473 98
8474 88
8475 93
8476 106
8477 95
8478 93
8479 83
8480 94
8481 89
8482 90
8483 72
8484 98
8485 82
8486 87
8487 88
8488 107
8489 69
8490 81
8491 91
8492 103
8493 75
8494 80
8495 90
8496 96
8497 95
8498 103
8499 79
8500 95
8501 74
8502 97
8503 98
8504 86
8505 95
8506 84
8507 84
8508 88
8509 94
8510 92
8511 89
8512 86
8513 98
8514 93
8515 82
8516 93
8517 80
8518 82
8519 86
8520 89
8521 98
8522 85
8523 83
8524 87
8525 93
8526 87
8527 77
8528 110
8529 107
8530 104
8531 82
8532 99
8533 102
8534 93
8535 87
8536 86
8537 94
8538 74
8539 81
8540 92
8541 84
8542 93
8543 93
8544 98
8545 101
8546 93
8547 97
8548 83
8549 85
8550 105
8551 90
8552 95
8553 96
8554 83
8555 84
8556 89
8557 79
8558 90
8559 96
8560 78
8561 73
8562 88
8563 65
8564 97
8565 86
8566 99
8567 100
8568 80
8569 95
8570 105
8571 81
8572 80
8573 88
8574 91
8575 91
8576 94
8577 86
8578 94
8579 94
8580 109
8581 75
8582 103
8583 93
8584 96
8585 76
8586 83
8587 95
8588 68
8589 103
8590 86
8591 82
8592 79
8593 89
8594 91
8595 86
8596 100
8597 87
8598 101
8599 99
8600 105
8601 72
8602 83
8603 98
8604 75
8605 95
8606 99
8607 84
8608 61
8609 84
8610 99
8611 94
8612 103
8613 107
8614 83
8615 91
8616 90
8617 107
8618 97
8619 80
8620 84
8621 101
8622 92
8623 84
8624 97
8625 75
8626 92
8627 87
8628 88
8629 86
8630 96
8631 103
8632 88
8633 76
8634 100
8635 87
8636 85
8637 87
8638 105
8639 98
8640 91
8641 90
8642 105
8643 106
8644 87
8645 93
8646 72
8647 70
8648 100
8649 103
8650 100
8651 81
8652 70
8653 82
8654 86
8655 89
8656 118
8657 102
8658 81
8659 88
8660 90
8661 106
8662 100
8663 82
8664 83
8665 118
8666 74
8667 92
8668 71
8669 94
8670 88
8671 102
8672 67
8673 81
8674 83
8675 92
8676 90
8677 91
8678 76
8679 90
8680 98
8681 102
8682 101
8683 82
8684 92
8685 88
8686 63
8687 90
8688 76
8689 95
8690 107
8691 70
8692 91
8693 99
8694 77
8695 86
8696 106
8697 91
8698 84
8699 101
8700 82
8701 89
8702 97
8703 85
8704 91
8705 86
8706 99
8707 66
8708 97
8709 73
8710 108
8711 86
8712 79
8713 73
8714 85
8715 98
8716 85
8717 97
8718 89
8719 93
8720 74
8721 94
8722 82
8723 91
8724 78
8725 99
8726 82
8727 81
8728 95
8729 96
8730 84
8731 84
8732 90
8733 89
8734 103
8735 84
8736 74
8737 83
8738 76
8739 93
8740 94
8741 90
8742 83
8743 101
8744 94
8745 72
8746 98
8747 85
8748 101
8749 86
8750 90
8751 85
8752 87
8753 100
8754 94
8755 85
8756 81
8757 100
8758 93
8759 76
8760 94
8761 87
8762 76
8763 86
8764 70
8765 94
8766 87
8767 86
8768 96
8769 97
8770 92
8771 92
8772 75
8773 101
8774 98
8775 77
8776 99
8777 92
8778 75
8779 89
8780 89
8781 69
8782 99
8783 95
8784 69
8785 78
8786 88
8787 94
8788 78
8789 98
8790 84
8791 76
8792 80
8793 86
8794 79
8795 86
8796 98
8797 98
8798 94
8799 78
8800 87
8801 73
8802 87
8803 82
8804 114
8805 83
8806 95
8807 86
8808 83
8809 59
8810 75
8811 100
8812 94
8813 74
8814 89
8815 75
8816 89
8817 84
8818 103
8819 85
8820 98
8821 80
8822 76
8823 82
8824 80
8825 86
8826 90
8827 98
8828 79
8829 105
8830 80
8831 77
8832 79
8833 75
8834 73
8835 82
8836 83
8837 88
8838 94
8839 73
8840 77
8841 78
8842 88
8843 109
8844 87
8845 85
8846 90
8847 94
8848 78
8849 91
8850 99
8851 70
8852 76
8853 87
8854 94
8855 83
8856 96
8857 78
8858 73
8859 93
8860 94
8861 77
8862 103
8863 84
8864 60
8865 92
8866 72
8867 81
8868 86
8869 89
8870 95
8871 90
8872 80
8873 85
8874 87
8875 68
8876 93
8877 109
8878 76
8879 69
8880 74
8881 90
8882 86
8883 78
8884 74
8885 99
8886 97
8887 73
8888 84
8889 91
8890 67
8891 78
8892 100
8893 84
8894 91
8895 104
8896 83
8897 91
8898 82
8899 76
8900 95
8901 79
8902 82
8903 89
8904 82
8905 75
8906 80
8907 82
8908 85
8909 86
8910 104
8911 81
8912 82
8913 85
8914 99
8915 77
8916 77
8917 71
8918 82
8919 82
8920 82
8921 77
8922 92
8923 89
8924 95
8925 82
8926 92
8927 98
8928 82
8929 73
8930 85
8931 75
8932 68
8933 84
8934 83
8935 88
8936 85
8937 96
8938 80
8939 86
8940 84
8941 88
8942 86
8943 89
8944 91
8945 78
8946 88
8947 97
8948 72
8949 104
8950 93
8951 102
8952 64
8953 95
8954 73
8955 98
8956 76
8957 85
8958 72
8959 79
8960 83
8961 97
8962 73
8963 83
8964 94
8965 85
8966 99
8967 87
8968 82
8969 62
8970 86
8971 91
8972 86
8973 63
8974 98
8975 97
8976 87
8977 100
8978 77
8979 74
8980 90
8981 78
8982 79
8983 95
8984 93
8985 75
8986 80
8987 87
8988 89
8989 90
8990 73
8991 88
8992 82
8993 82
8994 106
8995 81
8996 99
8997 83
8998 74
8999 94
9000 82
9001 64
9002 92
9003 78
9004 82
9005 76
9006 78
9007 82
9008 78
9009 75
9010 75
9011 75
9012 80
9013 90
9014 69
9015 74
9016 71
9017 85
9018 82
9019 74
9020 90
9021 84
9022 92
9023 91
9024 81
9025 87
9026 79
9027 73
9028 85
9029 86
9030 81
9031 81
9032 77
9033 70
9034 74
9035 83
9036 85
9037 76
9038 75
9039 71
9040 81
9041 87
9042 87
9043 84
9044 81
9045 94
9046 75
9047 89
9048 77
9049 90
9050 97
9051 78
9052 85
9053 73
9054 93
9055 87
9056 76
9057 86
9058 87
9059 89
9060 81
9061 82
9062 76
9063 90
9064 98
9065 93
9066 77
9067 82
9068 94
9069 109
9070 104
9071 82
9072 77
9073 90
9074 96
9075 67
9076 75
9077 69
9078 83
9079 72
9080 94
9081 76
9082 80
9083 86
9084 72
9085 67
9086 94
9087 79
9088 79
9089 83
9090 78
9091 99
9092 90
9093 102
9094 89
9095 79
9096 82
9097 100
9098 73
9099 92
9100 92
9101 80
9102 82
9103 83
9104 81
9105 87
9106 100
9107 83
9108 96
9109 81
9110 86
9111 91
9112 89
9113 86
9114 73
9115 97
9116 86
9117 96
9118 83
9119 93
9120 93
9121 94
9122 75
9123 78
9124 95
9125 94
9126 78
9127 83
9128 85
9129 77
9130 94
9131 77
9132 78
9133 80
9134 89
9135 81
9136 67
9137 87
9138 80
9139 94
9140 91
9141 87
9142 70
9143 94
9144 95
9145 83
9146 83
9147 90
9148 88
9149 93
9150 92
9151 88
9152 85
9153 77
9154 100
9155 82
9156 92
9157 86
9158 89
9159 74
9160 93
9161 76
9162 95
9163 77
9164 93
9165 78
9166 92
9167 85
9168 79
9169 90
9170 87
9171 86
9172 90
9173 91
9174 100
9175 92
9176 93
9177 98
9178 91
9179 104
9180 103
9181 86
9182 74
9183 84
9184 97
9185 91
9186 75
9187 83
9188 91
9189 92
9190 98
9191 75
9192 75
9193 83
9194 82
9195 85
9196 87
9197 95
9198 96
9199 99
9200 97
9201 89
9202 97
9203 80
9204 83
9205 86
9206 64
9207 73
9208 75
9209 85
9210 87
9211 87
9212 82
9213 83
9214 86
9215 71
9216 88
9217 78
9218 94
9219 114
9220 107
9221 81
9222 89
9223 82
9224 82
9225 82
9226 74
9227 73
9228 72
9229 83
9230 90
9231 92
9232 98
9233 81
9234 78
9235 97
9236 80
9237 86
9238 90
9239 74
9240 82
9241 88
9242 81
9243 85
9244 84
9245 82
9246 80
9247 91
9248 77
9249 90
9250 85
9251 89
9252 93
9253 76
9254 73
9255 78
9256 89
9257 88
9258 97
9259 82
9260 94
9261 82
9262 75
9263 95
9264 88
9265 78
9266 82
9267 111
9268 97
9269 107
9270 73
9271 87
9272 93
9273 82
9274 70
9275 84
9276 93
9277 81
9278 73
9279 99
9280 95
9281 76
9282 85
9283 82
9284 91
9285 99
9286 83
9287 84
9288 74
9289 86
9290 83
9291 76
9292 77
9293 88
9294 81
9295 91
9296 80
9297 84
9298 92
9299 89
9300 80
9301 90
9302 94
9303 95
9304 96
9305 90
9306 91
9307 100
9308 99
9309 97
9310 93
9311 94
9312 86
9313 87
9314 97
9315 90
9316 87
9317 86
9318 89
9319 92
9320 80
9321 86
9322 117
9323 80
9324 90
9325 78
9326 100
9327 82
9328 85
9329 87
9330 100
9331 87
9332 87
9333 90
9334 88
9335 106
9336 94
9337 84
9338 89
9339 93
9340 95
9341 86
9342 80
9343 77
9344 87
9345 98
9346 89
9347 95
9348 78
9349 83
9350 100
9351 85
9352 79
9353 78
9354 86
9355 88
9356 85
9357 80
9358 65
9359 87
9360 99
9361 74
9362 83
9363 65
9364 75
9365 100
9366 68
9367 93
9368 75
9369 101
9370 84
9371 85
9372 73
9373 71
9374 78
9375 97
9376 98
9377 93
9378 90
9379 72
9380 100
9381 84
9382 93
9383 79
9384 75
9385 81
9386 65
9387 109
9388 83
9389 82
9390 81
9391 81
9392 78
9393 95
9394 82
9395 78
9396 102
9397 105
9398 89
9399 91
9400 87
9401 91
9402 81
9403 76
9404 74
9405 86
9406 81
9407 74
9408 87
9409 117
9410 72
9411 90
9412 85
9413 95
9414 89
9415 88
9416 93
9417 102
9418 74
9419 98
9420 93
9421 84
9422 85
9423 92
9424 79
9425 100
9426 92
9427 91
9428 71
9429 88
9430 108
9431 84
9432 79
9433 95
9434 81
9435 79
9436 88
9437 88
9438 85
9439 85
9440 73
9441 83
9442 100
9443 83
9444 82
9445 105
9446 89
9447 83
9448 74
9449 73
9450 72
9451 76
9452 87
9453 79
9454 88
9455 92
9456 84
9457 76
9458 92
9459 81
9460 74
9461 67
9462 79
9463 90
9464 88
9465 84
9466 70
9467 86
9468 78
9469 91
9470 78
9471 80
9472 82
9473 77
9474 98
9475 95
9476 76
9477 78
9478 74
9479 84
9480 94
9481 84
9482 77
9483 96
9484 84
9485 75
9486 77
9487 103
9488 106
9489 83
9490 81
9491 94
9492 79
9493 69
9494 86
9495 94
9496 92
9497 82
9498 92
9499 83
9500 87
9501 91
9502 77
9503 87
9504 81
9505 86
9506 94
9507 84
9508 74
9509 79
9510 81
9511 72
9512 91
9513 80
9514 83
9515 83
9516 78
9517 87
9518 83
9519 87
9520 90
9521 72
9522 83
9523 80
9524 79
9525 102
9526 83
9527 94
9528 78
9529 99
9530 77
9531 101
9532 73
9533 83
9534 76
9535 94
9536 65
9537 86
9538 72
9539 56
9540 83
9541 62
9542 84
9543 81
9544 79
9545 91
9546 68
9547 84
9548 92
9549 73
9550 76
9551 84
9552 86
9553 69
9554 70
9555 82
9556 92
9557 81
9558 79
9559 98
9560 88
9561 84
9562 86
9563 95
9564 95
9565 84
9566 88
9567 85
9568 65
9569 85
9570 95
9571 91
9572 87
9573 86
9574 78
9575 101
9576 97
9577 94
9578 83
9579 81
9580 88
9581 95
9582 71
9583 86
9584 64
9585 97
9586 86
9587 75
9588 86
9589 84
9590 75
9591 90
9592 81
9593 73
9594 79
9595 81
9596 100
9597 82
9598 79
9599 91
9600 87
9601 80
9602 75
9603 80
9604 92
9605 83
9606 93
9607 84
9608 96
9609 87
9610 96
9611 78
9612 81
9613 88
9614 77
9615 82
9616 85
9617 93
9618 64
9619 86
9620 73
9621 94
9622 63
9623 71
9624 91
9625 80
9626 73
9627 98
9628 97
9629 93
9630 77
9631 82
9632 83
9633 76
9634 75
9635 93
9636 67
9637 87
9638 84
9639 81
9640 90
9641 74
9642 76
9643 85
9644 92
9645 84
9646 94
9647 80
9648 84
9649 85
9650 82
9651 94
9652 59
9653 69
9654 82
9655 73
9656 83
9657 93
9658 86
9659 89
9660 81
9661 80
9662 89
9663 87
9664 86
9665 107
9666 73
9667 97
9668 83
9669 88
9670 71
9671 78
9672 88
9673 89
9674 65
9675 83
9676 81
9677 80
9678 90
9679 94
9680 86
9681 73
9682 63
9683 75
9684 97
9685 86
9686 102
9687 92
9688 72
9689 81
9690 86
9691 68
9692 75
9693 82
9694 74
9695 73
9696 83
9697 92
9698 89
9699 78
9700 71
9701 90
9702 95
9703 85
9704 94
9705 80
9706 80
9707 78
9708 78
9709 87
9710 75
9711 82
9712 81
9713 95
9714 95
9715 82
9716 76
9717 62
9718 80
9719 76
9720 80
9721 79
9722 79
9723 78
9724 95
9725 84
9726 80
9727 82
9728 91
9729 87
9730 87
9731 89
9732 83
9733 79
9734 79
9735 90
9736 101
9737 82
9738 74
9739 75
9740 73
9741 71
9742 93
9743 73
9744 90
9745 97
9746 80
9747 95
9748 101
9749 81
9750 78
9751 93
9752 83
9753 74
9754 69
9755 80
9756 78
9757 83
9758 84
9759 80
9760 79
9761 82
9762 70
9763 83
9764 82
9765 83
9766 95
9767 97
9768 90
9769 79
9770 93
9771 87
9772 88
9773 83
9774 83
9775 90
9776 84
9777 100
9778 93
9779 74
9780 68
9781 78
9782 71
9783 86
9784 71
9785 81
9786 73
9787 66
9788 86
9789 89
9790 97
9791 85
9792 83
9793 104
9794 88
9795 84
9796 72
9797 67
9798 64
9799 97
9800 92
9801 96
9802 95
9803 95
9804 90
9805 91
9806 79
9807 90
9808 84
9809 67
9810 77
9811 73
9812 94
9813 76
9814 71
9815 76
9816 85
9817 79
9818 63
9819 74
9820 70
9821 72
9822 75
9823 76
9824 90
9825 73
9826 102
9827 100
9828 83
9829 94
9830 92
9831 89
9832 81
9833 95
9834 109
9835 75
9836 93
9837 85
9838 72
9839 76
9840 88
9841 90
9842 87
9843 88
9844 79
9845 87
9846 91
9847 83
9848 80
9849 85
9850 92
9851 75
9852 87
9853 77
9854 67
9855 93
9856 98
9857 85
9858 66
9859 82
9860 83
9861 71
9862 94
9863 83
9864 84
9865 85
9866 84
9867 87
9868 91
9869 78
9870 88
9871 69
9872 86
9873 80
9874 80
9875 91
9876 84
9877 84
9878 83
9879 83
9880 81
9881 81
9882 81
9883 83
9884 69
9885 82
9886 94
9887 82
9888 95
9889 101
9890 115
9891 86
9892 95
9893 93
9894 91
9895 65
9896 75
9897 74
9898 84
9899 85
9900 88
9901 71
9902 91
9903 97
9904 89
9905 86
9906 82
9907 79
9908 65
9909 67
9910 79
9911 87
9912 56
9913 75
9914 77
9915 85
9916 74
9917 79
9918 65
9919 97
9920 74
9921 70
9922 81
9923 98
9924 83
9925 79
9926 74
9927 84
9928 88
9929 95
9930 66
9931 78
9932 94
9933 80
9934 81
9935 81
9936 81
9937 87
9938 82
9939 73
9940 61
9941 78
9942 61
9943 82
9944 87
9945 71
9946 79
9947 68
9948 96
9949 81
9950 77
9951 83
9952 75
9953 75
9954 97
9955 79
9956 76
9957 84
9958 78
9959 80
9960 79
9961 95
9962 66
9963 86
9964 68
9965 80
9966 80
9967 73
9968 79
9969 74
9970 81
9971 91
9972 85
9973 88
9974 77
9975 79
9976 86
9977 81
9978 89
9979 68
9980 79
9981 86
9982 67
9983 103
9984 74
9985 87
9986 88
9987 77
9988 92
9989 66
9990 89
9991 80
9992 80
9993 91
9994 93
9995 76
9996 71
9997 56
9998 71
9999 74
10000 63
10001 647190
