# Title:27-mer spectra for: 63
# XLabel:27-mer frequency
# YLabel:# distinct 27-mers
# Kmer value:27
# Input 1:<pipe>
###
1 1856784756
2 127324632
3 36061241
4 17530299
5 10644671
6 7379585
7 5439106
8 4139345
9 3198459
10 2500365
11 2001057
12 1674961
13 1503971
14 1489376
15 1630384
16 1942669
17 2432926
18 3137376
19 4064064
20 5203177
21 6562807
22 8091860
23 9723975
24 11389787
25 13014660
26 14492972
27 15711320
28 16633387
29 17169436
30 17348924
31 17107983
32 16508291
33 15614926
34 14483591
35 13159994
36 11748795
37 10304710
38 8882851
39 7555137
40 6354612
41 5297233
42 4390588
43 3640093
44 3033084
45 2572441
46 2227999
47 1992997
48 1845297
49 1773547
50 1758664
51 1786733
52 1845314
53 1923617
54 2007713
55 2094592
56 2183950
57 2257053
58 2319364
59 2354107
60 2376873
61 2375473
62 2354937
63 2317828
64 2250652
65 2172922
66 2084850
67 1977754
68 1862383
69 1740856
70 1616720
71 1495425
72 1371323
73 1253344
74 1143205
75 1039727
76 940685
77 854690
78 777760
79 709082
80 649037
81 597893
82 554543
83 518448
84 487768
85 461637
86 440396
87 424511
88 410139
89 399534
90 389256
91 378556
92 372797
93 363586
94 357667
95 349525
96 342952
97 334445
98 325903
99 316030
100 306573
101 299632
102 290567
103 282275
104 274757
105 267136
106 257251
107 249576
108 241801
109 235164
110 228346
111 221197
112 215877
113 211181
114 206722
115 202992
116 198637
117 195104
118 191719
119 189287
120 185901
121 183736
122 180488
123 178919
124 176785
125 174263
126 173031
127 169536
128 166083
129 162578
130 159686
131 157457
132 154469
133 152024
134 149682
135 147052
136 143321
137 141242
138 138587
139 135874
140 133163
141 130122
142 128025
143 125286
144 123074
145 120478
146 118598
147 116316
148 114277
149 111813
150 110304
151 108323
152 107442
153 105133
154 103582
155 101339
156 100449
157 98107
158 97635
159 95954
160 94414
161 93683
162 92187
163 90727
164 90119
165 89003
166 87810
167 86701
168 85682
169 83841
170 82733
171 82039
172 80316
173 78994
174 78263
175 77221
176 76047
177 75141
178 73825
179 73222
180 71940
181 70618
182 69825
183 68812
184 68362
185 67866
186 66742
187 66272
188 65370
189 64441
190 63892
191 62855
192 61892
193 60939
194 60554
195 59945
196 60019
197 58971
198 58029
199 57239
200 57109
201 56559
202 55499
203 54565
204 54177
205 53415
206 52982
207 52065
208 51481
209 51100
210 50287
211 49754
212 49256
213 48382
214 48437
215 47360
216 47122
217 46946
218 46882
219 46364
220 45650
221 45368
222 44752
223 44186
224 43579
225 42829
226 42450
227 42330
228 41613
229 41176
230 40496
231 40416
232 39664
233 39530
234 39067
235 38720
236 38615
237 37744
238 37414
239 36800
240 36568
241 36550
242 35839
243 35525
244 35475
245 35068
246 34610
247 34482
248 34420
249 34034
250 33518
251 33695
252 33109
253 32723
254 32446
255 32244
256 31995
257 31901
258 31613
259 30998
260 31049
261 30653
262 30190
263 30152
264 29810
265 29379
266 29317
267 28995
268 29155
269 28731
270 28784
271 28323
272 27889
273 28085
274 27493
275 27191
276 27266
277 26846
278 26522
279 26605
280 26467
281 26403
282 25713
283 25452
284 25501
285 25418
286 25447
287 24941
288 25074
289 24674
290 24592
291 24214
292 24050
293 23829
294 23328
295 23348
296 23334
297 23073
298 22937
299 22828
300 22476
301 22238
302 22321
303 21999
304 21791
305 21652
306 21723
307 21300
308 21247
309 21132
310 20785
311 21006
312 20887
313 20477
314 20504
315 20273
316 20055
317 20042
318 19683
319 19643
320 19332
321 19268
322 19240
323 19361
324 19170
325 18888
326 19024
327 18747
328 18613
329 18681
330 18611
331 18375
332 18359
333 18183
334 17854
335 17816
336 17832
337 17538
338 17457
339 17254
340 17234
341 17143
342 17417
343 17001
344 16948
345 16768
346 16618
347 16555
348 16446
349 16391
350 16300
351 16014
352 16067
353 15905
354 15961
355 15653
356 15612
357 15590
358 15501
359 15574
360 15471
361 15344
362 15156
363 15071
364 15114
365 15064
366 14865
367 14910
368 14671
369 14776
370 14541
371 14525
372 14397
373 14435
374 14108
375 13801
376 13852
377 13697
378 13639
379 13667
380 13718
381 13530
382 13527
383 13439
384 13140
385 13282
386 13212
387 12944
388 12961
389 13053
390 12670
391 12913
392 12587
393 12572
394 12614
395 12501
396 12475
397 12474
398 12495
399 12356
400 12186
401 12237
402 11922
403 12187
404 11824
405 11897
406 12039
407 11882
408 11965
409 11440
410 11461
411 11764
412 11784
413 11405
414 11486
415 11499
416 11467
417 11264
418 11316
419 11163
420 11218
421 10949
422 10904
423 10793
424 10694
425 10720
426 10548
427 10550
428 10437
429 10531
430 10521
431 10427
432 10265
433 10313
434 10490
435 10127
436 10161
437 10033
438 9985
439 9910
440 10111
441 9789
442 9978
443 9839
444 9738
445 9770
446 10054
447 9690
448 9652
449 9710
450 9524
451 9478
452 9520
453 9427
454 9384
455 9496
456 9257
457 9344
458 9240
459 9195
460 9179
461 9354
462 8990
463 9001
464 9038
465 8871
466 8790
467 8837
468 8790
469 8635
470 8675
471 8609
472 8474
473 8324
474 8503
475 8378
476 8381
477 8271
478 8392
479 8396
480 8333
481 8214
482 8378
483 8205
484 8164
485 8095
486 7955
487 7977
488 7932
489 7912
490 7693
491 7918
492 7887
493 7717
494 7901
495 7741
496 7802
497 7827
498 7776
499 7700
500 7753
501 7575
502 7647
503 7560
504 7566
505 7629
506 7506
507 7407
508 7506
509 7321
510 7475
511 7407
512 7389
513 7277
514 7240
515 7179
516 7147
517 7135
518 7092
519 7098
520 6979
521 7099
522 6986
523 7095
524 6903
525 6883
526 7051
527 6965
528 7022
529 7059
530 6964
531 7012
532 6844
533 6662
534 6644
535 6709
536 6628
537 6731
538 6680
539 6687
540 6490
541 6513
542 6574
543 6446
544 6392
545 6523
546 6522
547 6533
548 6338
549 6039
550 6318
551 6255
552 6133
553 6241
554 6312
555 6093
556 6209
557 6034
558 6089
559 6160
560 6206
561 6091
562 6026
563 6002
564 5826
565 5871
566 5840
567 5949
568 6025
569 6079
570 5812
571 5897
572 5912
573 5846
574 5701
575 5861
576 5714
577 5887
578 5673
579 5785
580 5670
581 5746
582 5588
583 5654
584 5679
585 5539
586 5665
587 5588
588 5440
589 5518
590 5572
591 5368
592 5419
593 5315
594 5324
595 5344
596 5317
597 5184
598 5158
599 5147
600 5343
601 5147
602 5273
603 5244
604 5189
605 5032
606 5221
607 5202
608 5126
609 5133
610 5017
611 5156
612 5012
613 5113
614 5035
615 4980
616 4917
617 4999
618 4876
619 4835
620 4838
621 4889
622 4932
623 4870
624 4855
625 4741
626 4838
627 4698
628 4803
629 4721
630 4678
631 4668
632 4586
633 4551
634 4705
635 4726
636 4558
637 4587
638 4599
639 4658
640 4641
641 4590
642 4610
643 4645
644 4588
645 4567
646 4497
647 4560
648 4536
649 4483
650 4512
651 4606
652 4521
653 4292
654 4398
655 4428
656 4569
657 4461
658 4379
659 4388
660 4430
661 4363
662 4323
663 4283
664 4370
665 4256
666 4278
667 4314
668 4297
669 4233
670 4265
671 4173
672 4196
673 4123
674 4251
675 4306
676 4030
677 4194
678 4208
679 4152
680 4127
681 4175
682 3995
683 4082
684 4054
685 4052
686 3936
687 4074
688 3981
689 3973
690 3977
691 3953
692 3933
693 4077
694 3972
695 3982
696 3951
697 4073
698 3929
699 4041
700 3865
701 3865
702 3931
703 3903
704 3796
705 3842
706 3942
707 3863
708 3833
709 3927
710 3763
711 3770
712 3770
713 3687
714 3677
715 3744
716 3640
717 3603
718 3622
719 3658
720 3584
721 3650
722 3734
723 3677
724 3629
725 3648
726 3620
727 3639
728 3557
729 3538
730 3703
731 3597
732 3474
733 3540
734 3546
735 3520
736 3452
737 3482
738 3637
739 3415
740 3447
741 3423
742 3390
743 3392
744 3501
745 3435
746 3339
747 3297
748 3410
749 3354
750 3370
751 3407
752 3462
753 3349
754 3431
755 3315
756 3383
757 3241
758 3309
759 3266
760 3372
761 3263
762 3324
763 3277
764 3353
765 3294
766 3282
767 3283
768 3289
769 3343
770 3206
771 3333
772 3243
773 3303
774 3213
775 3197
776 3149
777 3178
778 3236
779 3116
780 3129
781 3175
782 3126
783 3222
784 3204
785 3186
786 3229
787 3280
788 3149
789 3075
790 3153
791 3145
792 3166
793 3169
794 3106
795 3101
796 3150
797 3088
798 3067
799 3078
800 3168
801 3131
802 3041
803 3076
804 3175
805 2993
806 3059
807 2955
808 3012
809 2953
810 2989
811 3052
812 3028
813 3009
814 2956
815 3023
816 3018
817 2983
818 2992
819 2982
820 3064
821 2942
822 2989
823 2936
824 2987
825 2965
826 2933
827 2958
828 2905
829 2879
830 2888
831 2964
832 2855
833 2864
834 2981
835 2952
836 2806
837 2977
838 2818
839 2931
840 2838
841 2859
842 2953
843 2882
844 2856
845 2859
846 2941
847 2837
848 2879
849 2838
850 2861
851 2814
852 2799
853 2935
854 2839
855 2837
856 2801
857 2902
858 2801
859 2854
860 2854
861 2805
862 2750
863 2790
864 2806
865 2873
866 2766
867 2712
868 2909
869 2773
870 2810
871 2696
872 2841
873 2750
874 2647
875 2743
876 2754
877 2738
878 2769
879 2808
880 2751
881 2757
882 2810
883 2638
884 2695
885 2662
886 2711
887 2628
888 2716
889 2648
890 2693
891 2678
892 2598
893 2637
894 2635
895 2679
896 2754
897 2695
898 2701
899 2631
900 2598
901 2635
902 2643
903 2649
904 2587
905 2560
906 2575
907 2624
908 2554
909 2506
910 2631
911 2495
912 2571
913 2533
914 2463
915 2464
916 2423
917 2534
918 2543
919 2423
920 2453
921 2490
922 2563
923 2531
924 2453
925 2563
926 2429
927 2510
928 2523
929 2557
930 2503
931 2499
932 2468
933 2454
934 2569
935 2508
936 2403
937 2503
938 2555
939 2547
940 2478
941 2427
942 2589
943 2507
944 2452
945 2564
946 2501
947 2490
948 2604
949 2474
950 2379
951 2394
952 2331
953 2419
954 2517
955 2435
956 2353
957 2406
958 2442
959 2473
960 2362
961 2407
962 2344
963 2385
964 2296
965 2315
966 2469
967 2425
968 2353
969 2410
970 2387
971 2403
972 2381
973 2438
974 2436
975 2457
976 2290
977 2488
978 2429
979 2391
980 2359
981 2441
982 2342
983 2491
984 2333
985 2391
986 2356
987 2311
988 2458
989 2396
990 2260
991 2356
992 2329
993 2314
994 2497
995 2358
996 2329
997 2398
998 2386
999 2322
1000 2290
1001 2251
1002 2343
1003 2365
1004 2305
1005 2344
1006 2427
1007 2330
1008 2343
1009 2289
1010 2407
1011 2358
1012 2441
1013 2412
1014 2407
1015 2386
1016 2397
1017 2328
1018 2392
1019 2295
1020 2393
1021 2384
1022 2420
1023 2404
1024 2425
1025 2309
1026 2419
1027 2389
1028 2372
1029 2380
1030 2303
1031 2388
1032 2464
1033 2422
1034 2461
1035 2448
1036 2366
1037 2377
1038 2370
1039 2396
1040 2440
1041 2476
1042 2408
1043 2450
1044 2363
1045 2482
1046 2469
1047 2579
1048 2532
1049 2532
1050 2485
1051 2551
1052 2475
1053 2348
1054 2444
1055 2493
1056 2491
1057 2547
1058 2454
1059 2425
1060 2509
1061 2442
1062 2495
1063 2584
1064 2666
1065 2528
1066 2593
1067 2624
1068 2608
1069 2636
1070 2712
1071 2694
1072 2780
1073 2677
1074 2632
1075 2655
1076 2717
1077 2762
1078 2786
1079 2717
1080 2723
1081 2734
1082 2714
1083 2747
1084 2775
1085 2708
1086 2846
1087 2838
1088 2794
1089 2784
1090 2826
1091 2980
1092 2836
1093 2896
1094 2859
1095 2827
1096 2860
1097 2924
1098 2751
1099 2913
1100 2863
1101 2846
1102 2877
1103 2719
1104 2885
1105 2853
1106 2906
1107 2804
1108 2973
1109 2796
1110 2836
1111 2887
1112 2956
1113 2842
1114 2843
1115 2876
1116 2943
1117 2802
1118 2785
1119 2873
1120 2798
1121 2816
1122 2767
1123 2909
1124 2808
1125 2923
1126 2840
1127 2810
1128 2788
1129 2800
1130 2848
1131 2804
1132 2758
1133 2894
1134 2757
1135 2882
1136 2841
1137 2920
1138 2818
1139 2848
1140 2751
1141 2873
1142 2796
1143 2857
1144 2893
1145 2859
1146 2830
1147 2793
1148 2858
1149 2863
1150 2790
1151 2885
1152 2738
1153 2859
1154 2849
1155 2804
1156 2861
1157 2766
1158 2831
1159 2807
1160 2786
1161 2722
1162 2876
1163 2787
1164 2764
1165 2802
1166 2763
1167 2741
1168 2695
1169 2777
1170 2872
1171 2786
1172 2863
1173 2824
1174 2832
1175 2683
1176 2784
1177 2714
1178 2685
1179 2765
1180 2720
1181 2765
1182 2758
1183 2653
1184 2587
1185 2653
1186 2651
1187 2671
1188 2749
1189 2686
1190 2751
1191 2757
1192 2653
1193 2633
1194 2709
1195 2662
1196 2659
1197 2607
1198 2605
1199 2586
1200 2587
1201 2643
1202 2531
1203 2651
1204 2589
1205 2625
1206 2621
1207 2520
1208 2555
1209 2533
1210 2552
1211 2573
1212 2545
1213 2559
1214 2469
1215 2431
1216 2494
1217 2498
1218 2438
1219 2486
1220 2404
1221 2476
1222 2450
1223 2379
1224 2374
1225 2444
1226 2295
1227 2408
1228 2369
1229 2445
1230 2337
1231 2417
1232 2328
1233 2423
1234 2393
1235 2410
1236 2306
1237 2412
1238 2363
1239 2374
1240 2323
1241 2362
1242 2306
1243 2337
1244 2336
1245 2317
1246 2330
1247 2244
1248 2343
1249 2269
1250 2290
1251 2296
1252 2176
1253 2234
1254 2195
1255 2167
1256 2207
1257 2164
1258 2213
1259 2120
1260 2120
1261 2041
1262 2045
1263 2125
1264 2009
1265 2052
1266 2048
1267 2023
1268 2040
1269 2088
1270 2013
1271 2075
1272 1957
1273 2009
1274 2014
1275 1970
1276 1914
1277 1996
1278 1965
1279 1883
1280 1929
1281 1882
1282 1826
1283 1912
1284 1837
1285 1769
1286 1804
1287 1831
1288 1907
1289 1785
1290 1790
1291 1762
1292 1762
1293 1720
1294 1769
1295 1750
1296 1700
1297 1678
1298 1625
1299 1763
1300 1647
1301 1685
1302 1645
1303 1724
1304 1679
1305 1590
1306 1696
1307 1759
1308 1547
1309 1541
1310 1606
1311 1572
1312 1637
1313 1597
1314 1573
1315 1531
1316 1529
1317 1554
1318 1512
1319 1559
1320 1526
1321 1502
1322 1533
1323 1490
1324 1447
1325 1430
1326 1512
1327 1478
1328 1482
1329 1490
1330 1404
1331 1516
1332 1397
1333 1449
1334 1411
1335 1364
1336 1368
1337 1401
1338 1287
1339 1381
1340 1356
1341 1355
1342 1388
1343 1316
1344 1331
1345 1293
1346 1280
1347 1321
1348 1279
1349 1308
1350 1254
1351 1291
1352 1296
1353 1305
1354 1300
1355 1226
1356 1240
1357 1195
1358 1254
1359 1271
1360 1247
1361 1293
1362 1257
1363 1268
1364 1215
1365 1226
1366 1167
1367 1220
1368 1221
1369 1122
1370 1201
1371 1195
1372 1219
1373 1200
1374 1195
1375 1126
1376 1179
1377 1163
1378 1138
1379 1159
1380 1116
1381 1161
1382 1141
1383 1190
1384 1172
1385 1195
1386 1123
1387 1089
1388 1161
1389 1105
1390 1124
1391 1105
1392 1105
1393 1126
1394 1161
1395 1055
1396 1072
1397 1094
1398 1112
1399 1127
1400 1024
1401 1102
1402 1080
1403 1073
1404 1064
1405 1121
1406 1103
1407 1096
1408 1091
1409 1082
1410 1080
1411 986
1412 1055
1413 1061
1414 1079
1415 1025
1416 1079
1417 1008
1418 1044
1419 1069
1420 997
1421 1013
1422 970
1423 1049
1424 1060
1425 1033
1426 1008
1427 998
1428 1035
1429 1037
1430 1050
1431 964
1432 958
1433 1043
1434 1044
1435 941
1436 993
1437 985
1438 968
1439 991
1440 973
1441 946
1442 1039
1443 959
1444 1014
1445 986
1446 1005
1447 990
1448 957
1449 978
1450 1033
1451 1003
1452 1012
1453 971
1454 992
1455 945
1456 965
1457 959
1458 955
1459 917
1460 997
1461 975
1462 980
1463 939
1464 939
1465 982
1466 915
1467 943
1468 931
1469 934
1470 933
1471 892
1472 913
1473 934
1474 926
1475 902
1476 851
1477 880
1478 933
1479 869
1480 875
1481 932
1482 851
1483 921
1484 892
1485 895
1486 907
1487 868
1488 884
1489 886
1490 850
1491 935
1492 878
1493 911
1494 927
1495 890
1496 950
1497 933
1498 871
1499 907
1500 903
1501 949
1502 907
1503 889
1504 879
1505 859
1506 897
1507 928
1508 897
1509 940
1510 860
1511 1011
1512 885
1513 839
1514 903
1515 866
1516 856
1517 855
1518 831
1519 848
1520 825
1521 843
1522 875
1523 901
1524 859
1525 810
1526 874
1527 824
1528 827
1529 830
1530 843
1531 850
1532 833
1533 856
1534 824
1535 810
1536 894
1537 834
1538 868
1539 859
1540 840
1541 820
1542 859
1543 829
1544 794
1545 833
1546 781
1547 804
1548 837
1549 862
1550 802
1551 814
1552 804
1553 807
1554 847
1555 795
1556 764
1557 806
1558 825
1559 815
1560 786
1561 812
1562 826
1563 832
1564 788
1565 820
1566 793
1567 846
1568 808
1569 774
1570 783
1571 875
1572 832
1573 829
1574 821
1575 812
1576 813
1577 812
1578 816
1579 837
1580 793
1581 831
1582 784
1583 821
1584 865
1585 795
1586 793
1587 763
1588 768
1589 821
1590 828
1591 807
1592 802
1593 804
1594 839
1595 783
1596 789
1597 835
1598 808
1599 776
1600 778
1601 858
1602 803
1603 798
1604 779
1605 832
1606 844
1607 744
1608 806
1609 808
1610 780
1611 777
1612 760
1613 757
1614 788
1615 793
1616 786
1617 729
1618 760
1619 779
1620 787
1621 769
1622 751
1623 753
1624 805
1625 717
1626 782
1627 728
1628 736
1629 718
1630 775
1631 767
1632 715
1633 781
1634 762
1635 716
1636 671
1637 766
1638 740
1639 774
1640 723
1641 730
1642 755
1643 749
1644 788
1645 690
1646 773
1647 691
1648 729
1649 735
1650 768
1651 679
1652 679
1653 740
1654 705
1655 706
1656 716
1657 712
1658 744
1659 719
1660 697
1661 703
1662 711
1663 700
1664 686
1665 713
1666 691
1667 674
1668 685
1669 651
1670 753
1671 710
1672 739
1673 680
1674 715
1675 663
1676 678
1677 720
1678 707
1679 732
1680 696
1681 674
1682 685
1683 631
1684 663
1685 655
1686 750
1687 661
1688 632
1689 699
1690 651
1691 708
1692 671
1693 668
1694 690
1695 696
1696 685
1697 690
1698 667
1699 708
1700 639
1701 616
1702 671
1703 670
1704 664
1705 665
1706 670
1707 666
1708 696
1709 679
1710 710
1711 588
1712 615
1713 733
1714 717
1715 681
1716 676
1717 653
1718 646
1719 686
1720 684
1721 683
1722 733
1723 637
1724 665
1725 664
1726 657
1727 679
1728 690
1729 666
1730 625
1731 639
1732 648
1733 645
1734 622
1735 642
1736 661
1737 627
1738 628
1739 661
1740 622
1741 640
1742 652
1743 684
1744 602
1745 665
1746 641
1747 659
1748 654
1749 681
1750 668
1751 612
1752 673
1753 652
1754 643
1755 634
1756 648
1757 650
1758 595
1759 645
1760 656
1761 645
1762 627
1763 641
1764 619
1765 624
1766 626
1767 640
1768 638
1769 617
1770 603
1771 597
1772 618
1773 648
1774 600
1775 614
1776 633
1777 604
1778 647
1779 633
1780 639
1781 612
1782 623
1783 621
1784 575
1785 618
1786 596
1787 627
1788 655
1789 651
1790 597
1791 633
1792 611
1793 581
1794 666
1795 605
1796 648
1797 647
1798 609
1799 604
1800 634
1801 599
1802 610
1803 644
1804 600
1805 653
1806 618
1807 604
1808 622
1809 588
1810 610
1811 613
1812 622
1813 633
1814 650
1815 611
1816 657
1817 622
1818 593
1819 621
1820 605
1821 629
1822 562
1823 527
1824 559
1825 596
1826 620
1827 563
1828 606
1829 571
1830 598
1831 556
1832 604
1833 591
1834 595
1835 660
1836 571
1837 611
1838 589
1839 622
1840 624
1841 599
1842 581
1843 558
1844 578
1845 597
1846 577
1847 618
1848 579
1849 597
1850 564
1851 600
1852 557
1853 598
1854 586
1855 594
1856 568
1857 556
1858 605
1859 569
1860 589
1861 573
1862 603
1863 572
1864 623
1865 547
1866 580
1867 551
1868 564
1869 578
1870 619
1871 621
1872 543
1873 574
1874 568
1875 573
1876 556
1877 608
1878 577
1879 607
1880 561
1881 588
1882 601
1883 544
1884 591
1885 588
1886 602
1887 576
1888 597
1889 593
1890 608
1891 525
1892 571
1893 586
1894 576
1895 592
1896 559
1897 539
1898 570
1899 612
1900 536
1901 547
1902 544
1903 553
1904 565
1905 556
1906 560
1907 586
1908 556
1909 578
1910 563
1911 545
1912 568
1913 611
1914 527
1915 588
1916 550
1917 555
1918 582
1919 538
1920 571
1921 561
1922 541
1923 499
1924 567
1925 576
1926 541
1927 562
1928 554
1929 547
1930 537
1931 527
1932 513
1933 593
1934 506
1935 539
1936 543
1937 542
1938 547
1939 551
1940 497
1941 527
1942 512
1943 529
1944 553
1945 543
1946 538
1947 536
1948 507
1949 527
1950 568
1951 568
1952 519
1953 543
1954 514
1955 547
1956 601
1957 554
1958 560
1959 586
1960 552
1961 528
1962 505
1963 535
1964 502
1965 570
1966 521
1967 517
1968 543
1969 540
1970 557
1971 582
1972 544
1973 523
1974 536
1975 524
1976 547
1977 543
1978 552
1979 543
1980 526
1981 514
1982 513
1983 488
1984 533
1985 531
1986 536
1987 477
1988 509
1989 535
1990 495
1991 523
1992 529
1993 514
1994 527
1995 509
1996 512
1997 559
1998 524
1999 535
2000 561
2001 500
2002 514
2003 485
2004 523
2005 522
2006 516
2007 492
2008 531
2009 531
2010 541
2011 503
2012 480
2013 499
2014 505
2015 508
2016 519
2017 515
2018 529
2019 510
2020 536
2021 505
2022 487
2023 528
2024 514
2025 525
2026 489
2027 480
2028 516
2029 491
2030 501
2031 500
2032 516
2033 506
2034 516
2035 489
2036 476
2037 545
2038 532
2039 510
2040 539
2041 504
2042 524
2043 476
2044 488
2045 493
2046 505
2047 483
2048 499
2049 477
2050 480
2051 512
2052 531
2053 479
2054 511
2055 525
2056 473
2057 491
2058 471
2059 488
2060 515
2061 502
2062 519
2063 514
2064 479
2065 455
2066 515
2067 491
2068 501
2069 474
2070 497
2071 493
2072 522
2073 482
2074 479
2075 473
2076 481
2077 468
2078 508
2079 486
2080 473
2081 481
2082 499
2083 525
2084 446
2085 475
2086 471
2087 497
2088 454
2089 474
2090 466
2091 451
2092 452
2093 485
2094 478
2095 453
2096 449
2097 491
2098 476
2099 471
2100 474
2101 476
2102 452
2103 476
2104 511
2105 441
2106 485
2107 474
2108 452
2109 416
2110 482
2111 471
2112 458
2113 469
2114 475
2115 489
2116 445
2117 461
2118 474
2119 450
2120 462
2121 429
2122 469
2123 495
2124 495
2125 400
2126 467
2127 490
2128 459
2129 481
2130 488
2131 474
2132 471
2133 465
2134 453
2135 451
2136 477
2137 433
2138 431
2139 464
2140 429
2141 447
2142 439
2143 423
2144 448
2145 444
2146 431
2147 431
2148 470
2149 450
2150 415
2151 474
2152 417
2153 451
2154 441
2155 426
2156 489
2157 470
2158 460
2159 461
2160 459
2161 472
2162 461
2163 454
2164 482
2165 447
2166 457
2167 432
2168 462
2169 457
2170 450
2171 502
2172 446
2173 435
2174 444
2175 484
2176 480
2177 435
2178 490
2179 455
2180 471
2181 447
2182 469
2183 433
2184 457
2185 439
2186 437
2187 456
2188 481
2189 435
2190 501
2191 424
2192 448
2193 405
2194 427
2195 416
2196 477
2197 447
2198 447
2199 459
2200 444
2201 444
2202 480
2203 440
2204 435
2205 443
2206 411
2207 441
2208 418
2209 430
2210 430
2211 440
2212 471
2213 436
2214 431
2215 439
2216 428
2217 427
2218 454
2219 427
2220 473
2221 415
2222 425
2223 449
2224 460
2225 408
2226 438
2227 450
2228 412
2229 430
2230 446
2231 465
2232 448
2233 452
2234 425
2235 408
2236 395
2237 429
2238 412
2239 433
2240 434
2241 400
2242 385
2243 402
2244 429
2245 387
2246 403
2247 407
2248 400
2249 400
2250 425
2251 381
2252 452
2253 393
2254 392
2255 403
2256 363
2257 413
2258 443
2259 437
2260 421
2261 429
2262 396
2263 439
2264 393
2265 399
2266 408
2267 428
2268 342
2269 415
2270 402
2271 397
2272 373
2273 406
2274 360
2275 396
2276 379
2277 395
2278 363
2279 435
2280 406
2281 366
2282 375
2283 353
2284 362
2285 338
2286 357
2287 377
2288 390
2289 398
2290 375
2291 377
2292 385
2293 344
2294 353
2295 389
2296 348
2297 391
2298 364
2299 356
2300 342
2301 367
2302 372
2303 374
2304 374
2305 347
2306 362
2307 349
2308 379
2309 379
2310 383
2311 359
2312 352
2313 381
2314 369
2315 378
2316 351
2317 353
2318 355
2319 392
2320 347
2321 352
2322 346
2323 352
2324 342
2325 399
2326 391
2327 377
2328 367
2329 366
2330 366
2331 359
2332 385
2333 341
2334 340
2335 368
2336 340
2337 368
2338 348
2339 375
2340 348
2341 348
2342 397
2343 380
2344 378
2345 359
2346 357
2347 343
2348 327
2349 352
2350 365
2351 339
2352 338
2353 338
2354 383
2355 328
2356 357
2357 378
2358 330
2359 347
2360 345
2361 383
2362 373
2363 359
2364 368
2365 352
2366 375
2367 369
2368 346
2369 336
2370 351
2371 343
2372 340
2373 385
2374 347
2375 376
2376 357
2377 352
2378 356
2379 356
2380 320
2381 335
2382 350
2383 347
2384 364
2385 363
2386 348
2387 393
2388 329
2389 363
2390 356
2391 335
2392 346
2393 349
2394 336
2395 359
2396 341
2397 313
2398 325
2399 337
2400 354
2401 353
2402 328
2403 342
2404 332
2405 350
2406 352
2407 344
2408 364
2409 316
2410 357
2411 325
2412 337
2413 368
2414 312
2415 351
2416 355
2417 300
2418 312
2419 346
2420 313
2421 318
2422 349
2423 332
2424 332
2425 331
2426 341
2427 335
2428 329
2429 306
2430 374
2431 321
2432 343
2433 292
2434 315
2435 321
2436 347
2437 353
2438 349
2439 344
2440 337
2441 343
2442 349
2443 318
2444 367
2445 318
2446 329
2447 303
2448 341
2449 344
2450 356
2451 340
2452 327
2453 316
2454 346
2455 368
2456 351
2457 343
2458 325
2459 337
2460 303
2461 338
2462 349
2463 325
2464 373
2465 306
2466 298
2467 320
2468 344
2469 336
2470 356
2471 314
2472 341
2473 312
2474 304
2475 348
2476 336
2477 350
2478 329
2479 366
2480 327
2481 340
2482 325
2483 305
2484 306
2485 266
2486 334
2487 315
2488 300
2489 282
2490 325
2491 351
2492 342
2493 296
2494 317
2495 349
2496 315
2497 336
2498 323
2499 350
2500 307
2501 317
2502 303
2503 279
2504 320
2505 316
2506 349
2507 321
2508 300
2509 305
2510 320
2511 320
2512 297
2513 330
2514 316
2515 354
2516 305
2517 330
2518 337
2519 289
2520 312
2521 341
2522 340
2523 303
2524 319
2525 295
2526 318
2527 317
2528 293
2529 332
2530 305
2531 314
2532 312
2533 331
2534 310
2535 323
2536 300
2537 269
2538 321
2539 319
2540 290
2541 298
2542 329
2543 313
2544 276
2545 311
2546 293
2547 297
2548 311
2549 334
2550 297
2551 311
2552 301
2553 268
2554 319
2555 315
2556 335
2557 315
2558 302
2559 293
2560 291
2561 315
2562 303
2563 281
2564 301
2565 299
2566 286
2567 324
2568 324
2569 293
2570 308
2571 291
2572 294
2573 288
2574 312
2575 285
2576 277
2577 308
2578 290
2579 286
2580 332
2581 282
2582 314
2583 287
2584 326
2585 322
2586 279
2587 312
2588 276
2589 285
2590 281
2591 302
2592 274
2593 326
2594 308
2595 241
2596 283
2597 289
2598 265
2599 283
2600 281
2601 284
2602 288
2603 284
2604 265
2605 275
2606 306
2607 295
2608 288
2609 274
2610 306
2611 312
2612 276
2613 294
2614 296
2615 289
2616 295
2617 295
2618 286
2619 271
2620 309
2621 292
2622 287
2623 254
2624 310
2625 299
2626 284
2627 322
2628 267
2629 265
2630 280
2631 275
2632 296
2633 274
2634 328
2635 286
2636 303
2637 288
2638 260
2639 283
2640 288
2641 297
2642 278
2643 289
2644 279
2645 275
2646 276
2647 240
2648 289
2649 289
2650 270
2651 272
2652 254
2653 258
2654 292
2655 245
2656 238
2657 267
2658 258
2659 279
2660 270
2661 291
2662 256
2663 269
2664 263
2665 274
2666 280
2667 275
2668 245
2669 275
2670 302
2671 285
2672 272
2673 273
2674 255
2675 265
2676 253
2677 265
2678 271
2679 273
2680 261
2681 284
2682 252
2683 269
2684 270
2685 255
2686 270
2687 290
2688 256
2689 277
2690 267
2691 250
2692 269
2693 281
2694 272
2695 268
2696 276
2697 243
2698 262
2699 264
2700 254
2701 254
2702 258
2703 303
2704 330
2705 270
2706 236
2707 276
2708 255
2709 295
2710 298
2711 266
2712 300
2713 223
2714 265
2715 250
2716 272
2717 284
2718 255
2719 282
2720 252
2721 260
2722 247
2723 307
2724 281
2725 291
2726 275
2727 309
2728 265
2729 284
2730 248
2731 266
2732 231
2733 256
2734 275
2735 264
2736 269
2737 300
2738 235
2739 255
2740 264
2741 255
2742 290
2743 312
2744 258
2745 272
2746 252
2747 237
2748 263
2749 273
2750 238
2751 200
2752 237
2753 243
2754 265
2755 265
2756 248
2757 300
2758 250
2759 241
2760 279
2761 222
2762 246
2763 254
2764 260
2765 227
2766 263
2767 250
2768 289
2769 246
2770 255
2771 255
2772 267
2773 252
2774 251
2775 279
2776 267
2777 240
2778 246
2779 271
2780 252
2781 272
2782 287
2783 297
2784 243
2785 255
2786 241
2787 243
2788 248
2789 267
2790 254
2791 261
2792 248
2793 221
2794 263
2795 252
2796 244
2797 249
2798 256
2799 250
2800 253
2801 260
2802 281
2803 243
2804 265
2805 261
2806 263
2807 276
2808 263
2809 267
2810 251
2811 253
2812 261
2813 302
2814 272
2815 266
2816 236
2817 240
2818 230
2819 263
2820 255
2821 255
2822 246
2823 262
2824 266
2825 229
2826 241
2827 270
2828 230
2829 251
2830 256
2831 244
2832 247
2833 231
2834 269
2835 242
2836 217
2837 286
2838 235
2839 258
2840 244
2841 245
2842 269
2843 241
2844 241
2845 248
2846 263
2847 250
2848 271
2849 247
2850 219
2851 253
2852 262
2853 258
2854 236
2855 254
2856 249
2857 250
2858 230
2859 224
2860 260
2861 233
2862 269
2863 230
2864 238
2865 264
2866 241
2867 243
2868 225
2869 235
2870 205
2871 239
2872 229
2873 242
2874 249
2875 235
2876 250
2877 278
2878 234
2879 219
2880 241
2881 246
2882 248
2883 225
2884 266
2885 242
2886 223
2887 226
2888 248
2889 238
2890 230
2891 244
2892 249
2893 270
2894 240
2895 234
2896 209
2897 210
2898 245
2899 252
2900 247
2901 230
2902 257
2903 229
2904 238
2905 207
2906 191
2907 232
2908 248
2909 238
2910 247
2911 219
2912 249
2913 237
2914 229
2915 219
2916 212
2917 257
2918 235
2919 224
2920 235
2921 220
2922 227
2923 267
2924 225
2925 253
2926 244
2927 248
2928 242
2929 248
2930 277
2931 239
2932 217
2933 258
2934 214
2935 218
2936 253
2937 216
2938 262
2939 204
2940 213
2941 230
2942 219
2943 219
2944 224
2945 245
2946 261
2947 230
2948 251
2949 221
2950 234
2951 251
2952 228
2953 229
2954 220
2955 224
2956 246
2957 256
2958 243
2959 253
2960 246
2961 220
2962 233
2963 244
2964 226
2965 219
2966 247
2967 193
2968 229
2969 246
2970 190
2971 222
2972 223
2973 233
2974 237
2975 209
2976 240
2977 242
2978 209
2979 220
2980 206
2981 217
2982 210
2983 209
2984 223
2985 239
2986 226
2987 240
2988 217
2989 237
2990 226
2991 214
2992 239
2993 210
2994 187
2995 220
2996 212
2997 229
2998 240
2999 230
3000 193
3001 204
3002 230
3003 235
3004 209
3005 211
3006 217
3007 210
3008 227
3009 242
3010 207
3011 236
3012 224
3013 228
3014 241
3015 226
3016 235
3017 232
3018 200
3019 207
3020 201
3021 219
3022 235
3023 235
3024 236
3025 222
3026 224
3027 212
3028 241
3029 196
3030 194
3031 218
3032 233
3033 224
3034 186
3035 210
3036 203
3037 197
3038 197
3039 207
3040 203
3041 199
3042 199
3043 212
3044 203
3045 246
3046 217
3047 207
3048 231
3049 227
3050 201
3051 192
3052 206
3053 206
3054 217
3055 218
3056 261
3057 226
3058 215
3059 207
3060 244
3061 197
3062 208
3063 194
3064 225
3065 231
3066 206
3067 208
3068 189
3069 210
3070 219
3071 232
3072 180
3073 196
3074 211
3075 200
3076 200
3077 202
3078 226
3079 242
3080 207
3081 217
3082 196
3083 176
3084 222
3085 186
3086 228
3087 207
3088 186
3089 217
3090 214
3091 196
3092 195
3093 183
3094 214
3095 198
3096 198
3097 214
3098 194
3099 221
3100 194
3101 213
3102 198
3103 196
3104 214
3105 193
3106 196
3107 212
3108 182
3109 206
3110 173
3111 253
3112 231
3113 190
3114 217
3115 205
3116 184
3117 189
3118 223
3119 220
3120 203
3121 216
3122 198
3123 200
3124 197
3125 201
3126 184
3127 183
3128 228
3129 177
3130 198
3131 197
3132 178
3133 214
3134 201
3135 190
3136 227
3137 209
3138 215
3139 205
3140 183
3141 189
3142 203
3143 174
3144 193
3145 196
3146 161
3147 182
3148 196
3149 217
3150 225
3151 203
3152 210
3153 186
3154 245
3155 208
3156 178
3157 193
3158 184
3159 218
3160 193
3161 185
3162 211
3163 197
3164 219
3165 189
3166 197
3167 207
3168 195
3169 179
3170 187
3171 198
3172 192
3173 194
3174 196
3175 200
3176 169
3177 205
3178 196
3179 184
3180 196
3181 213
3182 174
3183 192
3184 225
3185 183
3186 192
3187 216
3188 184
3189 181
3190 194
3191 198
3192 207
3193 188
3194 214
3195 209
3196 182
3197 218
3198 208
3199 183
3200 202
3201 189
3202 176
3203 189
3204 197
3205 209
3206 196
3207 205
3208 198
3209 170
3210 200
3211 196
3212 194
3213 176
3214 205
3215 168
3216 169
3217 183
3218 189
3219 182
3220 183
3221 209
3222 188
3223 200
3224 183
3225 169
3226 213
3227 197
3228 180
3229 169
3230 186
3231 173
3232 183
3233 192
3234 184
3235 178
3236 204
3237 201
3238 200
3239 204
3240 207
3241 203
3242 173
3243 185
3244 198
3245 166
3246 190
3247 170
3248 194
3249 176
3250 157
3251 170
3252 195
3253 182
3254 161
3255 192
3256 186
3257 185
3258 196
3259 188
3260 204
3261 209
3262 181
3263 171
3264 183
3265 177
3266 180
3267 187
3268 176
3269 185
3270 181
3271 192
3272 176
3273 181
3274 173
3275 187
3276 149
3277 181
3278 178
3279 162
3280 204
3281 162
3282 175
3283 203
3284 207
3285 174
3286 175
3287 166
3288 184
3289 184
3290 195
3291 193
3292 187
3293 185
3294 184
3295 167
3296 162
3297 187
3298 172
3299 196
3300 183
3301 206
3302 175
3303 182
3304 182
3305 163
3306 160
3307 191
3308 187
3309 182
3310 182
3311 161
3312 202
3313 161
3314 173
3315 179
3316 192
3317 183
3318 188
3319 185
3320 183
3321 179
3322 183
3323 171
3324 181
3325 200
3326 175
3327 180
3328 183
3329 191
3330 192
3331 188
3332 179
3333 169
3334 214
3335 167
3336 190
3337 171
3338 181
3339 203
3340 184
3341 194
3342 156
3343 188
3344 189
3345 171
3346 177
3347 177
3348 191
3349 185
3350 182
3351 176
3352 205
3353 171
3354 155
3355 165
3356 171
3357 187
3358 179
3359 172
3360 188
3361 174
3362 167
3363 164
3364 172
3365 167
3366 177
3367 141
3368 187
3369 191
3370 193
3371 188
3372 174
3373 153
3374 186
3375 190
3376 201
3377 173
3378 137
3379 177
3380 170
3381 174
3382 188
3383 180
3384 148
3385 199
3386 174
3387 178
3388 183
3389 153
3390 160
3391 168
3392 153
3393 194
3394 176
3395 147
3396 160
3397 182
3398 202
3399 205
3400 171
3401 183
3402 161
3403 182
3404 173
3405 201
3406 207
3407 180
3408 167
3409 178
3410 189
3411 183
3412 177
3413 154
3414 185
3415 194
3416 176
3417 188
3418 138
3419 171
3420 156
3421 174
3422 152
3423 169
3424 169
3425 173
3426 161
3427 168
3428 145
3429 175
3430 163
3431 185
3432 177
3433 167
3434 152
3435 182
3436 165
3437 163
3438 184
3439 161
3440 182
3441 168
3442 178
3443 172
3444 181
3445 161
3446 183
3447 165
3448 168
3449 149
3450 158
3451 151
3452 161
3453 184
3454 157
3455 151
3456 190
3457 175
3458 185
3459 191
3460 165
3461 146
3462 168
3463 182
3464 180
3465 176
3466 196
3467 180
3468 177
3469 168
3470 147
3471 175
3472 177
3473 177
3474 151
3475 165
3476 175
3477 174
3478 174
3479 170
3480 171
3481 164
3482 160
3483 159
3484 148
3485 161
3486 157
3487 184
3488 171
3489 152
3490 176
3491 173
3492 176
3493 168
3494 168
3495 174
3496 193
3497 150
3498 166
3499 153
3500 149
3501 159
3502 158
3503 188
3504 163
3505 183
3506 179
3507 152
3508 169
3509 177
3510 186
3511 182
3512 156
3513 149
3514 155
3515 168
3516 152
3517 170
3518 163
3519 167
3520 165
3521 176
3522 187
3523 190
3524 140
3525 164
3526 164
3527 144
3528 160
3529 168
3530 167
3531 166
3532 168
3533 168
3534 155
3535 174
3536 174
3537 155
3538 164
3539 174
3540 146
3541 144
3542 178
3543 168
3544 145
3545 154
3546 175
3547 151
3548 184
3549 161
3550 165
3551 174
3552 166
3553 166
3554 187
3555 155
3556 173
3557 162
3558 146
3559 162
3560 164
3561 162
3562 162
3563 174
3564 168
3565 153
3566 190
3567 171
3568 151
3569 157
3570 161
3571 177
3572 165
3573 156
3574 163
3575 148
3576 167
3577 180
3578 146
3579 136
3580 176
3581 159
3582 157
3583 145
3584 154
3585 133
3586 155
3587 164
3588 156
3589 157
3590 148
3591 161
3592 148
3593 171
3594 176
3595 157
3596 147
3597 146
3598 140
3599 130
3600 144
3601 159
3602 150
3603 166
3604 165
3605 155
3606 155
3607 156
3608 163
3609 171
3610 171
3611 155
3612 154
3613 155
3614 133
3615 160
3616 153
3617 149
3618 150
3619 151
3620 169
3621 155
3622 150
3623 163
3624 143
3625 166
3626 161
3627 133
3628 138
3629 170
3630 173
3631 158
3632 145
3633 158
3634 155
3635 158
3636 154
3637 143
3638 169
3639 155
3640 162
3641 163
3642 165
3643 142
3644 163
3645 148
3646 154
3647 157
3648 154
3649 129
3650 186
3651 141
3652 143
3653 159
3654 161
3655 161
3656 152
3657 148
3658 141
3659 183
3660 139
3661 138
3662 152
3663 175
3664 153
3665 167
3666 125
3667 153
3668 154
3669 150
3670 157
3671 158
3672 158
3673 150
3674 161
3675 135
3676 161
3677 144
3678 139
3679 175
3680 151
3681 155
3682 163
3683 148
3684 145
3685 138
3686 146
3687 152
3688 146
3689 144
3690 172
3691 152
3692 139
3693 156
3694 160
3695 148
3696 163
3697 124
3698 160
3699 150
3700 156
3701 138
3702 156
3703 152
3704 154
3705 157
3706 161
3707 156
3708 148
3709 146
3710 170
3711 158
3712 156
3713 165
3714 148
3715 162
3716 170
3717 156
3718 147
3719 173
3720 145
3721 155
3722 140
3723 133
3724 162
3725 147
3726 176
3727 126
3728 164
3729 156
3730 168
3731 143
3732 151
3733 160
3734 147
3735 136
3736 158
3737 138
3738 156
3739 143
3740 107
3741 166
3742 141
3743 138
3744 129
3745 164
3746 151
3747 150
3748 140
3749 119
3750 141
3751 134
3752 158
3753 162
3754 164
3755 158
3756 154
3757 164
3758 158
3759 149
3760 144
3761 159
3762 180
3763 133
3764 151
3765 160
3766 170
3767 140
3768 143
3769 130
3770 154
3771 163
3772 161
3773 137
3774 174
3775 150
3776 155
3777 168
3778 142
3779 137
3780 146
3781 155
3782 169
3783 154
3784 145
3785 154
3786 138
3787 125
3788 154
3789 155
3790 151
3791 145
3792 144
3793 159
3794 141
3795 146
3796 146
3797 156
3798 149
3799 161
3800 156
3801 136
3802 143
3803 134
3804 142
3805 149
3806 129
3807 161
3808 155
3809 147
3810 136
3811 145
3812 163
3813 148
3814 146
3815 130
3816 144
3817 135
3818 140
3819 164
3820 152
3821 141
3822 149
3823 119
3824 152
3825 143
3826 161
3827 150
3828 112
3829 140
3830 144
3831 147
3832 129
3833 154
3834 135
3835 142
3836 148
3837 129
3838 132
3839 157
3840 142
3841 131
3842 138
3843 157
3844 140
3845 131
3846 136
3847 146
3848 159
3849 140
3850 138
3851 161
3852 143
3853 142
3854 156
3855 146
3856 153
3857 158
3858 151
3859 154
3860 132
3861 162
3862 148
3863 152
3864 128
3865 124
3866 143
3867 163
3868 140
3869 149
3870 135
3871 139
3872 151
3873 140
3874 133
3875 141
3876 137
3877 159
3878 164
3879 146
3880 166
3881 145
3882 161
3883 140
3884 132
3885 162
3886 134
3887 148
3888 139
3889 150
3890 143
3891 130
3892 125
3893 109
3894 138
3895 133
3896 167
3897 139
3898 154
3899 151
3900 131
3901 143
3902 128
3903 149
3904 142
3905 152
3906 120
3907 152
3908 153
3909 145
3910 148
3911 141
3912 152
3913 137
3914 134
3915 142
3916 152
3917 131
3918 145
3919 143
3920 146
3921 112
3922 140
3923 176
3924 167
3925 148
3926 152
3927 162
3928 152
3929 163
3930 160
3931 159
3932 164
3933 144
3934 144
3935 142
3936 130
3937 146
3938 159
3939 153
3940 131
3941 167
3942 165
3943 148
3944 119
3945 125
3946 149
3947 140
3948 140
3949 161
3950 162
3951 134
3952 146
3953 161
3954 148
3955 166
3956 149
3957 152
3958 135
3959 155
3960 149
3961 162
3962 156
3963 137
3964 147
3965 136
3966 157
3967 161
3968 152
3969 135
3970 147
3971 126
3972 150
3973 151
3974 161
3975 141
3976 139
3977 140
3978 147
3979 144
3980 152
3981 154
3982 150
3983 118
3984 159
3985 152
3986 147
3987 159
3988 162
3989 141
3990 154
3991 144
3992 145
3993 162
3994 144
3995 131
3996 163
3997 166
3998 164
3999 145
4000 143
4001 133
4002 148
4003 140
4004 162
4005 166
4006 157
4007 140
4008 138
4009 141
4010 146
4011 160
4012 158
4013 123
4014 154
4015 142
4016 166
4017 158
4018 153
4019 174
4020 144
4021 170
4022 153
4023 162
4024 164
4025 152
4026 168
4027 165
4028 145
4029 157
4030 151
4031 140
4032 146
4033 149
4034 152
4035 166
4036 162
4037 173
4038 145
4039 146
4040 133
4041 164
4042 140
4043 159
4044 181
4045 151
4046 154
4047 163
4048 172
4049 140
4050 157
4051 162
4052 148
4053 147
4054 167
4055 143
4056 174
4057 147
4058 173
4059 162
4060 154
4061 154
4062 164
4063 158
4064 153
4065 155
4066 150
4067 159
4068 145
4069 145
4070 171
4071 180
4072 151
4073 162
4074 162
4075 159
4076 178
4077 149
4078 155
4079 149
4080 152
4081 159
4082 161
4083 170
4084 169
4085 161
4086 173
4087 169
4088 154
4089 174
4090 166
4091 155
4092 174
4093 161
4094 156
4095 156
4096 162
4097 164
4098 171
4099 178
4100 173
4101 158
4102 171
4103 170
4104 172
4105 161
4106 193
4107 170
4108 181
4109 166
4110 173
4111 147
4112 170
4113 185
4114 190
4115 176
4116 161
4117 166
4118 162
4119 173
4120 137
4121 178
4122 170
4123 188
4124 188
4125 194
4126 173
4127 179
4128 167
4129 174
4130 162
4131 170
4132 191
4133 181
4134 171
4135 189
4136 188
4137 163
4138 191
4139 168
4140 175
4141 176
4142 174
4143 167
4144 191
4145 166
4146 188
4147 166
4148 165
4149 202
4150 180
4151 169
4152 171
4153 173
4154 159
4155 192
4156 171
4157 190
4158 191
4159 187
4160 180
4161 178
4162 199
4163 186
4164 164
4165 170
4166 209
4167 180
4168 179
4169 182
4170 177
4171 151
4172 186
4173 180
4174 181
4175 166
4176 188
4177 176
4178 188
4179 180
4180 215
4181 193
4182 183
4183 201
4184 194
4185 212
4186 190
4187 189
4188 198
4189 202
4190 199
4191 184
4192 157
4193 175
4194 190
4195 189
4196 191
4197 190
4198 191
4199 167
4200 182
4201 198
4202 174
4203 184
4204 170
4205 196
4206 189
4207 181
4208 179
4209 173
4210 183
4211 188
4212 203
4213 203
4214 187
4215 196
4216 167
4217 195
4218 195
4219 206
4220 177
4221 174
4222 191
4223 182
4224 193
4225 164
4226 178
4227 195
4228 172
4229 193
4230 170
4231 193
4232 181
4233 165
4234 175
4235 184
4236 178
4237 202
4238 181
4239 190
4240 182
4241 203
4242 192
4243 177
4244 196
4245 190
4246 178
4247 183
4248 211
4249 194
4250 210
4251 181
4252 223
4253 184
4254 203
4255 207
4256 187
4257 172
4258 197
4259 200
4260 193
4261 201
4262 205
4263 211
4264 187
4265 197
4266 188
4267 195
4268 200
4269 194
4270 218
4271 184
4272 174
4273 213
4274 202
4275 184
4276 199
4277 188
4278 205
4279 197
4280 188
4281 212
4282 183
4283 183
4284 210
4285 190
4286 199
4287 173
4288 181
4289 184
4290 190
4291 207
4292 199
4293 199
4294 204
4295 207
4296 206
4297 225
4298 205
4299 193
4300 191
4301 199
4302 188
4303 203
4304 183
4305 186
4306 190
4307 206
4308 191
4309 203
4310 192
4311 211
4312 191
4313 191
4314 195
4315 226
4316 209
4317 196
4318 207
4319 202
4320 218
4321 176
4322 221
4323 189
4324 191
4325 196
4326 182
4327 223
4328 212
4329 209
4330 199
4331 215
4332 164
4333 202
4334 182
4335 228
4336 216
4337 210
4338 197
4339 207
4340 196
4341 216
4342 200
4343 205
4344 201
4345 217
4346 200
4347 177
4348 233
4349 203
4350 189
4351 186
4352 201
4353 211
4354 193
4355 197
4356 226
4357 195
4358 202
4359 198
4360 218
4361 208
4362 221
4363 186
4364 215
4365 220
4366 209
4367 214
4368 228
4369 192
4370 220
4371 223
4372 216
4373 206
4374 226
4375 217
4376 196
4377 226
4378 205
4379 211
4380 187
4381 210
4382 220
4383 186
4384 205
4385 235
4386 237
4387 231
4388 206
4389 205
4390 223
4391 218
4392 214
4393 218
4394 217
4395 233
4396 223
4397 207
4398 202
4399 224
4400 198
4401 232
4402 198
4403 230
4404 219
4405 211
4406 219
4407 199
4408 189
4409 209
4410 215
4411 204
4412 204
4413 218
4414 219
4415 217
4416 203
4417 248
4418 224
4419 216
4420 227
4421 228
4422 195
4423 213
4424 235
4425 229
4426 240
4427 203
4428 227
4429 247
4430 236
4431 230
4432 210
4433 209
4434 224
4435 199
4436 188
4437 223
4438 235
4439 206
4440 235
4441 203
4442 209
4443 198
4444 214
4445 228
4446 215
4447 220
4448 198
4449 228
4450 214
4451 183
4452 227
4453 169
4454 212
4455 207
4456 178
4457 214
4458 247
4459 214
4460 215
4461 212
4462 236
4463 199
4464 208
4465 212
4466 191
4467 219
4468 207
4469 219
4470 211
4471 197
4472 221
4473 238
4474 214
4475 221
4476 217
4477 224
4478 205
4479 254
4480 205
4481 186
4482 201
4483 211
4484 206
4485 218
4486 233
4487 218
4488 211
4489 212
4490 224
4491 214
4492 189
4493 223
4494 236
4495 202
4496 238
4497 187
4498 222
4499 212
4500 231
4501 204
4502 209
4503 212
4504 215
4505 194
4506 211
4507 191
4508 241
4509 241
4510 197
4511 209
4512 233
4513 220
4514 232
4515 229
4516 226
4517 233
4518 218
4519 200
4520 203
4521 217
4522 201
4523 242
4524 214
4525 221
4526 204
4527 214
4528 191
4529 232
4530 212
4531 228
4532 213
4533 203
4534 243
4535 224
4536 215
4537 202
4538 201
4539 221
4540 231
4541 209
4542 203
4543 192
4544 221
4545 234
4546 196
4547 197
4548 231
4549 204
4550 205
4551 183
4552 212
4553 209
4554 239
4555 224
4556 225
4557 198
4558 207
4559 209
4560 191
4561 199
4562 229
4563 215
4564 199
4565 216
4566 224
4567 205
4568 264
4569 218
4570 207
4571 218
4572 225
4573 200
4574 221
4575 206
4576 222
4577 222
4578 226
4579 229
4580 214
4581 214
4582 207
4583 230
4584 227
4585 205
4586 218
4587 217
4588 239
4589 214
4590 221
4591 212
4592 220
4593 223
4594 200
4595 227
4596 208
4597 208
4598 236
4599 235
4600 218
4601 189
4602 216
4603 231
4604 222
4605 218
4606 224
4607 225
4608 204
4609 190
4610 214
4611 242
4612 232
4613 212
4614 201
4615 230
4616 197
4617 201
4618 216
4619 228
4620 239
4621 228
4622 220
4623 210
4624 210
4625 209
4626 214
4627 220
4628 203
4629 239
4630 210
4631 181
4632 223
4633 212
4634 205
4635 196
4636 208
4637 215
4638 183
4639 165
4640 204
4641 216
4642 202
4643 190
4644 187
4645 187
4646 195
4647 199
4648 196
4649 195
4650 228
4651 206
4652 202
4653 192
4654 218
4655 197
4656 184
4657 193
4658 209
4659 206
4660 178
4661 201
4662 199
4663 203
4664 197
4665 191
4666 180
4667 166
4668 187
4669 196
4670 188
4671 194
4672 160
4673 182
4674 193
4675 190
4676 185
4677 177
4678 175
4679 163
4680 170
4681 180
4682 184
4683 203
4684 162
4685 176
4686 175
4687 183
4688 159
4689 180
4690 166
4691 200
4692 183
4693 190
4694 196
4695 175
4696 178
4697 182
4698 177
4699 179
4700 169
4701 171
4702 151
4703 197
4704 188
4705 183
4706 162
4707 183
4708 196
4709 170
4710 160
4711 165
4712 186
4713 170
4714 173
4715 196
4716 176
4717 187
4718 169
4719 177
4720 148
4721 174
4722 184
4723 161
4724 175
4725 153
4726 191
4727 150
4728 173
4729 199
4730 170
4731 164
4732 196
4733 197
4734 189
4735 203
4736 177
4737 167
4738 179
4739 180
4740 182
4741 194
4742 163
4743 183
4744 172
4745 183
4746 171
4747 198
4748 167
4749 175
4750 186
4751 175
4752 173
4753 178
4754 182
4755 193
4756 151
4757 180
4758 178
4759 170
4760 179
4761 166
4762 165
4763 171
4764 177
4765 171
4766 167
4767 184
4768 185
4769 179
4770 145
4771 145
4772 155
4773 170
4774 172
4775 181
4776 177
4777 177
4778 154
4779 182
4780 172
4781 156
4782 134
4783 130
4784 145
4785 159
4786 194
4787 158
4788 159
4789 155
4790 174
4791 156
4792 159
4793 164
4794 144
4795 160
4796 152
4797 147
4798 151
4799 166
4800 163
4801 139
4802 168
4803 141
4804 173
4805 164
4806 137
4807 149
4808 158
4809 164
4810 136
4811 151
4812 154
4813 148
4814 161
4815 166
4816 127
4817 166
4818 155
4819 139
4820 160
4821 152
4822 158
4823 141
4824 135
4825 135
4826 143
4827 145
4828 156
4829 147
4830 153
4831 163
4832 151
4833 138
4834 141
4835 150
4836 128
4837 138
4838 143
4839 137
4840 116
4841 144
4842 142
4843 141
4844 142
4845 164
4846 142
4847 154
4848 131
4849 126
4850 135
4851 142
4852 138
4853 129
4854 134
4855 163
4856 145
4857 126
4858 133
4859 130
4860 121
4861 144
4862 137
4863 134
4864 117
4865 120
4866 140
4867 120
4868 127
4869 137
4870 142
4871 145
4872 130
4873 130
4874 106
4875 131
4876 127
4877 131
4878 127
4879 148
4880 133
4881 119
4882 105
4883 118
4884 115
4885 126
4886 134
4887 111
4888 139
4889 122
4890 118
4891 142
4892 112
4893 124
4894 116
4895 125
4896 124
4897 118
4898 127
4899 130
4900 122
4901 132
4902 137
4903 105
4904 125
4905 140
4906 131
4907 132
4908 141
4909 151
4910 113
4911 134
4912 131
4913 121
4914 130
4915 120
4916 110
4917 115
4918 134
4919 114
4920 130
4921 107
4922 130
4923 123
4924 116
4925 138
4926 120
4927 133
4928 107
4929 108
4930 131
4931 116
4932 132
4933 140
4934 127
4935 118
4936 116
4937 132
4938 117
4939 122
4940 121
4941 114
4942 100
4943 96
4944 115
4945 102
4946 129
4947 131
4948 111
4949 101
4950 112
4951 103
4952 124
4953 106
4954 133
4955 114
4956 127
4957 137
4958 95
4959 113
4960 120
4961 116
4962 97
4963 126
4964 141
4965 103
4966 119
4967 117
4968 117
4969 119
4970 110
4971 135
4972 110
4973 116
4974 101
4975 106
4976 112
4977 122
4978 99
4979 126
4980 110
4981 108
4982 106
4983 104
4984 89
4985 98
4986 96
4987 107
4988 116
4989 132
4990 110
4991 105
4992 104
4993 105
4994 98
4995 109
4996 105
4997 107
4998 102
4999 123
5000 91
5001 107
5002 104
5003 117
5004 102
5005 107
5006 94
5007 99
5008 105
5009 102
5010 93
5011 97
5012 101
5013 99
5014 99
5015 93
5016 88
5017 99
5018 89
5019 103
5020 106
5021 106
5022 76
5023 91
5024 81
5025 115
5026 95
5027 83
5028 120
5029 97
5030 106
5031 106
5032 95
5033 119
5034 96
5035 106
5036 111
5037 90
5038 109
5039 89
5040 89
5041 112
5042 99
5043 111
5044 84
5045 107
5046 114
5047 94
5048 82
5049 89
5050 94
5051 122
5052 105
5053 113
5054 95
5055 103
5056 84
5057 88
5058 103
5059 103
5060 95
5061 105
5062 103
5063 97
5064 88
5065 80
5066 96
5067 81
5068 101
5069 84
5070 87
5071 98
5072 103
5073 100
5074 85
5075 96
5076 82
5077 87
5078 90
5079 104
5080 86
5081 89
5082 89
5083 92
5084 96
5085 104
5086 89
5087 90
5088 96
5089 90
5090 94
5091 84
5092 85
5093 94
5094 94
5095 88
5096 92
5097 89
5098 91
5099 79
5100 85
5101 90
5102 94
5103 80
5104 87
5105 95
5106 77
5107 95
5108 90
5109 81
5110 83
5111 66
5112 77
5113 86
5114 91
5115 91
5116 95
5117 92
5118 84
5119 92
5120 71
5121 75
5122 83
5123 97
5124 78
5125 122
5126 101
5127 77
5128 101
5129 80
5130 93
5131 80
5132 82
5133 81
5134 87
5135 88
5136 81
5137 93
5138 86
5139 86
5140 108
5141 91
5142 97
5143 80
5144 83
5145 68
5146 83
5147 66
5148 83
5149 95
5150 83
5151 82
5152 85
5153 91
5154 70
5155 70
5156 83
5157 83
5158 76
5159 72
5160 76
5161 77
5162 92
5163 87
5164 84
5165 57
5166 86
5167 71
5168 68
5169 91
5170 78
5171 83
5172 90
5173 67
5174 80
5175 61
5176 88
5177 106
5178 78
5179 95
5180 91
5181 84
5182 86
5183 75
5184 85
5185 91
5186 87
5187 71
5188 83
5189 86
5190 82
5191 68
5192 72
5193 84
5194 72
5195 96
5196 89
5197 81
5198 66
5199 75
5200 73
5201 78
5202 78
5203 68
5204 79
5205 49
5206 88
5207 80
5208 85
5209 74
5210 68
5211 76
5212 78
5213 58
5214 77
5215 77
5216 72
5217 80
5218 96
5219 66
5220 58
5221 72
5222 68
5223 73
5224 71
5225 82
5226 63
5227 64
5228 78
5229 73
5230 74
5231 68
5232 82
5233 72
5234 74
5235 86
5236 57
5237 71
5238 75
5239 76
5240 63
5241 76
5242 76
5243 82
5244 71
5245 74
5246 62
5247 68
5248 97
5249 69
5250 73
5251 78
5252 65
5253 84
5254 85
5255 71
5256 70
5257 74
5258 70
5259 74
5260 72
5261 76
5262 83
5263 72
5264 72
5265 77
5266 73
5267 68
5268 79
5269 78
5270 79
5271 67
5272 75
5273 79
5274 74
5275 68
5276 79
5277 76
5278 62
5279 79
5280 71
5281 83
5282 72
5283 55
5284 59
5285 76
5286 68
5287 79
5288 64
5289 64
5290 63
5291 79
5292 67
5293 71
5294 64
5295 56
5296 50
5297 72
5298 56
5299 72
5300 72
5301 74
5302 75
5303 76
5304 70
5305 65
5306 86
5307 71
5308 68
5309 69
5310 75
5311 72
5312 73
5313 65
5314 77
5315 74
5316 77
5317 78
5318 60
5319 66
5320 74
5321 74
5322 75
5323 88
5324 91
5325 82
5326 64
5327 81
5328 85
5329 65
5330 72
5331 73
5332 73
5333 76
5334 85
5335 72
5336 70
5337 79
5338 69
5339 77
5340 61
5341 87
5342 65
5343 76
5344 68
5345 87
5346 74
5347 60
5348 67
5349 65
5350 68
5351 79
5352 69
5353 60
5354 87
5355 63
5356 80
5357 65
5358 78
5359 74
5360 78
5361 70
5362 62
5363 77
5364 72
5365 78
5366 84
5367 74
5368 74
5369 75
5370 68
5371 71
5372 73
5373 81
5374 73
5375 65
5376 62
5377 50
5378 76
5379 73
5380 61
5381 63
5382 60
5383 69
5384 70
5385 79
5386 64
5387 68
5388 75
5389 67
5390 63
5391 75
5392 56
5393 70
5394 64
5395 71
5396 60
5397 83
5398 60
5399 76
5400 78
5401 66
5402 67
5403 66
5404 57
5405 78
5406 72
5407 60
5408 83
5409 67
5410 58
5411 75
5412 67
5413 73
5414 68
5415 63
5416 81
5417 66
5418 61
5419 66
5420 73
5421 65
5422 67
5423 75
5424 76
5425 73
5426 61
5427 67
5428 78
5429 78
5430 71
5431 57
5432 65
5433 73
5434 66
5435 61
5436 60
5437 53
5438 54
5439 66
5440 54
5441 77
5442 60
5443 79
5444 73
5445 62
5446 73
5447 54
5448 65
5449 74
5450 73
5451 73
5452 64
5453 61
5454 61
5455 53
5456 62
5457 67
5458 56
5459 72
5460 64
5461 70
5462 59
5463 64
5464 66
5465 71
5466 69
5467 68
5468 71
5469 73
5470 61
5471 82
5472 59
5473 70
5474 68
5475 65
5476 66
5477 61
5478 76
5479 69
5480 77
5481 70
5482 75
5483 70
5484 70
5485 82
5486 64
5487 67
5488 71
5489 67
5490 68
5491 59
5492 72
5493 67
5494 64
5495 76
5496 95
5497 60
5498 57
5499 72
5500 67
5501 67
5502 77
5503 68
5504 69
5505 76
5506 73
5507 69
5508 87
5509 69
5510 58
5511 58
5512 66
5513 65
5514 74
5515 63
5516 69
5517 71
5518 68
5519 59
5520 76
5521 67
5522 64
5523 70
5524 85
5525 61
5526 76
5527 68
5528 71
5529 62
5530 57
5531 70
5532 69
5533 61
5534 60
5535 79
5536 64
5537 71
5538 70
5539 61
5540 63
5541 64
5542 60
5543 70
5544 64
5545 71
5546 78
5547 76
5548 77
5549 48
5550 64
5551 64
5552 42
5553 79
5554 58
5555 67
5556 70
5557 68
5558 62
5559 61
5560 60
5561 69
5562 69
5563 62
5564 62
5565 57
5566 66
5567 68
5568 71
5569 74
5570 68
5571 67
5572 73
5573 83
5574 50
5575 56
5576 71
5577 80
5578 64
5579 70
5580 62
5581 61
5582 62
5583 70
5584 66
5585 73
5586 84
5587 70
5588 73
5589 71
5590 59
5591 61
5592 84
5593 58
5594 59
5595 81
5596 58
5597 76
5598 90
5599 69
5600 54
5601 67
5602 58
5603 59
5604 79
5605 79
5606 71
5607 64
5608 76
5609 78
5610 85
5611 63
5612 73
5613 80
5614 74
5615 59
5616 54
5617 56
5618 76
5619 72
5620 77
5621 71
5622 70
5623 66
5624 70
5625 54
5626 59
5627 59
5628 76
5629 60
5630 63
5631 69
5632 71
5633 65
5634 63
5635 68
5636 87
5637 66
5638 51
5639 60
5640 62
5641 60
5642 58
5643 62
5644 76
5645 73
5646 55
5647 70
5648 69
5649 70
5650 68
5651 59
5652 69
5653 50
5654 75
5655 58
5656 57
5657 67
5658 55
5659 57
5660 62
5661 66
5662 55
5663 59
5664 47
5665 72
5666 63
5667 67
5668 52
5669 64
5670 62
5671 57
5672 74
5673 65
5674 73
5675 63
5676 64
5677 70
5678 62
5679 71
5680 57
5681 82
5682 79
5683 71
5684 59
5685 73
5686 70
5687 71
5688 65
5689 75
5690 62
5691 61
5692 70
5693 89
5694 67
5695 53
5696 67
5697 73
5698 55
5699 75
5700 66
5701 69
5702 73
5703 56
5704 63
5705 64
5706 64
5707 59
5708 53
5709 56
5710 60
5711 50
5712 69
5713 68
5714 60
5715 62
5716 60
5717 57
5718 79
5719 53
5720 65
5721 57
5722 58
5723 71
5724 63
5725 66
5726 67
5727 70
5728 61
5729 62
5730 62
5731 51
5732 49
5733 63
5734 58
5735 54
5736 68
5737 67
5738 60
5739 51
5740 69
5741 47
5742 67
5743 67
5744 68
5745 59
5746 65
5747 66
5748 51
5749 75
5750 72
5751 56
5752 59
5753 62
5754 59
5755 47
5756 49
5757 71
5758 71
5759 66
5760 63
5761 64
5762 66
5763 67
5764 62
5765 72
5766 53
5767 66
5768 78
5769 62
5770 82
5771 63
5772 71
5773 54
5774 56
5775 61
5776 66
5777 57
5778 65
5779 65
5780 64
5781 64
5782 67
5783 57
5784 65
5785 60
5786 64
5787 71
5788 71
5789 69
5790 63
5791 62
5792 55
5793 60
5794 58
5795 72
5796 69
5797 69
5798 65
5799 61
5800 56
5801 69
5802 59
5803 72
5804 71
5805 67
5806 76
5807 64
5808 69
5809 65
5810 64
5811 62
5812 63
5813 73
5814 68
5815 66
5816 69
5817 58
5818 75
5819 56
5820 57
5821 60
5822 48
5823 61
5824 74
5825 67
5826 70
5827 69
5828 74
5829 58
5830 60
5831 57
5832 69
5833 62
5834 63
5835 51
5836 65
5837 70
5838 59
5839 61
5840 58
5841 61
5842 59
5843 59
5844 54
5845 62
5846 54
5847 45
5848 54
5849 51
5850 69
5851 65
5852 46
5853 69
5854 49
5855 51
5856 64
5857 56
5858 68
5859 58
5860 50
5861 80
5862 54
5863 55
5864 60
5865 48
5866 56
5867 71
5868 65
5869 57
5870 52
5871 54
5872 59
5873 60
5874 59
5875 60
5876 65
5877 69
5878 67
5879 66
5880 68
5881 68
5882 58
5883 61
5884 60
5885 70
5886 55
5887 52
5888 48
5889 57
5890 46
5891 61
5892 50
5893 65
5894 73
5895 63
5896 66
5897 62
5898 54
5899 52
5900 61
5901 70
5902 63
5903 69
5904 64
5905 56
5906 48
5907 47
5908 49
5909 52
5910 54
5911 46
5912 44
5913 59
5914 52
5915 63
5916 61
5917 48
5918 46
5919 69
5920 57
5921 71
5922 61
5923 55
5924 51
5925 60
5926 57
5927 82
5928 65
5929 63
5930 58
5931 53
5932 64
5933 69
5934 51
5935 55
5936 70
5937 57
5938 59
5939 55
5940 58
5941 56
5942 60
5943 56
5944 59
5945 58
5946 54
5947 52
5948 61
5949 46
5950 53
5951 73
5952 58
5953 55
5954 69
5955 65
5956 71
5957 46
5958 53
5959 67
5960 47
5961 47
5962 53
5963 47
5964 65
5965 53
5966 71
5967 46
5968 54
5969 65
5970 57
5971 64
5972 72
5973 53
5974 64
5975 58
5976 69
5977 69
5978 60
5979 56
5980 62
5981 66
5982 64
5983 52
5984 54
5985 50
5986 44
5987 62
5988 62
5989 59
5990 63
5991 64
5992 56
5993 56
5994 53
5995 54
5996 42
5997 50
5998 51
5999 54
6000 59
6001 47
6002 61
6003 58
6004 72
6005 54
6006 52
6007 51
6008 51
6009 65
6010 62
6011 54
6012 43
6013 61
6014 60
6015 53
6016 45
6017 58
6018 57
6019 55
6020 57
6021 65
6022 63
6023 62
6024 61
6025 57
6026 45
6027 58
6028 45
6029 65
6030 61
6031 60
6032 56
6033 44
6034 59
6035 59
6036 46
6037 52
6038 50
6039 36
6040 48
6041 46
6042 70
6043 64
6044 48
6045 58
6046 40
6047 45
6048 40
6049 56
6050 54
6051 68
6052 59
6053 54
6054 57
6055 52
6056 58
6057 45
6058 63
6059 54
6060 57
6061 59
6062 53
6063 49
6064 42
6065 44
6066 49
6067 50
6068 51
6069 57
6070 61
6071 56
6072 42
6073 51
6074 49
6075 45
6076 62
6077 49
6078 59
6079 60
6080 59
6081 47
6082 54
6083 54
6084 55
6085 56
6086 62
6087 43
6088 49
6089 57
6090 57
6091 61
6092 55
6093 51
6094 46
6095 47
6096 57
6097 54
6098 60
6099 61
6100 59
6101 58
6102 66
6103 48
6104 58
6105 45
6106 55
6107 54
6108 51
6109 54
6110 61
6111 50
6112 60
6113 67
6114 67
6115 54
6116 52
6117 55
6118 53
6119 39
6120 48
6121 57
6122 56
6123 52
6124 70
6125 51
6126 64
6127 58
6128 56
6129 54
6130 45
6131 46
6132 53
6133 65
6134 48
6135 52
6136 49
6137 61
6138 56
6139 65
6140 55
6141 50
6142 49
6143 56
6144 43
6145 62
6146 54
6147 36
6148 58
6149 43
6150 54
6151 52
6152 67
6153 53
6154 52
6155 55
6156 57
6157 57
6158 50
6159 61
6160 61
6161 44
6162 52
6163 62
6164 57
6165 50
6166 63
6167 52
6168 46
6169 50
6170 54
6171 61
6172 53
6173 48
6174 59
6175 54
6176 52
6177 50
6178 57
6179 64
6180 59
6181 47
6182 44
6183 45
6184 53
6185 52
6186 51
6187 57
6188 58
6189 56
6190 51
6191 45
6192 46
6193 49
6194 57
6195 42
6196 78
6197 61
6198 55
6199 49
6200 71
6201 49
6202 50
6203 53
6204 55
6205 57
6206 49
6207 65
6208 53
6209 57
6210 49
6211 44
6212 48
6213 61
6214 49
6215 37
6216 39
6217 52
6218 60
6219 51
6220 54
6221 34
6222 57
6223 48
6224 52
6225 48
6226 54
6227 39
6228 63
6229 68
6230 54
6231 50
6232 49
6233 47
6234 50
6235 52
6236 56
6237 56
6238 51
6239 53
6240 59
6241 54
6242 33
6243 51
6244 70
6245 53
6246 50
6247 52
6248 41
6249 58
6250 53
6251 62
6252 52
6253 44
6254 29
6255 50
6256 40
6257 50
6258 45
6259 44
6260 65
6261 47
6262 56
6263 41
6264 50
6265 69
6266 34
6267 42
6268 44
6269 41
6270 60
6271 54
6272 50
6273 50
6274 54
6275 60
6276 54
6277 55
6278 46
6279 49
6280 40
6281 70
6282 53
6283 59
6284 51
6285 53
6286 47
6287 46
6288 47
6289 46
6290 44
6291 49
6292 48
6293 66
6294 47
6295 49
6296 42
6297 59
6298 68
6299 48
6300 46
6301 38
6302 48
6303 36
6304 41
6305 50
6306 50
6307 55
6308 54
6309 53
6310 45
6311 45
6312 50
6313 54
6314 49
6315 36
6316 41
6317 39
6318 65
6319 50
6320 62
6321 42
6322 49
6323 50
6324 36
6325 52
6326 43
6327 48
6328 37
6329 49
6330 46
6331 30
6332 59
6333 51
6334 42
6335 60
6336 56
6337 58
6338 42
6339 38
6340 48
6341 43
6342 49
6343 49
6344 39
6345 46
6346 44
6347 52
6348 43
6349 60
6350 48
6351 53
6352 52
6353 55
6354 46
6355 45
6356 44
6357 53
6358 52
6359 44
6360 56
6361 39
6362 48
6363 50
6364 51
6365 46
6366 55
6367 52
6368 47
6369 63
6370 43
6371 44
6372 55
6373 35
6374 56
6375 49
6376 37
6377 54
6378 47
6379 47
6380 49
6381 44
6382 53
6383 54
6384 47
6385 42
6386 29
6387 59
6388 41
6389 52
6390 48
6391 50
6392 56
6393 49
6394 44
6395 58
6396 38
6397 35
6398 54
6399 36
6400 57
6401 46
6402 33
6403 43
6404 40
6405 41
6406 37
6407 39
6408 45
6409 43
6410 46
6411 41
6412 43
6413 59
6414 39
6415 54
6416 42
6417 39
6418 37
6419 49
6420 48
6421 52
6422 44
6423 41
6424 49
6425 69
6426 35
6427 53
6428 43
6429 49
6430 43
6431 47
6432 41
6433 52
6434 44
6435 41
6436 45
6437 48
6438 49
6439 54
6440 45
6441 41
6442 54
6443 49
6444 46
6445 45
6446 51
6447 55
6448 40
6449 41
6450 36
6451 51
6452 43
6453 58
6454 45
6455 43
6456 49
6457 53
6458 43
6459 43
6460 49
6461 46
6462 48
6463 47
6464 50
6465 60
6466 43
6467 47
6468 38
6469 43
6470 46
6471 38
6472 40
6473 38
6474 48
6475 48
6476 36
6477 51
6478 46
6479 41
6480 39
6481 38
6482 42
6483 46
6484 46
6485 36
6486 47
6487 45
6488 30
6489 57
6490 42
6491 63
6492 32
6493 52
6494 43
6495 53
6496 40
6497 36
6498 28
6499 58
6500 41
6501 44
6502 48
6503 57
6504 51
6505 54
6506 44
6507 43
6508 50
6509 46
6510 39
6511 50
6512 57
6513 59
6514 48
6515 31
6516 45
6517 45
6518 46
6519 49
6520 47
6521 56
6522 42
6523 43
6524 40
6525 51
6526 36
6527 54
6528 51
6529 57
6530 46
6531 40
6532 50
6533 67
6534 37
6535 45
6536 48
6537 56
6538 36
6539 47
6540 38
6541 47
6542 36
6543 48
6544 57
6545 38
6546 36
6547 48
6548 51
6549 38
6550 47
6551 53
6552 46
6553 43
6554 41
6555 43
6556 53
6557 42
6558 37
6559 43
6560 45
6561 53
6562 50
6563 57
6564 37
6565 46
6566 51
6567 32
6568 46
6569 48
6570 44
6571 50
6572 47
6573 50
6574 34
6575 60
6576 37
6577 49
6578 44
6579 44
6580 36
6581 47
6582 48
6583 35
6584 45
6585 48
6586 34
6587 50
6588 49
6589 59
6590 33
6591 45
6592 51
6593 41
6594 37
6595 47
6596 45
6597 43
6598 38
6599 42
6600 38
6601 46
6602 40
6603 43
6604 37
6605 48
6606 39
6607 49
6608 46
6609 35
6610 39
6611 50
6612 44
6613 37
6614 29
6615 54
6616 37
6617 49
6618 39
6619 40
6620 37
6621 38
6622 44
6623 42
6624 45
6625 38
6626 52
6627 41
6628 42
6629 40
6630 42
6631 36
6632 46
6633 42
6634 40
6635 45
6636 39
6637 39
6638 48
6639 43
6640 32
6641 43
6642 44
6643 47
6644 32
6645 37
6646 37
6647 46
6648 48
6649 43
6650 40
6651 43
6652 45
6653 50
6654 36
6655 47
6656 35
6657 35
6658 33
6659 48
6660 44
6661 36
6662 48
6663 33
6664 43
6665 42
6666 33
6667 49
6668 40
6669 37
6670 42
6671 44
6672 33
6673 42
6674 38
6675 32
6676 50
6677 28
6678 47
6679 37
6680 28
6681 34
6682 39
6683 31
6684 46
6685 43
6686 48
6687 57
6688 51
6689 42
6690 48
6691 43
6692 32
6693 41
6694 41
6695 42
6696 36
6697 36
6698 37
6699 38
6700 47
6701 38
6702 40
6703 40
6704 56
6705 41
6706 55
6707 52
6708 41
6709 34
6710 43
6711 60
6712 41
6713 42
6714 33
6715 34
6716 41
6717 39
6718 43
6719 37
6720 49
6721 35
6722 48
6723 33
6724 40
6725 37
6726 47
6727 25
6728 41
6729 45
6730 38
6731 44
6732 43
6733 47
6734 52
6735 58
6736 41
6737 36
6738 34
6739 31
6740 40
6741 47
6742 36
6743 40
6744 33
6745 37
6746 31
6747 50
6748 42
6749 50
6750 46
6751 43
6752 37
6753 38
6754 25
6755 42
6756 30
6757 40
6758 39
6759 36
6760 34
6761 49
6762 37
6763 49
6764 42
6765 47
6766 42
6767 38
6768 56
6769 46
6770 39
6771 46
6772 39
6773 29
6774 43
6775 52
6776 37
6777 44
6778 36
6779 46
6780 46
6781 43
6782 46
6783 43
6784 38
6785 49
6786 43
6787 42
6788 35
6789 43
6790 41
6791 41
6792 28
6793 40
6794 34
6795 47
6796 51
6797 47
6798 45
6799 39
6800 26
6801 42
6802 36
6803 35
6804 34
6805 35
6806 29
6807 38
6808 47
6809 34
6810 27
6811 28
6812 35
6813 31
6814 47
6815 42
6816 40
6817 32
6818 39
6819 35
6820 36
6821 35
6822 44
6823 43
6824 34
6825 42
6826 43
6827 41
6828 38
6829 45
6830 40
6831 40
6832 40
6833 35
6834 37
6835 39
6836 39
6837 39
6838 37
6839 37
6840 36
6841 37
6842 27
6843 30
6844 34
6845 47
6846 34
6847 37
6848 41
6849 58
6850 32
6851 31
6852 40
6853 34
6854 35
6855 33
6856 47
6857 41
6858 37
6859 27
6860 44
6861 42
6862 37
6863 42
6864 34
6865 38
6866 39
6867 40
6868 33
6869 43
6870 42
6871 40
6872 40
6873 46
6874 32
6875 37
6876 38
6877 44
6878 46
6879 36
6880 30
6881 37
6882 50
6883 37
6884 36
6885 56
6886 43
6887 43
6888 32
6889 41
6890 38
6891 38
6892 48
6893 30
6894 36
6895 32
6896 33
6897 40
6898 42
6899 44
6900 35
6901 41
6902 37
6903 33
6904 41
6905 43
6906 39
6907 35
6908 37
6909 31
6910 40
6911 40
6912 40
6913 38
6914 31
6915 44
6916 25
6917 39
6918 39
6919 37
6920 45
6921 38
6922 23
6923 26
6924 39
6925 34
6926 39
6927 41
6928 50
6929 39
6930 37
6931 36
6932 32
6933 35
6934 33
6935 30
6936 36
6937 41
6938 33
6939 27
6940 34
6941 41
6942 45
6943 37
6944 25
6945 35
6946 31
6947 39
6948 37
6949 47
6950 35
6951 30
6952 34
6953 35
6954 39
6955 49
6956 41
6957 42
6958 33
6959 28
6960 35
6961 41
6962 29
6963 35
6964 42
6965 40
6966 36
6967 37
6968 36
6969 40
6970 41
6971 47
6972 38
6973 41
6974 34
6975 45
6976 44
6977 34
6978 47
6979 52
6980 36
6981 32
6982 39
6983 51
6984 25
6985 35
6986 31
6987 38
6988 33
6989 44
6990 30
6991 35
6992 32
6993 36
6994 34
6995 48
6996 45
6997 38
6998 39
6999 41
7000 36
7001 36
7002 40
7003 40
7004 33
7005 30
7006 40
7007 41
7008 31
7009 41
7010 43
7011 43
7012 33
7013 48
7014 38
7015 32
7016 39
7017 36
7018 34
7019 35
7020 45
7021 36
7022 35
7023 46
7024 41
7025 42
7026 28
7027 40
7028 31
7029 29
7030 41
7031 43
7032 43
7033 43
7034 38
7035 45
7036 29
7037 34
7038 42
7039 36
7040 28
7041 23
7042 52
7043 34
7044 25
7045 29
7046 39
7047 56
7048 48
7049 33
7050 43
7051 36
7052 35
7053 37
7054 33
7055 43
7056 31
7057 36
7058 34
7059 41
7060 37
7061 36
7062 47
7063 34
7064 37
7065 43
7066 39
7067 49
7068 43
7069 24
7070 34
7071 38
7072 46
7073 37
7074 38
7075 43
7076 31
7077 39
7078 47
7079 42
7080 39
7081 34
7082 27
7083 37
7084 40
7085 43
7086 22
7087 36
7088 38
7089 36
7090 28
7091 27
7092 38
7093 33
7094 30
7095 40
7096 43
7097 30
7098 34
7099 33
7100 34
7101 32
7102 31
7103 37
7104 44
7105 32
7106 27
7107 45
7108 38
7109 35
7110 29
7111 33
7112 43
7113 27
7114 36
7115 28
7116 39
7117 30
7118 43
7119 39
7120 45
7121 39
7122 31
7123 33
7124 46
7125 43
7126 39
7127 33
7128 52
7129 42
7130 31
7131 29
7132 39
7133 27
7134 41
7135 40
7136 37
7137 35
7138 37
7139 24
7140 34
7141 34
7142 44
7143 27
7144 35
7145 42
7146 32
7147 33
7148 37
7149 35
7150 34
7151 42
7152 34
7153 32
7154 39
7155 33
7156 33
7157 32
7158 36
7159 30
7160 43
7161 47
7162 36
7163 42
7164 34
7165 38
7166 35
7167 32
7168 35
7169 38
7170 48
7171 36
7172 33
7173 35
7174 42
7175 40
7176 40
7177 27
7178 43
7179 37
7180 37
7181 24
7182 40
7183 43
7184 40
7185 38
7186 33
7187 45
7188 43
7189 28
7190 34
7191 33
7192 36
7193 45
7194 34
7195 43
7196 58
7197 30
7198 38
7199 33
7200 25
7201 40
7202 29
7203 39
7204 38
7205 29
7206 35
7207 34
7208 30
7209 32
7210 39
7211 36
7212 53
7213 27
7214 39
7215 31
7216 31
7217 33
7218 35
7219 43
7220 55
7221 27
7222 39
7223 31
7224 39
7225 43
7226 34
7227 31
7228 20
7229 32
7230 35
7231 28
7232 37
7233 38
7234 39
7235 33
7236 32
7237 36
7238 51
7239 35
7240 33
7241 31
7242 32
7243 28
7244 36
7245 41
7246 29
7247 39
7248 31
7249 44
7250 36
7251 33
7252 34
7253 42
7254 47
7255 34
7256 41
7257 42
7258 39
7259 29
7260 30
7261 39
7262 33
7263 36
7264 32
7265 31
7266 31
7267 35
7268 29
7269 41
7270 32
7271 35
7272 33
7273 33
7274 38
7275 42
7276 27
7277 40
7278 31
7279 32
7280 39
7281 42
7282 40
7283 29
7284 32
7285 31
7286 31
7287 36
7288 27
7289 32
7290 43
7291 41
7292 39
7293 33
7294 31
7295 37
7296 47
7297 32
7298 44
7299 40
7300 42
7301 33
7302 44
7303 36
7304 38
7305 42
7306 48
7307 29
7308 37
7309 25
7310 49
7311 29
7312 42
7313 39
7314 30
7315 35
7316 39
7317 43
7318 28
7319 35
7320 31
7321 38
7322 32
7323 24
7324 19
7325 35
7326 33
7327 38
7328 33
7329 33
7330 43
7331 32
7332 39
7333 33
7334 36
7335 34
7336 40
7337 33
7338 55
7339 31
7340 34
7341 32
7342 46
7343 46
7344 36
7345 31
7346 35
7347 36
7348 30
7349 24
7350 33
7351 38
7352 29
7353 37
7354 33
7355 36
7356 34
7357 32
7358 37
7359 27
7360 33
7361 37
7362 27
7363 27
7364 31
7365 34
7366 37
7367 39
7368 39
7369 37
7370 25
7371 32
7372 35
7373 37
7374 28
7375 32
7376 41
7377 37
7378 31
7379 40
7380 44
7381 29
7382 36
7383 36
7384 31
7385 40
7386 28
7387 30
7388 42
7389 42
7390 44
7391 43
7392 33
7393 37
7394 29
7395 29
7396 34
7397 35
7398 42
7399 34
7400 46
7401 31
7402 38
7403 37
7404 33
7405 47
7406 36
7407 43
7408 36
7409 31
7410 33
7411 36
7412 33
7413 33
7414 35
7415 44
7416 43
7417 41
7418 31
7419 31
7420 48
7421 38
7422 35
7423 26
7424 44
7425 30
7426 21
7427 35
7428 41
7429 37
7430 30
7431 34
7432 39
7433 47
7434 48
7435 47
7436 40
7437 30
7438 34
7439 37
7440 41
7441 26
7442 35
7443 35
7444 46
7445 38
7446 46
7447 37
7448 33
7449 26
7450 42
7451 34
7452 36
7453 26
7454 31
7455 30
7456 30
7457 23
7458 29
7459 29
7460 36
7461 35
7462 41
7463 35
7464 24
7465 31
7466 35
7467 40
7468 23
7469 34
7470 33
7471 36
7472 35
7473 40
7474 43
7475 29
7476 49
7477 33
7478 22
7479 31
7480 37
7481 30
7482 34
7483 28
7484 32
7485 33
7486 47
7487 29
7488 42
7489 42
7490 35
7491 23
7492 51
7493 38
7494 34
7495 36
7496 33
7497 36
7498 31
7499 33
7500 36
7501 28
7502 30
7503 32
7504 32
7505 44
7506 40
7507 28
7508 35
7509 36
7510 42
7511 37
7512 37
7513 38
7514 24
7515 35
7516 32
7517 33
7518 34
7519 30
7520 31
7521 35
7522 39
7523 28
7524 30
7525 36
7526 35
7527 32
7528 40
7529 31
7530 42
7531 26
7532 31
7533 24
7534 31
7535 35
7536 34
7537 40
7538 36
7539 34
7540 27
7541 37
7542 44
7543 37
7544 27
7545 40
7546 29
7547 28
7548 33
7549 27
7550 33
7551 38
7552 34
7553 35
7554 33
7555 47
7556 35
7557 36
7558 35
7559 37
7560 30
7561 41
7562 37
7563 27
7564 28
7565 47
7566 27
7567 39
7568 42
7569 36
7570 39
7571 30
7572 36
7573 34
7574 31
7575 38
7576 29
7577 35
7578 23
7579 45
7580 35
7581 28
7582 47
7583 37
7584 29
7585 34
7586 31
7587 32
7588 35
7589 42
7590 44
7591 39
7592 36
7593 29
7594 38
7595 40
7596 40
7597 31
7598 32
7599 34
7600 36
7601 33
7602 35
7603 38
7604 32
7605 39
7606 36
7607 43
7608 27
7609 28
7610 29
7611 33
7612 31
7613 43
7614 39
7615 39
7616 29
7617 31
7618 32
7619 38
7620 39
7621 34
7622 32
7623 25
7624 37
7625 39
7626 37
7627 39
7628 34
7629 32
7630 40
7631 30
7632 46
7633 38
7634 37
7635 32
7636 29
7637 35
7638 28
7639 33
7640 32
7641 47
7642 32
7643 39
7644 37
7645 29
7646 43
7647 30
7648 36
7649 44
7650 30
7651 28
7652 24
7653 47
7654 43
7655 35
7656 39
7657 40
7658 27
7659 35
7660 44
7661 34
7662 33
7663 33
7664 35
7665 31
7666 33
7667 23
7668 43
7669 33
7670 34
7671 44
7672 30
7673 38
7674 41
7675 31
7676 31
7677 33
7678 32
7679 29
7680 40
7681 27
7682 30
7683 33
7684 47
7685 28
7686 37
7687 21
7688 31
7689 40
7690 31
7691 42
7692 27
7693 33
7694 34
7695 33
7696 33
7697 35
7698 34
7699 38
7700 34
7701 37
7702 26
7703 39
7704 37
7705 38
7706 33
7707 31
7708 31
7709 27
7710 35
7711 33
7712 34
7713 34
7714 40
7715 33
7716 32
7717 34
7718 23
7719 32
7720 20
7721 39
7722 33
7723 40
7724 31
7725 27
7726 36
7727 38
7728 43
7729 26
7730 29
7731 43
7732 36
7733 26
7734 35
7735 29
7736 40
7737 26
7738 32
7739 39
7740 21
7741 35
7742 31
7743 32
7744 35
7745 24
7746 29
7747 22
7748 30
7749 26
7750 25
7751 34
7752 39
7753 32
7754 25
7755 27
7756 27
7757 23
7758 39
7759 31
7760 29
7761 29
7762 40
7763 25
7764 34
7765 33
7766 32
7767 33
7768 34
7769 30
7770 30
7771 28
7772 28
7773 38
7774 34
7775 29
7776 33
7777 37
7778 30
7779 44
7780 24
7781 37
7782 32
7783 34
7784 30
7785 36
7786 37
7787 36
7788 31
7789 27
7790 36
7791 32
7792 42
7793 37
7794 32
7795 32
7796 30
7797 34
7798 31
7799 28
7800 33
7801 30
7802 38
7803 33
7804 45
7805 38
7806 38
7807 37
7808 35
7809 32
7810 30
7811 39
7812 41
7813 25
7814 32
7815 30
7816 31
7817 22
7818 35
7819 33
7820 26
7821 39
7822 33
7823 30
7824 48
7825 27
7826 33
7827 33
7828 27
7829 35
7830 38
7831 24
7832 26
7833 30
7834 28
7835 24
7836 27
7837 25
7838 31
7839 26
7840 25
7841 37
7842 41
7843 29
7844 38
7845 28
7846 36
7847 25
7848 34
7849 36
7850 22
7851 34
7852 36
7853 32
7854 36
7855 36
7856 32
7857 35
7858 37
7859 29
7860 32
7861 34
7862 36
7863 27
7864 25
7865 27
7866 34
7867 26
7868 32
7869 37
7870 35
7871 27
7872 26
7873 41
7874 26
7875 39
7876 33
7877 41
7878 31
7879 32
7880 29
7881 24
7882 28
7883 28
7884 43
7885 36
7886 36
7887 33
7888 29
7889 32
7890 30
7891 39
7892 33
7893 34
7894 38
7895 51
7896 37
7897 34
7898 33
7899 26
7900 29
7901 27
7902 36
7903 37
7904 30
7905 32
7906 33
7907 40
7908 34
7909 39
7910 42
7911 32
7912 41
7913 31
7914 28
7915 26
7916 23
7917 27
7918 34
7919 37
7920 25
7921 36
7922 39
7923 46
7924 39
7925 43
7926 34
7927 21
7928 39
7929 41
7930 29
7931 38
7932 34
7933 20
7934 47
7935 28
7936 27
7937 40
7938 38
7939 36
7940 27
7941 34
7942 29
7943 36
7944 36
7945 33
7946 28
7947 27
7948 36
7949 32
7950 36
7951 37
7952 34
7953 33
7954 30
7955 39
7956 30
7957 39
7958 30
7959 43
7960 33
7961 38
7962 40
7963 41
7964 43
7965 32
7966 33
7967 36
7968 32
7969 34
7970 33
7971 31
7972 33
7973 37
7974 43
7975 36
7976 34
7977 27
7978 45
7979 31
7980 35
7981 43
7982 41
7983 35
7984 31
7985 35
7986 34
7987 42
7988 31
7989 39
7990 32
7991 45
7992 33
7993 42
7994 36
7995 30
7996 32
7997 36
7998 33
7999 42
8000 31
8001 33
8002 42
8003 32
8004 42
8005 27
8006 32
8007 29
8008 35
8009 39
8010 42
8011 43
8012 37
8013 33
8014 34
8015 30
8016 33
8017 32
8018 33
8019 28
8020 35
8021 38
8022 42
8023 38
8024 33
8025 37
8026 30
8027 36
8028 41
8029 29
8030 27
8031 37
8032 43
8033 36
8034 32
8035 33
8036 37
8037 29
8038 27
8039 40
8040 32
8041 19
8042 35
8043 47
8044 37
8045 27
8046 35
8047 37
8048 43
8049 41
8050 39
8051 31
8052 40
8053 35
8054 29
8055 23
8056 27
8057 42
8058 44
8059 32
8060 39
8061 37
8062 37
8063 47
8064 36
8065 35
8066 41
8067 34
8068 49
8069 46
8070 36
8071 29
8072 40
8073 40
8074 42
8075 32
8076 28
8077 28
8078 34
8079 25
8080 35
8081 36
8082 27
8083 38
8084 39
8085 37
8086 35
8087 48
8088 37
8089 41
8090 27
8091 41
8092 38
8093 37
8094 30
8095 31
8096 35
8097 48
8098 34
8099 43
8100 38
8101 29
8102 31
8103 33
8104 29
8105 42
8106 45
8107 29
8108 40
8109 27
8110 41
8111 38
8112 30
8113 34
8114 31
8115 38
8116 42
8117 29
8118 33
8119 37
8120 41
8121 32
8122 41
8123 38
8124 46
8125 32
8126 50
8127 46
8128 35
8129 28
8130 35
8131 38
8132 42
8133 36
8134 39
8135 38
8136 35
8137 37
8138 34
8139 25
8140 37
8141 37
8142 39
8143 37
8144 29
8145 38
8146 24
8147 25
8148 27
8149 37
8150 29
8151 42
8152 37
8153 41
8154 32
8155 29
8156 43
8157 40
8158 30
8159 40
8160 36
8161 31
8162 43
8163 32
8164 36
8165 37
8166 29
8167 40
8168 34
8169 40
8170 29
8171 28
8172 30
8173 31
8174 42
8175 27
8176 43
8177 30
8178 35
8179 33
8180 37
8181 27
8182 30
8183 32
8184 31
8185 30
8186 35
8187 31
8188 37
8189 42
8190 41
8191 30
8192 33
8193 36
8194 40
8195 40
8196 41
8197 24
8198 36
8199 32
8200 26
8201 24
8202 41
8203 39
8204 32
8205 35
8206 31
8207 40
8208 40
8209 43
8210 36
8211 37
8212 42
8213 41
8214 28
8215 28
8216 39
8217 49
8218 34
8219 38
8220 38
8221 41
8222 44
8223 39
8224 45
8225 41
8226 36
8227 39
8228 21
8229 36
8230 41
8231 33
8232 30
8233 35
8234 39
8235 32
8236 48
8237 40
8238 44
8239 43
8240 38
8241 37
8242 26
8243 43
8244 39
8245 32
8246 32
8247 32
8248 38
8249 39
8250 46
8251 33
8252 29
8253 55
8254 37
8255 43
8256 44
8257 57
8258 54
8259 32
8260 40
8261 47
8262 44
8263 34
8264 40
8265 43
8266 44
8267 35
8268 40
8269 33
8270 37
8271 40
8272 33
8273 42
8274 50
8275 44
8276 45
8277 60
8278 47
8279 40
8280 36
8281 45
8282 51
8283 46
8284 41
8285 36
8286 36
8287 30
8288 38
8289 30
8290 41
8291 37
8292 42
8293 39
8294 38
8295 38
8296 33
8297 49
8298 44
8299 39
8300 31
8301 39
8302 42
8303 51
8304 30
8305 36
8306 36
8307 35
8308 34
8309 36
8310 38
8311 45
8312 33
8313 32
8314 47
8315 51
8316 29
8317 38
8318 37
8319 33
8320 39
8321 41
8322 46
8323 38
8324 31
8325 34
8326 28
8327 43
8328 39
8329 35
8330 39
8331 42
8332 32
8333 33
8334 46
8335 37
8336 33
8337 44
8338 41
8339 34
8340 38
8341 43
8342 40
8343 33
8344 39
8345 54
8346 42
8347 53
8348 25
8349 34
8350 42
8351 46
8352 30
8353 43
8354 42
8355 38
8356 42
8357 51
8358 47
8359 33
8360 51
8361 44
8362 36
8363 31
8364 44
8365 52
8366 52
8367 35
8368 44
8369 36
8370 53
8371 37
8372 34
8373 52
8374 53
8375 32
8376 55
8377 43
8378 38
8379 44
8380 43
8381 37
8382 38
8383 43
8384 40
8385 48
8386 44
8387 51
8388 48
8389 36
8390 45
8391 44
8392 42
8393 39
8394 45
8395 45
8396 35
8397 50
8398 40
8399 35
8400 45
8401 43
8402 43
8403 43
8404 46
8405 48
8406 45
8407 38
8408 41
8409 32
8410 33
8411 42
8412 30
8413 34
8414 39
8415 31
8416 41
8417 40
8418 43
8419 55
8420 45
8421 37
8422 41
8423 37
8424 36
8425 42
8426 40
8427 37
8428 42
8429 44
8430 44
8431 35
8432 50
8433 44
8434 35
8435 51
8436 41
8437 44
8438 34
8439 41
8440 49
8441 41
8442 48
8443 41
8444 44
8445 36
8446 25
8447 36
8448 51
8449 38
8450 46
8451 43
8452 57
8453 41
8454 35
8455 51
8456 47
8457 43
8458 31
8459 43
8460 34
8461 46
8462 39
8463 52
8464 39
8465 44
8466 35
8467 48
8468 46
8469 49
8470 47
8471 46
8472 49
8473 33
8474 47
8475 44
8476 53
8477 41
8478 41
8479 41
8480 36
8481 40
8482 47
8483 32
8484 45
8485 33
8486 50
8487 39
8488 39
8489 45
8490 58
8491 43
8492 51
8493 38
8494 37
8495 47
8496 39
8497 44
8498 56
8499 43
8500 40
8501 46
8502 36
8503 40
8504 46
8505 37
8506 55
8507 51
8508 46
8509 46
8510 42
8511 52
8512 33
8513 51
8514 41
8515 35
8516 46
8517 38
8518 50
8519 51
8520 39
8521 39
8522 49
8523 44
8524 42
8525 36
8526 35
8527 48
8528 56
8529 48
8530 39
8531 43
8532 40
8533 50
8534 46
8535 41
8536 46
8537 40
8538 47
8539 35
8540 49
8541 44
8542 40
8543 51
8544 51
8545 47
8546 45
8547 34
8548 40
8549 37
8550 53
8551 33
8552 34
8553 28
8554 44
8555 36
8556 51
8557 35
8558 40
8559 52
8560 44
8561 51
8562 45
8563 42
8564 34
8565 45
8566 34
8567 62
8568 49
8569 35
8570 36
8571 34
8572 45
8573 35
8574 42
8575 40
8576 44
8577 45
8578 39
8579 47
8580 38
8581 38
8582 51
8583 58
8584 38
8585 36
8586 38
8587 43
8588 45
8589 47
8590 34
8591 37
8592 57
8593 51
8594 43
8595 37
8596 40
8597 26
8598 21
8599 24
8600 35
8601 49
8602 41
8603 42
8604 41
8605 47
8606 54
8607 29
8608 36
8609 48
8610 37
8611 36
8612 53
8613 29
8614 42
8615 44
8616 55
8617 37
8618 51
8619 57
8620 44
8621 47
8622 45
8623 40
8624 46
8625 32
8626 28
8627 47
8628 39
8629 44
8630 30
8631 45
8632 36
8633 38
8634 34
8635 42
8636 38
8637 43
8638 36
8639 33
8640 45
8641 38
8642 39
8643 36
8644 45
8645 36
8646 44
8647 51
8648 44
8649 36
8650 51
8651 27
8652 39
8653 37
8654 27
8655 42
8656 47
8657 47
8658 46
8659 34
8660 41
8661 43
8662 27
8663 40
8664 49
8665 41
8666 36
8667 37
8668 43
8669 39
8670 41
8671 39
8672 29
8673 39
8674 39
8675 51
8676 27
8677 46
8678 44
8679 36
8680 37
8681 42
8682 39
8683 58
8684 47
8685 46
8686 32
8687 34
8688 39
8689 47
8690 29
8691 49
8692 40
8693 42
8694 44
8695 30
8696 39
8697 38
8698 40
8699 45
8700 30
8701 40
8702 40
8703 29
8704 56
8705 40
8706 43
8707 40
8708 43
8709 40
8710 45
8711 47
8712 41
8713 38
8714 32
8715 42
8716 37
8717 42
8718 40
8719 22
8720 37
8721 35
8722 32
8723 35
8724 34
8725 36
8726 36
8727 44
8728 45
8729 47
8730 33
8731 33
8732 43
8733 43
8734 54
8735 32
8736 36
8737 44
8738 45
8739 28
8740 39
8741 41
8742 41
8743 34
8744 40
8745 31
8746 50
8747 47
8748 32
8749 46
8750 41
8751 32
8752 43
8753 40
8754 47
8755 35
8756 37
8757 33
8758 48
8759 45
8760 40
8761 51
8762 45
8763 50
8764 34
8765 47
8766 41
8767 34
8768 38
8769 42
8770 30
8771 40
8772 40
8773 52
8774 41
8775 44
8776 39
8777 53
8778 32
8779 39
8780 38
8781 51
8782 42
8783 42
8784 58
8785 35
8786 32
8787 38
8788 51
8789 42
8790 43
8791 40
8792 44
8793 35
8794 46
8795 30
8796 47
8797 39
8798 47
8799 38
8800 40
8801 52
8802 33
8803 38
8804 32
8805 32
8806 32
8807 39
8808 43
8809 34
8810 32
8811 34
8812 47
8813 33
8814 40
8815 41
8816 48
8817 42
8818 37
8819 48
8820 48
8821 47
8822 49
8823 41
8824 43
8825 40
8826 49
8827 44
8828 39
8829 44
8830 47
8831 38
8832 38
8833 45
8834 34
8835 42
8836 37
8837 52
8838 41
8839 39
8840 33
8841 52
8842 36
8843 30
8844 45
8845 46
8846 39
8847 31
8848 38
8849 38
8850 41
8851 42
8852 26
8853 39
8854 30
8855 33
8856 35
8857 42
8858 32
8859 27
8860 39
8861 36
8862 42
8863 46
8864 44
8865 34
8866 40
8867 39
8868 40
8869 34
8870 30
8871 37
8872 36
8873 27
8874 25
8875 34
8876 36
8877 41
8878 39
8879 31
8880 31
8881 40
8882 39
8883 27
8884 36
8885 35
8886 32
8887 26
8888 36
8889 48
8890 39
8891 43
8892 35
8893 28
8894 52
8895 28
8896 41
8897 38
8898 30
8899 30
8900 36
8901 41
8902 30
8903 37
8904 40
8905 42
8906 35
8907 27
8908 43
8909 46
8910 37
8911 25
8912 37
8913 33
8914 39
8915 48
8916 37
8917 37
8918 31
8919 38
8920 40
8921 31
8922 41
8923 35
8924 41
8925 43
8926 43
8927 34
8928 38
8929 37
8930 44
8931 33
8932 46
8933 32
8934 34
8935 40
8936 43
8937 38
8938 41
8939 45
8940 48
8941 36
8942 33
8943 40
8944 30
8945 43
8946 24
8947 36
8948 34
8949 30
8950 33
8951 43
8952 33
8953 39
8954 37
8955 24
8956 37
8957 45
8958 35
8959 38
8960 26
8961 40
8962 36
8963 37
8964 45
8965 47
8966 26
8967 34
8968 47
8969 35
8970 39
8971 40
8972 32
8973 41
8974 25
8975 40
8976 37
8977 40
8978 33
8979 31
8980 40
8981 32
8982 37
8983 40
8984 25
8985 41
8986 33
8987 31
8988 29
8989 32
8990 44
8991 40
8992 29
8993 54
8994 34
8995 32
8996 29
8997 44
8998 42
8999 43
9000 36
9001 42
9002 41
9003 36
9004 42
9005 26
9006 26
9007 39
9008 32
9009 23
9010 35
9011 41
9012 39
9013 45
9014 32
9015 32
9016 41
9017 33
9018 44
9019 35
9020 33
9021 52
9022 38
9023 33
9024 36
9025 41
9026 32
9027 47
9028 52
9029 38
9030 32
9031 31
9032 41
9033 35
9034 31
9035 34
9036 37
9037 23
9038 28
9039 23
9040 33
9041 36
9042 37
9043 33
9044 36
9045 23
9046 41
9047 38
9048 33
9049 41
9050 26
9051 32
9052 36
9053 30
9054 33
9055 37
9056 31
9057 26
9058 28
9059 35
9060 26
9061 32
9062 30
9063 35
9064 45
9065 26
9066 38
9067 46
9068 32
9069 29
9070 40
9071 26
9072 34
9073 35
9074 38
9075 32
9076 36
9077 35
9078 38
9079 26
9080 43
9081 24
9082 30
9083 28
9084 40
9085 30
9086 31
9087 28
9088 34
9089 38
9090 34
9091 37
9092 32
9093 40
9094 29
9095 38
9096 32
9097 37
9098 42
9099 35
9100 47
9101 29
9102 41
9103 38
9104 36
9105 31
9106 31
9107 41
9108 42
9109 30
9110 36
9111 41
9112 35
9113 37
9114 27
9115 24
9116 44
9117 28
9118 38
9119 18
9120 36
9121 29
9122 31
9123 25
9124 31
9125 31
9126 36
9127 29
9128 30
9129 27
9130 35
9131 32
9132 32
9133 30
9134 25
9135 32
9136 33
9137 24
9138 26
9139 24
9140 43
9141 17
9142 22
9143 37
9144 36
9145 26
9146 27
9147 29
9148 28
9149 35
9150 26
9151 22
9152 32
9153 27
9154 28
9155 29
9156 29
9157 28
9158 29
9159 31
9160 27
9161 31
9162 35
9163 24
9164 27
9165 40
9166 31
9167 39
9168 28
9169 21
9170 30
9171 27
9172 24
9173 35
9174 36
9175 31
9176 32
9177 42
9178 21
9179 29
9180 29
9181 41
9182 31
9183 33
9184 27
9185 30
9186 33
9187 24
9188 18
9189 36
9190 32
9191 31
9192 32
9193 29
9194 32
9195 29
9196 29
9197 28
9198 32
9199 24
9200 38
9201 36
9202 33
9203 20
9204 29
9205 32
9206 32
9207 34
9208 36
9209 27
9210 30
9211 31
9212 29
9213 21
9214 31
9215 31
9216 31
9217 27
9218 24
9219 27
9220 24
9221 24
9222 27
9223 29
9224 28
9225 34
9226 27
9227 35
9228 26
9229 32
9230 32
9231 21
9232 31
9233 30
9234 27
9235 19
9236 48
9237 30
9238 33
9239 30
9240 40
9241 31
9242 37
9243 32
9244 24
9245 34
9246 33
9247 30
9248 24
9249 27
9250 38
9251 36
9252 29
9253 29
9254 25
9255 31
9256 27
9257 27
9258 32
9259 29
9260 28
9261 38
9262 20
9263 29
9264 28
9265 31
9266 37
9267 18
9268 25
9269 33
9270 31
9271 23
9272 29
9273 29
9274 26
9275 32
9276 33
9277 23
9278 36
9279 37
9280 28
9281 29
9282 24
9283 27
9284 31
9285 22
9286 19
9287 33
9288 35
9289 17
9290 36
9291 36
9292 34
9293 20
9294 31
9295 27
9296 27
9297 38
9298 28
9299 27
9300 25
9301 26
9302 29
9303 28
9304 25
9305 22
9306 36
9307 24
9308 32
9309 22
9310 31
9311 33
9312 20
9313 21
9314 33
9315 19
9316 31
9317 27
9318 17
9319 31
9320 24
9321 34
9322 29
9323 32
9324 28
9325 27
9326 28
9327 24
9328 26
9329 18
9330 21
9331 29
9332 29
9333 38
9334 26
9335 37
9336 30
9337 25
9338 20
9339 27
9340 33
9341 23
9342 22
9343 30
9344 25
9345 27
9346 27
9347 18
9348 32
9349 34
9350 30
9351 24
9352 32
9353 32
9354 34
9355 19
9356 24
9357 25
9358 24
9359 20
9360 30
9361 33
9362 15
9363 25
9364 27
9365 29
9366 18
9367 33
9368 28
9369 27
9370 28
9371 32
9372 33
9373 24
9374 19
9375 25
9376 21
9377 25
9378 29
9379 20
9380 27
9381 18
9382 19
9383 26
9384 19
9385 24
9386 23
9387 23
9388 16
9389 28
9390 29
9391 27
9392 17
9393 27
9394 21
9395 36
9396 38
9397 20
9398 25
9399 34
9400 28
9401 26
9402 25
9403 19
9404 29
9405 23
9406 30
9407 16
9408 31
9409 18
9410 30
9411 20
9412 25
9413 18
9414 29
9415 23
9416 31
9417 27
9418 31
9419 17
9420 24
9421 32
9422 29
9423 27
9424 29
9425 21
9426 22
9427 30
9428 29
9429 37
9430 25
9431 20
9432 33
9433 29
9434 29
9435 34
9436 31
9437 34
9438 29
9439 27
9440 23
9441 31
9442 22
9443 27
9444 25
9445 29
9446 31
9447 25
9448 31
9449 25
9450 21
9451 26
9452 31
9453 27
9454 19
9455 26
9456 31
9457 25
9458 24
9459 31
9460 27
9461 18
9462 26
9463 36
9464 24
9465 34
9466 25
9467 20
9468 21
9469 27
9470 21
9471 18
9472 31
9473 27
9474 24
9475 22
9476 33
9477 23
9478 28
9479 26
9480 26
9481 21
9482 21
9483 24
9484 28
9485 25
9486 20
9487 23
9488 26
9489 28
9490 17
9491 25
9492 23
9493 20
9494 29
9495 35
9496 28
9497 24
9498 18
9499 19
9500 33
9501 28
9502 20
9503 29
9504 25
9505 32
9506 23
9507 18
9508 22
9509 33
9510 25
9511 26
9512 33
9513 21
9514 22
9515 23
9516 14
9517 24
9518 20
9519 18
9520 24
9521 28
9522 29
9523 26
9524 32
9525 26
9526 18
9527 26
9528 30
9529 30
9530 23
9531 31
9532 18
9533 30
9534 24
9535 27
9536 25
9537 27
9538 31
9539 24
9540 29
9541 29
9542 35
9543 22
9544 28
9545 26
9546 21
9547 25
9548 29
9549 28
9550 18
9551 21
9552 22
9553 31
9554 12
9555 29
9556 25
9557 16
9558 15
9559 30
9560 28
9561 19
9562 14
9563 20
9564 26
9565 25
9566 27
9567 16
9568 28
9569 14
9570 23
9571 20
9572 24
9573 27
9574 18
9575 17
9576 27
9577 19
9578 24
9579 13
9580 27
9581 18
9582 28
9583 25
9584 25
9585 22
9586 23
9587 19
9588 26
9589 11
9590 25
9591 24
9592 15
9593 19
9594 27
9595 30
9596 20
9597 21
9598 16
9599 30
9600 27
9601 16
9602 28
9603 28
9604 25
9605 24
9606 27
9607 25
9608 20
9609 22
9610 16
9611 27
9612 27
9613 27
9614 15
9615 21
9616 26
9617 20
9618 21
9619 24
9620 24
9621 16
9622 20
9623 18
9624 26
9625 23
9626 31
9627 28
9628 19
9629 27
9630 25
9631 25
9632 23
9633 21
9634 19
9635 22
9636 30
9637 19
9638 23
9639 28
9640 22
9641 15
9642 22
9643 23
9644 16
9645 28
9646 24
9647 28
9648 19
9649 26
9650 20
9651 29
9652 19
9653 18
9654 30
9655 23
9656 13
9657 23
9658 25
9659 22
9660 14
9661 21
9662 19
9663 18
9664 13
9665 24
9666 21
9667 17
9668 22
9669 24
9670 28
9671 29
9672 27
9673 22
9674 25
9675 17
9676 20
9677 21
9678 19
9679 25
9680 21
9681 17
9682 24
9683 26
9684 15
9685 20
9686 14
9687 22
9688 17
9689 27
9690 19
9691 23
9692 21
9693 20
9694 18
9695 26
9696 20
9697 20
9698 21
9699 30
9700 15
9701 19
9702 19
9703 25
9704 21
9705 20
9706 24
9707 16
9708 24
9709 19
9710 18
9711 21
9712 22
9713 30
9714 30
9715 23
9716 22
9717 20
9718 28
9719 21
9720 27
9721 22
9722 19
9723 23
9724 14
9725 24
9726 20
9727 21
9728 18
9729 18
9730 12
9731 25
9732 12
9733 26
9734 13
9735 24
9736 22
9737 15
9738 28
9739 18
9740 20
9741 23
9742 27
9743 22
9744 20
9745 25
9746 22
9747 25
9748 25
9749 22
9750 21
9751 17
9752 27
9753 21
9754 27
9755 22
9756 24
9757 14
9758 23
9759 13
9760 18
9761 16
9762 19
9763 20
9764 27
9765 22
9766 24
9767 22
9768 19
9769 22
9770 26
9771 23
9772 29
9773 24
9774 15
9775 14
9776 20
9777 19
9778 18
9779 33
9780 23
9781 8
9782 28
9783 20
9784 22
9785 17
9786 24
9787 22
9788 23
9789 14
9790 13
9791 17
9792 23
9793 16
9794 16
9795 19
9796 23
9797 20
9798 20
9799 14
9800 21
9801 14
9802 30
9803 14
9804 18
9805 25
9806 20
9807 18
9808 18
9809 23
9810 24
9811 27
9812 23
9813 22
9814 25
9815 26
9816 20
9817 17
9818 23
9819 11
9820 28
9821 17
9822 20
9823 23
9824 24
9825 20
9826 21
9827 25
9828 23
9829 14
9830 25
9831 18
9832 18
9833 24
9834 23
9835 24
9836 24
9837 16
9838 22
9839 31
9840 23
9841 17
9842 23
9843 23
9844 18
9845 10
9846 20
9847 22
9848 23
9849 18
9850 24
9851 28
9852 16
9853 17
9854 17
9855 19
9856 19
9857 28
9858 21
9859 21
9860 21
9861 17
9862 18
9863 21
9864 14
9865 24
9866 19
9867 17
9868 16
9869 17
9870 19
9871 20
9872 20
9873 30
9874 15
9875 21
9876 25
9877 29
9878 40
9879 17
9880 25
9881 16
9882 15
9883 23
9884 20
9885 19
9886 23
9887 25
9888 21
9889 14
9890 16
9891 23
9892 25
9893 25
9894 18
9895 22
9896 21
9897 27
9898 28
9899 20
9900 20
9901 14
9902 25
9903 21
9904 17
9905 23
9906 23
9907 24
9908 33
9909 22
9910 23
9911 21
9912 16
9913 23
9914 21
9915 18
9916 23
9917 23
9918 23
9919 23
9920 19
9921 22
9922 24
9923 27
9924 23
9925 35
9926 18
9927 20
9928 12
9929 24
9930 29
9931 24
9932 24
9933 19
9934 26
9935 16
9936 20
9937 13
9938 17
9939 22
9940 21
9941 16
9942 19
9943 20
9944 19
9945 24
9946 14
9947 19
9948 17
9949 30
9950 23
9951 29
9952 29
9953 24
9954 21
9955 26
9956 23
9957 16
9958 16
9959 19
9960 22
9961 15
9962 29
9963 20
9964 24
9965 14
9966 24
9967 20
9968 17
9969 21
9970 18
9971 19
9972 18
9973 21
9974 12
9975 20
9976 24
9977 16
9978 16
9979 20
9980 27
9981 23
9982 24
9983 9
9984 26
9985 15
9986 17
9987 23
9988 21
9989 19
9990 16
9991 21
9992 19
9993 29
9994 11
9995 17
9996 16
9997 21
9998 20
9999 22
10000 15
10001 190457
