# Title:27-mer spectra for: 63
# XLabel:27-mer frequency
# YLabel:# distinct 27-mers
# Kmer value:27
# Input 1:<pipe>
###
1 2340628845
2 228275749
3 69115985
4 31333159
5 17233556
6 11248502
7 8303883
8 6782880
9 5940119
10 5404648
11 4931324
12 4456573
13 3939077
14 3438506
15 3000441
16 2669543
17 2484933
18 2491232
19 2709265
20 3148629
21 3810069
22 4697283
23 5784697
24 7041594
25 8432612
26 9885765
27 11345874
28 12734469
29 13973298
30 14979764
31 15721431
32 16153612
33 16259896
34 16024420
35 15514527
36 14744386
37 13729066
38 12571721
39 11331891
40 10057660
41 8769544
42 7560865
43 6421971
44 5406106
45 4506277
46 3737426
47 3089805
48 2568000
49 2160680
50 1851605
51 1628341
52 1485977
53 1401826
54 1369436
55 1374231
56 1414634
57 1471048
58 1547047
59 1632305
60 1717880
61 1804581
62 1883130
63 1946131
64 2001286
65 2037331
66 2059549
67 2067110
68 2061966
69 2028586
70 1986142
71 1928216
72 1860265
73 1776776
74 1686937
75 1589205
76 1489100
77 1385684
78 1289526
79 1188183
80 1089214
81 999549
82 911201
83 829043
84 756784
85 692017
86 632161
87 581983
88 537003
89 500956
90 471316
91 444067
92 421981
93 403304
94 388263
95 375674
96 365423
97 357712
98 350155
99 344707
100 339013
101 333116
102 329500
103 324440
104 318947
105 311724
106 305487
107 298420
108 290517
109 284238
110 276406
111 267734
112 259230
113 251312
114 243422
115 236504
116 229448
117 222760
118 217129
119 211151
120 205021
121 200228
122 195698
123 190662
124 186469
125 182989
126 180111
127 178444
128 174074
129 171047
130 168859
131 167427
132 165951
133 164320
134 161290
135 160275
136 158008
137 156278
138 153990
139 153337
140 151017
141 147888
142 145378
143 143254
144 140198
145 138788
146 136457
147 133303
148 131783
149 128271
150 126048
151 123218
152 120834
153 118767
154 116170
155 114186
156 113191
157 109971
158 107963
159 105788
160 104330
161 102733
162 101249
163 98925
164 97991
165 96161
166 94945
167 92992
168 92944
169 91432
170 89841
171 88322
172 87721
173 86519
174 85163
175 84202
176 83325
177 82637
178 81291
179 81096
180 79214
181 78306
182 77685
183 76612
184 75601
185 74955
186 73958
187 73088
188 72013
189 71267
190 70290
191 69579
192 68723
193 68037
194 67004
195 66130
196 65044
197 64760
198 63583
199 63114
200 61927
201 61829
202 60274
203 59532
204 59447
205 59220
206 58762
207 58269
208 56971
209 56015
210 55753
211 55458
212 54485
213 54002
214 53681
215 53191
216 52744
217 52380
218 51713
219 51118
220 50218
221 49219
222 48846
223 48633
224 48149
225 47669
226 47154
227 46485
228 46121
229 45434
230 45257
231 44883
232 44053
233 44059
234 43398
235 43169
236 42748
237 42559
238 41672
239 41358
240 40707
241 40530
242 40207
243 40139
244 39430
245 39044
246 39015
247 38862
248 38582
249 38006
250 37595
251 37247
252 37111
253 37053
254 36287
255 36322
256 35906
257 35961
258 35799
259 35328
260 35334
261 34779
262 34198
263 34441
264 33600
265 33592
266 33031
267 32771
268 32393
269 31781
270 31701
271 31124
272 31270
273 30987
274 30839
275 30194
276 30093
277 29430
278 30170
279 29507
280 29123
281 28808
282 28665
283 28266
284 28334
285 28439
286 27861
287 27858
288 27459
289 27343
290 27063
291 27309
292 26705
293 26704
294 26126
295 25878
296 25804
297 25937
298 25601
299 25479
300 25205
301 25038
302 24785
303 24679
304 24438
305 24202
306 24210
307 23915
308 23884
309 23530
310 23166
311 23182
312 22903
313 22600
314 22705
315 22612
316 22361
317 21986
318 22149
319 22171
320 21984
321 21557
322 21467
323 21210
324 21225
325 21024
326 20760
327 20814
328 20778
329 20682
330 20236
331 20474
332 20111
333 20024
334 20028
335 19708
336 19726
337 19574
338 19303
339 19239
340 19158
341 19095
342 18869
343 18823
344 18432
345 18750
346 18366
347 18345
348 18059
349 18087
350 17926
351 17682
352 17636
353 17551
354 17471
355 17411
356 17515
357 17189
358 16831
359 17043
360 16837
361 17016
362 16451
363 16801
364 16611
365 16574
366 16419
367 16281
368 16102
369 16057
370 15898
371 15520
372 15561
373 15526
374 15432
375 15518
376 15301
377 15168
378 15131
379 14724
380 14833
381 14831
382 14611
383 14739
384 14420
385 14410
386 14343
387 14340
388 14374
389 14152
390 14277
391 14297
392 14042
393 13923
394 13774
395 13695
396 13579
397 13615
398 13675
399 13590
400 13160
401 13245
402 13417
403 13225
404 13010
405 12883
406 13071
407 12958
408 12932
409 12744
410 12604
411 12641
412 12469
413 12306
414 12473
415 12512
416 12387
417 12333
418 12320
419 11924
420 12214
421 11818
422 11993
423 11860
424 12016
425 11738
426 11685
427 11452
428 11675
429 11489
430 11622
431 11273
432 11492
433 11479
434 11424
435 11267
436 11329
437 10866
438 11062
439 11241
440 10955
441 10819
442 10721
443 10821
444 10964
445 10581
446 10727
447 10535
448 10412
449 10634
450 10334
451 10535
452 10215
453 10255
454 10191
455 10207
456 10292
457 10028
458 10031
459 9907
460 9894
461 9940
462 9991
463 9869
464 9924
465 10024
466 9779
467 9959
468 9678
469 9681
470 9678
471 9602
472 9719
473 9780
474 9697
475 9555
476 9569
477 9531
478 9508
479 9397
480 9241
481 9650
482 9423
483 9417
484 9379
485 9360
486 9306
487 9277
488 9298
489 9332
490 9282
491 9537
492 9278
493 9092
494 9190
495 9406
496 9168
497 9134
498 9159
499 8947
500 9068
501 8920
502 8966
503 8996
504 8932
505 8965
506 8843
507 8809
508 8729
509 8728
510 8710
511 8677
512 8636
513 8692
514 8720
515 8513
516 8403
517 8513
518 8476
519 8499
520 8495
521 8351
522 8336
523 8168
524 8290
525 8293
526 8353
527 8315
528 8140
529 8165
530 8088
531 8030
532 7971
533 7986
534 7842
535 7897
536 7790
537 7739
538 7711
539 7691
540 7842
541 7626
542 7725
543 7511
544 7588
545 7461
546 7446
547 7457
548 7376
549 7470
550 7488
551 7321
552 7172
553 7190
554 7293
555 7184
556 7192
557 7065
558 7140
559 7125
560 6825
561 6994
562 6770
563 6942
564 6787
565 6751
566 6782
567 6857
568 6883
569 6661
570 6709
571 6622
572 6631
573 6672
574 6505
575 6356
576 6366
577 6265
578 6342
579 6260
580 6213
581 6179
582 6212
583 6164
584 6220
585 6044
586 6234
587 6040
588 6138
589 6178
590 6023
591 6038
592 6039
593 5950
594 5996
595 5884
596 5952
597 5962
598 5836
599 5860
600 5853
601 5860
602 5734
603 5615
604 5704
605 5538
606 5597
607 5846
608 5587
609 5617
610 5568
611 5509
612 5492
613 5680
614 5485
615 5546
616 5483
617 5649
618 5364
619 5527
620 5324
621 5380
622 5233
623 5463
624 5427
625 5303
626 5250
627 5270
628 5310
629 5160
630 5125
631 5249
632 5205
633 5233
634 5146
635 5054
636 5050
637 5142
638 5078
639 5089
640 5018
641 4891
642 5009
643 5022
644 4815
645 4954
646 4839
647 4964
648 5007
649 4873
650 4971
651 4944
652 4941
653 4814
654 4900
655 4875
656 4875
657 4900
658 4899
659 4838
660 4723
661 4758
662 4752
663 4885
664 4617
665 4653
666 4686
667 4679
668 4740
669 4641
670 4617
671 4726
672 4493
673 4560
674 4659
675 4433
676 4580
677 4639
678 4634
679 4588
680 4539
681 4528
682 4460
683 4491
684 4452
685 4456
686 4541
687 4347
688 4467
689 4265
690 4445
691 4352
692 4435
693 4296
694 4357
695 4192
696 4292
697 4241
698 4384
699 4201
700 4274
701 4202
702 4202
703 4162
704 4143
705 4149
706 4081
707 4101
708 4168
709 4039
710 4171
711 4131
712 4147
713 4060
714 4034
715 4068
716 3964
717 3941
718 4023
719 3973
720 4098
721 3884
722 3945
723 3856
724 3898
725 4103
726 3919
727 3731
728 3825
729 3918
730 3869
731 3975
732 3731
733 3935
734 3778
735 3804
736 3701
737 3776
738 3862
739 3892
740 3851
741 3847
742 3677
743 3749
744 3731
745 3803
746 3716
747 3844
748 3710
749 3699
750 3652
751 3655
752 3580
753 3577
754 3553
755 3661
756 3555
757 3581
758 3609
759 3481
760 3508
761 3535
762 3458
763 3485
764 3431
765 3542
766 3565
767 3497
768 3478
769 3504
770 3530
771 3446
772 3365
773 3316
774 3420
775 3377
776 3444
777 3299
778 3437
779 3393
780 3484
781 3377
782 3353
783 3313
784 3266
785 3311
786 3315
787 3284
788 3284
789 3253
790 3252
791 3255
792 3201
793 3261
794 3302
795 3192
796 3202
797 3236
798 3197
799 3171
800 3221
801 3242
802 3173
803 3201
804 3179
805 3147
806 3226
807 3141
808 3104
809 3227
810 3272
811 3180
812 3131
813 3082
814 3207
815 3152
816 3069
817 3175
818 3013
819 3091
820 3096
821 3146
822 3048
823 3024
824 2964
825 3101
826 3048
827 3079
828 3022
829 3058
830 2953
831 2973
832 2880
833 2935
834 2949
835 2920
836 2876
837 2948
838 2970
839 2896
840 2813
841 2890
842 2876
843 2912
844 2931
845 2819
846 2810
847 2903
848 2794
849 2874
850 2798
851 2869
852 2823
853 2964
854 2895
855 2852
856 2805
857 2829
858 2955
859 2778
860 2885
861 2819
862 2768
863 2788
864 2785
865 2786
866 2834
867 2733
868 2745
869 2678
870 2700
871 2688
872 2673
873 2665
874 2601
875 2651
876 2665
877 2595
878 2649
879 2584
880 2604
881 2650
882 2606
883 2621
884 2662
885 2648
886 2639
887 2624
888 2686
889 2760
890 2701
891 2645
892 2630
893 2628
894 2592
895 2684
896 2572
897 2652
898 2650
899 2629
900 2622
901 2585
902 2530
903 2591
904 2541
905 2547
906 2532
907 2529
908 2457
909 2472
910 2551
911 2508
912 2496
913 2483
914 2567
915 2498
916 2487
917 2429
918 2482
919 2471
920 2543
921 2415
922 2490
923 2421
924 2538
925 2433
926 2370
927 2406
928 2293
929 2348
930 2427
931 2324
932 2379
933 2388
934 2394
935 2338
936 2277
937 2344
938 2329
939 2364
940 2393
941 2338
942 2304
943 2273
944 2266
945 2304
946 2332
947 2246
948 2329
949 2226
950 2361
951 2371
952 2279
953 2287
954 2297
955 2330
956 2300
957 2244
958 2217
959 2289
960 2336
961 2243
962 2199
963 2227
964 2255
965 2291
966 2329
967 2297
968 2292
969 2295
970 2265
971 2275
972 2234
973 2198
974 2261
975 2263
976 2162
977 2203
978 2135
979 2135
980 2264
981 2158
982 2171
983 2118
984 2134
985 2073
986 2149
987 2159
988 2170
989 2129
990 2207
991 2106
992 2087
993 2079
994 2092
995 2159
996 2037
997 2153
998 2139
999 2136
1000 2134
1001 2079
1002 2201
1003 2094
1004 2125
1005 2149
1006 2148
1007 2099
1008 2105
1009 2149
1010 2207
1011 2010
1012 2141
1013 2087
1014 2050
1015 2083
1016 2011
1017 2094
1018 2058
1019 2129
1020 1928
1021 2085
1022 2091
1023 2129
1024 2013
1025 1973
1026 2091
1027 2076
1028 2120
1029 1976
1030 2042
1031 2010
1032 1956
1033 2033
1034 2019
1035 2018
1036 1916
1037 1945
1038 1886
1039 1992
1040 2017
1041 1944
1042 1933
1043 1996
1044 1949
1045 2023
1046 1972
1047 2034
1048 1960
1049 1993
1050 1897
1051 1935
1052 1939
1053 1884
1054 1886
1055 1901
1056 1903
1057 1953
1058 1899
1059 1902
1060 1919
1061 1839
1062 1810
1063 1866
1064 2001
1065 1990
1066 1811
1067 1875
1068 1882
1069 1856
1070 1955
1071 1877
1072 1905
1073 1937
1074 1837
1075 1868
1076 1886
1077 1908
1078 1848
1079 1933
1080 1910
1081 1905
1082 1836
1083 1861
1084 1934
1085 1941
1086 1829
1087 1881
1088 1930
1089 1877
1090 1884
1091 1938
1092 1825
1093 1837
1094 1858
1095 1902
1096 1885
1097 1933
1098 1901
1099 1908
1100 1835
1101 1938
1102 1828
1103 1847
1104 1935
1105 1866
1106 1877
1107 1892
1108 1905
1109 1831
1110 1924
1111 1831
1112 1859
1113 1918
1114 1765
1115 1875
1116 1815
1117 1689
1118 1820
1119 1773
1120 1775
1121 1795
1122 1834
1123 1764
1124 1794
1125 1739
1126 1814
1127 1776
1128 1810
1129 1815
1130 1787
1131 1838
1132 1860
1133 1770
1134 1816
1135 1882
1136 1773
1137 1856
1138 1906
1139 1737
1140 1859
1141 1771
1142 1839
1143 1846
1144 1825
1145 1823
1146 1891
1147 1861
1148 1782
1149 1896
1150 1819
1151 1828
1152 1811
1153 1816
1154 1865
1155 1840
1156 1769
1157 1806
1158 1768
1159 1756
1160 1820
1161 1715
1162 1841
1163 1752
1164 1838
1165 1753
1166 1831
1167 1742
1168 1762
1169 1735
1170 1787
1171 1730
1172 1837
1173 1852
1174 1802
1175 1738
1176 1794
1177 1739
1178 1878
1179 1780
1180 1747
1181 1736
1182 1732
1183 1804
1184 1811
1185 1833
1186 1783
1187 1789
1188 1754
1189 1822
1190 1800
1191 1810
1192 1819
1193 1782
1194 1807
1195 1762
1196 1815
1197 1825
1198 1841
1199 1749
1200 1781
1201 1771
1202 1841
1203 1797
1204 1738
1205 1873
1206 1783
1207 1858
1208 1764
1209 1779
1210 1785
1211 1801
1212 1765
1213 1774
1214 1729
1215 1751
1216 1751
1217 1744
1218 1773
1219 1803
1220 1889
1221 1747
1222 1817
1223 1848
1224 1831
1225 1808
1226 1784
1227 1725
1228 1761
1229 1755
1230 1808
1231 1761
1232 1820
1233 1865
1234 1781
1235 1803
1236 1819
1237 1741
1238 1708
1239 1775
1240 1766
1241 1711
1242 1723
1243 1703
1244 1741
1245 1723
1246 1740
1247 1697
1248 1716
1249 1759
1250 1744
1251 1734
1252 1775
1253 1653
1254 1726
1255 1663
1256 1761
1257 1731
1258 1677
1259 1772
1260 1742
1261 1737
1262 1739
1263 1753
1264 1645
1265 1713
1266 1749
1267 1741
1268 1730
1269 1761
1270 1728
1271 1660
1272 1728
1273 1778
1274 1646
1275 1745
1276 1807
1277 1738
1278 1725
1279 1843
1280 1741
1281 1714
1282 1735
1283 1794
1284 1736
1285 1717
1286 1762
1287 1725
1288 1711
1289 1839
1290 1826
1291 1781
1292 1866
1293 1807
1294 1826
1295 1730
1296 1801
1297 1818
1298 1810
1299 1728
1300 1759
1301 1836
1302 1834
1303 1689
1304 1771
1305 1744
1306 1708
1307 1739
1308 1790
1309 1753
1310 1741
1311 1691
1312 1736
1313 1738
1314 1677
1315 1819
1316 1840
1317 1619
1318 1669
1319 1735
1320 1730
1321 1708
1322 1732
1323 1773
1324 1806
1325 1775
1326 1762
1327 1770
1328 1788
1329 1732
1330 1885
1331 1801
1332 1798
1333 1771
1334 1776
1335 1787
1336 1748
1337 1867
1338 1786
1339 1699
1340 1707
1341 1870
1342 1688
1343 1882
1344 1760
1345 1774
1346 1789
1347 1731
1348 1780
1349 1749
1350 1728
1351 1786
1352 1806
1353 1810
1354 1794
1355 1777
1356 1824
1357 1888
1358 1741
1359 1844
1360 1913
1361 1794
1362 1938
1363 1883
1364 1865
1365 1944
1366 1779
1367 1797
1368 1773
1369 2011
1370 1863
1371 1881
1372 1967
1373 1899
1374 1931
1375 1910
1376 1977
1377 1942
1378 1962
1379 1900
1380 1864
1381 1918
1382 1882
1383 1934
1384 1917
1385 1837
1386 1950
1387 1972
1388 1860
1389 1868
1390 1954
1391 1833
1392 1911
1393 1882
1394 1936
1395 1926
1396 1883
1397 1924
1398 1866
1399 1876
1400 1910
1401 1911
1402 1930
1403 1924
1404 1943
1405 1941
1406 1927
1407 1955
1408 1927
1409 1993
1410 1940
1411 1915
1412 1907
1413 1908
1414 1935
1415 1978
1416 1915
1417 1963
1418 1877
1419 1948
1420 1943
1421 1889
1422 1974
1423 2030
1424 1964
1425 1899
1426 1851
1427 1950
1428 1884
1429 1938
1430 1947
1431 1964
1432 1907
1433 1944
1434 1943
1435 1956
1436 1944
1437 2022
1438 1954
1439 1920
1440 1964
1441 1949
1442 1976
1443 1953
1444 1982
1445 2006
1446 1916
1447 1961
1448 1943
1449 1985
1450 1913
1451 1948
1452 1907
1453 1937
1454 2002
1455 1968
1456 1977
1457 1932
1458 1915
1459 1895
1460 2022
1461 1994
1462 2028
1463 1930
1464 1951
1465 2050
1466 2029
1467 1977
1468 1986
1469 1929
1470 1966
1471 1891
1472 1909
1473 1884
1474 2030
1475 1919
1476 1897
1477 1975
1478 1876
1479 1951
1480 1953
1481 1923
1482 1935
1483 1946
1484 1959
1485 1901
1486 1936
1487 1941
1488 1943
1489 1931
1490 1983
1491 1890
1492 1895
1493 1951
1494 1868
1495 1863
1496 1871
1497 1877
1498 1840
1499 1854
1500 1885
1501 1800
1502 1788
1503 1817
1504 1829
1505 1788
1506 1846
1507 1825
1508 1900
1509 1815
1510 1872
1511 1804
1512 1777
1513 1869
1514 1844
1515 1760
1516 1761
1517 1850
1518 1798
1519 1741
1520 1830
1521 1874
1522 1812
1523 1757
1524 1791
1525 1779
1526 1907
1527 1767
1528 1716
1529 1851
1530 1804
1531 1718
1532 1769
1533 1756
1534 1823
1535 1852
1536 1759
1537 1786
1538 1739
1539 1727
1540 1742
1541 1693
1542 1724
1543 1756
1544 1785
1545 1704
1546 1715
1547 1701
1548 1701
1549 1758
1550 1716
1551 1737
1552 1830
1553 1796
1554 1688
1555 1665
1556 1762
1557 1738
1558 1735
1559 1657
1560 1717
1561 1752
1562 1777
1563 1709
1564 1674
1565 1753
1566 1687
1567 1675
1568 1649
1569 1671
1570 1645
1571 1699
1572 1641
1573 1699
1574 1603
1575 1697
1576 1654
1577 1625
1578 1616
1579 1597
1580 1614
1581 1708
1582 1645
1583 1578
1584 1628
1585 1612
1586 1631
1587 1662
1588 1574
1589 1605
1590 1572
1591 1600
1592 1561
1593 1610
1594 1546
1595 1489
1596 1521
1597 1558
1598 1536
1599 1630
1600 1525
1601 1587
1602 1476
1603 1546
1604 1522
1605 1529
1606 1530
1607 1551
1608 1512
1609 1520
1610 1469
1611 1524
1612 1529
1613 1522
1614 1506
1615 1513
1616 1530
1617 1487
1618 1500
1619 1492
1620 1551
1621 1490
1622 1432
1623 1476
1624 1565
1625 1432
1626 1430
1627 1465
1628 1537
1629 1439
1630 1457
1631 1477
1632 1471
1633 1357
1634 1490
1635 1425
1636 1394
1637 1386
1638 1404
1639 1384
1640 1425
1641 1345
1642 1373
1643 1326
1644 1345
1645 1345
1646 1306
1647 1310
1648 1331
1649 1289
1650 1336
1651 1312
1652 1260
1653 1320
1654 1343
1655 1283
1656 1325
1657 1292
1658 1331
1659 1295
1660 1310
1661 1303
1662 1348
1663 1405
1664 1339
1665 1360
1666 1330
1667 1285
1668 1357
1669 1363
1670 1298
1671 1335
1672 1330
1673 1301
1674 1271
1675 1266
1676 1327
1677 1290
1678 1331
1679 1238
1680 1275
1681 1242
1682 1277
1683 1328
1684 1312
1685 1294
1686 1230
1687 1255
1688 1262
1689 1247
1690 1251
1691 1264
1692 1192
1693 1255
1694 1220
1695 1156
1696 1244
1697 1182
1698 1218
1699 1226
1700 1145
1701 1140
1702 1127
1703 1184
1704 1258
1705 1119
1706 1113
1707 1140
1708 1141
1709 1128
1710 1156
1711 1120
1712 1149
1713 1176
1714 1141
1715 1120
1716 1128
1717 1141
1718 1096
1719 1065
1720 1166
1721 1084
1722 1087
1723 1112
1724 1087
1725 1098
1726 1061
1727 1051
1728 1044
1729 1055
1730 1019
1731 1038
1732 1098
1733 1037
1734 929
1735 1013
1736 1027
1737 959
1738 1000
1739 1011
1740 1010
1741 990
1742 965
1743 974
1744 977
1745 968
1746 988
1747 976
1748 1018
1749 939
1750 944
1751 947
1752 939
1753 931
1754 939
1755 901
1756 914
1757 971
1758 883
1759 920
1760 874
1761 911
1762 908
1763 916
1764 908
1765 904
1766 807
1767 849
1768 908
1769 812
1770 856
1771 855
1772 787
1773 775
1774 911
1775 845
1776 837
1777 815
1778 805
1779 869
1780 852
1781 796
1782 775
1783 813
1784 757
1785 802
1786 769
1787 792
1788 763
1789 812
1790 870
1791 783
1792 814
1793 793
1794 797
1795 724
1796 759
1797 840
1798 797
1799 769
1800 775
1801 777
1802 738
1803 728
1804 758
1805 739
1806 758
1807 744
1808 750
1809 747
1810 740
1811 717
1812 715
1813 719
1814 733
1815 730
1816 722
1817 702
1818 693
1819 720
1820 702
1821 712
1822 716
1823 738
1824 662
1825 682
1826 696
1827 709
1828 700
1829 702
1830 678
1831 712
1832 650
1833 611
1834 691
1835 642
1836 670
1837 700
1838 698
1839 657
1840 680
1841 698
1842 659
1843 647
1844 615
1845 639
1846 688
1847 707
1848 663
1849 635
1850 682
1851 641
1852 654
1853 676
1854 671
1855 629
1856 629
1857 646
1858 636
1859 646
1860 651
1861 626
1862 624
1863 719
1864 638
1865 689
1866 678
1867 652
1868 677
1869 623
1870 660
1871 671
1872 645
1873 602
1874 615
1875 620
1876 620
1877 659
1878 652
1879 597
1880 611
1881 662
1882 603
1883 625
1884 629
1885 619
1886 584
1887 618
1888 598
1889 601
1890 590
1891 625
1892 641
1893 628
1894 666
1895 578
1896 614
1897 571
1898 611
1899 629
1900 605
1901 594
1902 598
1903 616
1904 570
1905 612
1906 590
1907 585
1908 621
1909 600
1910 579
1911 610
1912 631
1913 587
1914 527
1915 628
1916 588
1917 593
1918 579
1919 616
1920 568
1921 542
1922 534
1923 590
1924 538
1925 646
1926 581
1927 554
1928 584
1929 545
1930 525
1931 535
1932 577
1933 583
1934 548
1935 544
1936 594
1937 573
1938 556
1939 558
1940 599
1941 587
1942 542
1943 553
1944 560
1945 551
1946 558
1947 554
1948 522
1949 537
1950 564
1951 564
1952 538
1953 549
1954 552
1955 522
1956 544
1957 552
1958 539
1959 549
1960 533
1961 550
1962 546
1963 520
1964 531
1965 517
1966 565
1967 542
1968 546
1969 527
1970 560
1971 559
1972 558
1973 507
1974 553
1975 571
1976 570
1977 540
1978 484
1979 508
1980 528
1981 578
1982 561
1983 539
1984 530
1985 555
1986 523
1987 499
1988 507
1989 522
1990 549
1991 558
1992 515
1993 498
1994 538
1995 540
1996 510
1997 514
1998 493
1999 516
2000 483
2001 519
2002 555
2003 510
2004 502
2005 521
2006 526
2007 474
2008 495
2009 523
2010 510
2011 495
2012 488
2013 529
2014 479
2015 489
2016 528
2017 514
2018 526
2019 558
2020 507
2021 481
2022 466
2023 509
2024 528
2025 464
2026 534
2027 526
2028 528
2029 489
2030 524
2031 493
2032 558
2033 488
2034 522
2035 472
2036 557
2037 501
2038 531
2039 499
2040 488
2041 505
2042 489
2043 507
2044 497
2045 480
2046 463
2047 512
2048 505
2049 461
2050 498
2051 514
2052 504
2053 490
2054 508
2055 484
2056 506
2057 474
2058 508
2059 488
2060 498
2061 491
2062 478
2063 498
2064 521
2065 467
2066 509
2067 523
2068 462
2069 485
2070 523
2071 487
2072 506
2073 511
2074 473
2075 484
2076 481
2077 491
2078 491
2079 461
2080 522
2081 455
2082 474
2083 513
2084 505
2085 475
2086 489
2087 469
2088 481
2089 483
2090 468
2091 489
2092 484
2093 467
2094 499
2095 465
2096 428
2097 507
2098 453
2099 494
2100 483
2101 512
2102 523
2103 440
2104 483
2105 496
2106 523
2107 498
2108 469
2109 473
2110 426
2111 476
2112 463
2113 466
2114 461
2115 497
2116 486
2117 492
2118 469
2119 420
2120 479
2121 431
2122 439
2123 484
2124 505
2125 477
2126 431
2127 474
2128 458
2129 498
2130 482
2131 503
2132 484
2133 506
2134 442
2135 484
2136 510
2137 463
2138 484
2139 460
2140 448
2141 451
2142 475
2143 439
2144 487
2145 475
2146 483
2147 440
2148 441
2149 445
2150 441
2151 447
2152 451
2153 426
2154 464
2155 458
2156 445
2157 430
2158 444
2159 458
2160 480
2161 500
2162 418
2163 484
2164 457
2165 450
2166 466
2167 446
2168 477
2169 465
2170 413
2171 433
2172 453
2173 471
2174 465
2175 404
2176 474
2177 433
2178 442
2179 444
2180 478
2181 435
2182 426
2183 472
2184 487
2185 444
2186 491
2187 452
2188 459
2189 452
2190 434
2191 447
2192 465
2193 432
2194 430
2195 431
2196 474
2197 413
2198 473
2199 451
2200 449
2201 463
2202 372
2203 426
2204 434
2205 441
2206 445
2207 445
2208 386
2209 483
2210 445
2211 434
2212 430
2213 439
2214 445
2215 429
2216 426
2217 396
2218 474
2219 406
2220 431
2221 424
2222 384
2223 440
2224 440
2225 406
2226 470
2227 430
2228 442
2229 404
2230 456
2231 441
2232 413
2233 416
2234 443
2235 452
2236 456
2237 449
2238 375
2239 441
2240 420
2241 414
2242 420
2243 434
2244 424
2245 452
2246 375
2247 425
2248 419
2249 437
2250 420
2251 413
2252 434
2253 453
2254 436
2255 414
2256 401
2257 426
2258 394
2259 403
2260 378
2261 407
2262 413
2263 395
2264 389
2265 397
2266 396
2267 392
2268 379
2269 424
2270 397
2271 423
2272 376
2273 417
2274 442
2275 397
2276 394
2277 410
2278 422
2279 454
2280 389
2281 382
2282 382
2283 396
2284 403
2285 410
2286 411
2287 417
2288 431
2289 427
2290 383
2291 428
2292 414
2293 403
2294 388
2295 429
2296 384
2297 398
2298 363
2299 399
2300 398
2301 401
2302 390
2303 422
2304 387
2305 388
2306 382
2307 412
2308 389
2309 405
2310 415
2311 395
2312 367
2313 416
2314 412
2315 394
2316 386
2317 397
2318 402
2319 399
2320 371
2321 391
2322 381
2323 373
2324 387
2325 406
2326 391
2327 407
2328 382
2329 378
2330 355
2331 405
2332 380
2333 367
2334 380
2335 403
2336 403
2337 390
2338 399
2339 410
2340 366
2341 376
2342 401
2343 391
2344 392
2345 364
2346 368
2347 397
2348 405
2349 402
2350 402
2351 410
2352 411
2353 407
2354 440
2355 396
2356 372
2357 379
2358 373
2359 404
2360 373
2361 378
2362 367
2363 376
2364 380
2365 409
2366 412
2367 388
2368 333
2369 364
2370 409
2371 397
2372 383
2373 388
2374 374
2375 376
2376 364
2377 384
2378 410
2379 407
2380 414
2381 376
2382 381
2383 400
2384 386
2385 405
2386 366
2387 383
2388 383
2389 412
2390 427
2391 397
2392 373
2393 384
2394 388
2395 377
2396 387
2397 372
2398 391
2399 399
2400 385
2401 387
2402 375
2403 391
2404 416
2405 354
2406 403
2407 406
2408 388
2409 395
2410 356
2411 381
2412 390
2413 383
2414 389
2415 385
2416 360
2417 396
2418 407
2419 362
2420 382
2421 368
2422 366
2423 387
2424 377
2425 387
2426 373
2427 403
2428 391
2429 368
2430 383
2431 386
2432 367
2433 394
2434 419
2435 390
2436 368
2437 367
2438 381
2439 369
2440 388
2441 377
2442 366
2443 375
2444 341
2445 373
2446 354
2447 373
2448 379
2449 384
2450 397
2451 388
2452 393
2453 367
2454 354
2455 379
2456 349
2457 357
2458 368
2459 374
2460 371
2461 387
2462 377
2463 366
2464 357
2465 386
2466 390
2467 373
2468 366
2469 364
2470 348
2471 377
2472 392
2473 361
2474 415
2475 372
2476 375
2477 373
2478 351
2479 357
2480 422
2481 391
2482 364
2483 418
2484 343
2485 405
2486 354
2487 387
2488 368
2489 385
2490 388
2491 350
2492 358
2493 349
2494 353
2495 380
2496 381
2497 386
2498 385
2499 349
2500 385
2501 354
2502 407
2503 354
2504 397
2505 417
2506 351
2507 364
2508 374
2509 401
2510 332
2511 370
2512 376
2513 359
2514 394
2515 392
2516 377
2517 348
2518 377
2519 369
2520 347
2521 354
2522 371
2523 390
2524 390
2525 356
2526 363
2527 342
2528 349
2529 354
2530 361
2531 306
2532 351
2533 333
2534 380
2535 363
2536 336
2537 345
2538 360
2539 371
2540 358
2541 331
2542 363
2543 368
2544 375
2545 358
2546 338
2547 312
2548 395
2549 355
2550 342
2551 392
2552 348
2553 332
2554 343
2555 358
2556 361
2557 349
2558 364
2559 354
2560 357
2561 369
2562 335
2563 341
2564 346
2565 353
2566 363
2567 352
2568 329
2569 383
2570 335
2571 353
2572 356
2573 361
2574 351
2575 338
2576 336
2577 338
2578 327
2579 360
2580 324
2581 358
2582 333
2583 359
2584 338
2585 317
2586 342
2587 333
2588 361
2589 328
2590 350
2591 365
2592 352
2593 330
2594 326
2595 326
2596 322
2597 372
2598 314
2599 342
2600 311
2601 335
2602 311
2603 339
2604 343
2605 318
2606 344
2607 330
2608 330
2609 343
2610 305
2611 333
2612 339
2613 339
2614 353
2615 356
2616 359
2617 330
2618 341
2619 319
2620 338
2621 303
2622 339
2623 344
2624 309
2625 359
2626 318
2627 367
2628 315
2629 298
2630 323
2631 320
2632 329
2633 322
2634 340
2635 339
2636 340
2637 314
2638 333
2639 333
2640 331
2641 298
2642 342
2643 326
2644 319
2645 323
2646 339
2647 299
2648 308
2649 331
2650 312
2651 378
2652 308
2653 325
2654 357
2655 342
2656 324
2657 353
2658 357
2659 334
2660 324
2661 344
2662 345
2663 338
2664 353
2665 351
2666 298
2667 309
2668 301
2669 327
2670 293
2671 319
2672 302
2673 309
2674 288
2675 321
2676 299
2677 303
2678 336
2679 317
2680 297
2681 288
2682 305
2683 322
2684 315
2685 304
2686 317
2687 301
2688 298
2689 304
2690 315
2691 334
2692 348
2693 320
2694 324
2695 309
2696 335
2697 306
2698 308
2699 335
2700 327
2701 298
2702 337
2703 311
2704 315
2705 305
2706 353
2707 295
2708 349
2709 296
2710 357
2711 342
2712 343
2713 325
2714 313
2715 312
2716 315
2717 312
2718 290
2719 330
2720 294
2721 319
2722 321
2723 330
2724 288
2725 320
2726 331
2727 310
2728 336
2729 332
2730 317
2731 342
2732 313
2733 310
2734 318
2735 323
2736 353
2737 312
2738 333
2739 327
2740 299
2741 310
2742 331
2743 314
2744 329
2745 329
2746 353
2747 315
2748 341
2749 369
2750 319
2751 324
2752 347
2753 323
2754 324
2755 298
2756 308
2757 305
2758 305
2759 332
2760 323
2761 295
2762 311
2763 331
2764 318
2765 312
2766 322
2767 320
2768 305
2769 276
2770 320
2771 316
2772 313
2773 285
2774 302
2775 281
2776 321
2777 288
2778 323
2779 300
2780 253
2781 311
2782 282
2783 301
2784 296
2785 310
2786 305
2787 318
2788 315
2789 326
2790 319
2791 247
2792 300
2793 300
2794 336
2795 276
2796 317
2797 296
2798 286
2799 317
2800 303
2801 295
2802 310
2803 281
2804 305
2805 307
2806 300
2807 327
2808 296
2809 333
2810 287
2811 292
2812 302
2813 347
2814 311
2815 303
2816 284
2817 296
2818 293
2819 266
2820 319
2821 301
2822 275
2823 329
2824 264
2825 283
2826 293
2827 315
2828 266
2829 279
2830 273
2831 275
2832 304
2833 328
2834 282
2835 298
2836 289
2837 283
2838 254
2839 291
2840 273
2841 302
2842 298
2843 265
2844 310
2845 289
2846 295
2847 286
2848 282
2849 248
2850 276
2851 255
2852 308
2853 296
2854 283
2855 298
2856 293
2857 282
2858 319
2859 273
2860 267
2861 269
2862 286
2863 293
2864 302
2865 265
2866 291
2867 272
2868 278
2869 266
2870 285
2871 283
2872 272
2873 285
2874 285
2875 298
2876 267
2877 288
2878 252
2879 306
2880 252
2881 271
2882 286
2883 269
2884 281
2885 286
2886 261
2887 302
2888 275
2889 291
2890 293
2891 247
2892 291
2893 267
2894 294
2895 282
2896 265
2897 252
2898 248
2899 256
2900 284
2901 252
2902 267
2903 292
2904 258
2905 267
2906 289
2907 252
2908 263
2909 234
2910 282
2911 273
2912 236
2913 268
2914 249
2915 250
2916 263
2917 276
2918 258
2919 251
2920 262
2921 263
2922 234
2923 272
2924 271
2925 263
2926 264
2927 267
2928 242
2929 241
2930 261
2931 266
2932 240
2933 249
2934 263
2935 263
2936 233
2937 251
2938 245
2939 237
2940 244
2941 291
2942 261
2943 259
2944 247
2945 251
2946 257
2947 234
2948 238
2949 209
2950 259
2951 253
2952 226
2953 236
2954 252
2955 236
2956 242
2957 244
2958 240
2959 223
2960 250
2961 216
2962 246
2963 244
2964 245
2965 207
2966 229
2967 234
2968 249
2969 233
2970 230
2971 209
2972 251
2973 275
2974 270
2975 264
2976 245
2977 233
2978 219
2979 244
2980 260
2981 257
2982 248
2983 230
2984 232
2985 250
2986 251
2987 251
2988 230
2989 255
2990 252
2991 210
2992 235
2993 257
2994 236
2995 270
2996 236
2997 236
2998 254
2999 235
3000 191
3001 252
3002 242
3003 221
3004 249
3005 256
3006 244
3007 249
3008 268
3009 254
3010 276
3011 248
3012 237
3013 266
3014 229
3015 234
3016 249
3017 236
3018 240
3019 258
3020 225
3021 241
3022 251
3023 265
3024 232
3025 232
3026 216
3027 244
3028 239
3029 229
3030 236
3031 252
3032 230
3033 221
3034 245
3035 231
3036 216
3037 255
3038 224
3039 239
3040 243
3041 226
3042 205
3043 220
3044 231
3045 221
3046 229
3047 235
3048 213
3049 265
3050 247
3051 251
3052 239
3053 252
3054 243
3055 234
3056 246
3057 248
3058 257
3059 208
3060 223
3061 238
3062 217
3063 237
3064 249
3065 219
3066 229
3067 232
3068 220
3069 211
3070 223
3071 212
3072 229
3073 234
3074 239
3075 228
3076 252
3077 237
3078 228
3079 240
3080 255
3081 214
3082 236
3083 230
3084 212
3085 225
3086 239
3087 210
3088 242
3089 227
3090 247
3091 241
3092 217
3093 202
3094 218
3095 220
3096 223
3097 207
3098 211
3099 219
3100 219
3101 210
3102 245
3103 243
3104 227
3105 212
3106 245
3107 237
3108 232
3109 228
3110 234
3111 219
3112 211
3113 213
3114 217
3115 213
3116 220
3117 213
3118 217
3119 258
3120 209
3121 214
3122 250
3123 237
3124 231
3125 214
3126 206
3127 238
3128 206
3129 200
3130 236
3131 222
3132 231
3133 222
3134 200
3135 211
3136 196
3137 192
3138 217
3139 251
3140 211
3141 214
3142 246
3143 246
3144 234
3145 226
3146 224
3147 232
3148 280
3149 254
3150 224
3151 227
3152 231
3153 239
3154 219
3155 217
3156 192
3157 226
3158 203
3159 224
3160 202
3161 228
3162 219
3163 212
3164 228
3165 189
3166 237
3167 209
3168 211
3169 217
3170 221
3171 244
3172 225
3173 244
3174 197
3175 196
3176 186
3177 215
3178 207
3179 208
3180 212
3181 210
3182 228
3183 233
3184 212
3185 216
3186 219
3187 215
3188 238
3189 244
3190 209
3191 240
3192 213
3193 235
3194 214
3195 220
3196 229
3197 208
3198 221
3199 209
3200 202
3201 224
3202 187
3203 188
3204 181
3205 214
3206 214
3207 212
3208 228
3209 204
3210 229
3211 197
3212 209
3213 235
3214 203
3215 214
3216 206
3217 199
3218 186
3219 218
3220 217
3221 200
3222 185
3223 207
3224 208
3225 189
3226 204
3227 215
3228 209
3229 216
3230 205
3231 198
3232 214
3233 199
3234 203
3235 219
3236 235
3237 206
3238 214
3239 193
3240 216
3241 206
3242 194
3243 225
3244 220
3245 202
3246 196
3247 211
3248 208
3249 211
3250 215
3251 211
3252 199
3253 198
3254 224
3255 211
3256 200
3257 210
3258 231
3259 206
3260 203
3261 210
3262 182
3263 215
3264 233
3265 214
3266 204
3267 214
3268 198
3269 218
3270 193
3271 198
3272 202
3273 178
3274 212
3275 208
3276 225
3277 217
3278 210
3279 220
3280 190
3281 194
3282 204
3283 214
3284 212
3285 185
3286 172
3287 198
3288 197
3289 204
3290 196
3291 217
3292 221
3293 195
3294 196
3295 203
3296 208
3297 192
3298 185
3299 179
3300 230
3301 225
3302 235
3303 219
3304 188
3305 202
3306 187
3307 184
3308 202
3309 203
3310 188
3311 192
3312 208
3313 213
3314 205
3315 182
3316 212
3317 190
3318 177
3319 188
3320 213
3321 203
3322 196
3323 230
3324 174
3325 199
3326 212
3327 191
3328 200
3329 226
3330 223
3331 194
3332 198
3333 210
3334 190
3335 212
3336 197
3337 191
3338 166
3339 199
3340 210
3341 200
3342 183
3343 192
3344 185
3345 190
3346 202
3347 195
3348 203
3349 191
3350 200
3351 173
3352 205
3353 188
3354 204
3355 182
3356 184
3357 191
3358 167
3359 201
3360 204
3361 223
3362 211
3363 171
3364 193
3365 190
3366 196
3367 179
3368 198
3369 195
3370 207
3371 214
3372 208
3373 208
3374 219
3375 199
3376 200
3377 191
3378 186
3379 188
3380 209
3381 189
3382 183
3383 191
3384 216
3385 213
3386 180
3387 171
3388 208
3389 183
3390 199
3391 204
3392 174
3393 207
3394 215
3395 181
3396 208
3397 203
3398 210
3399 176
3400 187
3401 200
3402 209
3403 207
3404 211
3405 214
3406 202
3407 206
3408 207
3409 196
3410 179
3411 204
3412 210
3413 222
3414 187
3415 203
3416 197
3417 190
3418 172
3419 200
3420 193
3421 197
3422 217
3423 185
3424 179
3425 166
3426 190
3427 198
3428 183
3429 184
3430 176
3431 201
3432 178
3433 207
3434 216
3435 202
3436 181
3437 202
3438 204
3439 193
3440 178
3441 181
3442 211
3443 190
3444 198
3445 188
3446 173
3447 169
3448 184
3449 163
3450 158
3451 199
3452 205
3453 183
3454 186
3455 181
3456 187
3457 183
3458 184
3459 210
3460 186
3461 170
3462 189
3463 187
3464 190
3465 201
3466 193
3467 200
3468 186
3469 183
3470 186
3471 198
3472 187
3473 171
3474 194
3475 182
3476 203
3477 203
3478 175
3479 209
3480 184
3481 165
3482 162
3483 193
3484 160
3485 181
3486 186
3487 170
3488 181
3489 188
3490 196
3491 209
3492 219
3493 194
3494 192
3495 188
3496 198
3497 187
3498 200
3499 203
3500 166
3501 196
3502 199
3503 201
3504 191
3505 196
3506 203
3507 154
3508 184
3509 198
3510 184
3511 196
3512 197
3513 207
3514 217
3515 182
3516 168
3517 182
3518 195
3519 195
3520 176
3521 197
3522 183
3523 163
3524 186
3525 178
3526 181
3527 168
3528 179
3529 148
3530 202
3531 171
3532 193
3533 165
3534 189
3535 201
3536 186
3537 179
3538 179
3539 149
3540 173
3541 172
3542 173
3543 185
3544 186
3545 189
3546 183
3547 198
3548 186
3549 211
3550 167
3551 200
3552 169
3553 184
3554 156
3555 172
3556 162
3557 183
3558 167
3559 197
3560 201
3561 178
3562 170
3563 203
3564 180
3565 165
3566 176
3567 180
3568 178
3569 189
3570 205
3571 157
3572 174
3573 168
3574 186
3575 201
3576 144
3577 195
3578 190
3579 179
3580 182
3581 190
3582 177
3583 184
3584 196
3585 164
3586 160
3587 171
3588 186
3589 157
3590 172
3591 187
3592 168
3593 165
3594 173
3595 161
3596 180
3597 173
3598 190
3599 188
3600 182
3601 182
3602 187
3603 165
3604 185
3605 170
3606 211
3607 186
3608 191
3609 178
3610 173
3611 181
3612 168
3613 184
3614 172
3615 149
3616 201
3617 164
3618 170
3619 171
3620 175
3621 174
3622 168
3623 181
3624 173
3625 174
3626 200
3627 189
3628 180
3629 171
3630 156
3631 149
3632 164
3633 190
3634 162
3635 158
3636 164
3637 166
3638 191
3639 173
3640 183
3641 168
3642 184
3643 169
3644 166
3645 185
3646 175
3647 174
3648 175
3649 182
3650 183
3651 182
3652 178
3653 180
3654 174
3655 181
3656 176
3657 175
3658 178
3659 179
3660 187
3661 190
3662 158
3663 202
3664 172
3665 179
3666 176
3667 174
3668 165
3669 147
3670 178
3671 145
3672 143
3673 173
3674 156
3675 173
3676 158
3677 181
3678 171
3679 153
3680 186
3681 158
3682 172
3683 169
3684 173
3685 183
3686 192
3687 161
3688 165
3689 159
3690 156
3691 168
3692 178
3693 152
3694 175
3695 178
3696 159
3697 160
3698 182
3699 159
3700 165
3701 164
3702 161
3703 180
3704 156
3705 180
3706 152
3707 160
3708 157
3709 164
3710 171
3711 167
3712 200
3713 167
3714 192
3715 170
3716 171
3717 154
3718 171
3719 161
3720 196
3721 162
3722 166
3723 170
3724 185
3725 171
3726 193
3727 169
3728 184
3729 193
3730 151
3731 157
3732 161
3733 167
3734 168
3735 190
3736 179
3737 173
3738 170
3739 156
3740 176
3741 168
3742 158
3743 162
3744 162
3745 181
3746 166
3747 173
3748 157
3749 147
3750 175
3751 171
3752 149
3753 160
3754 178
3755 183
3756 177
3757 161
3758 180
3759 183
3760 163
3761 171
3762 187
3763 173
3764 143
3765 155
3766 163
3767 169
3768 150
3769 194
3770 149
3771 187
3772 165
3773 149
3774 172
3775 149
3776 171
3777 150
3778 189
3779 137
3780 147
3781 162
3782 158
3783 150
3784 149
3785 145
3786 160
3787 160
3788 176
3789 168
3790 155
3791 150
3792 155
3793 177
3794 134
3795 187
3796 181
3797 169
3798 168
3799 172
3800 160
3801 170
3802 160
3803 150
3804 146
3805 145
3806 149
3807 175
3808 163
3809 186
3810 156
3811 159
3812 140
3813 141
3814 154
3815 172
3816 148
3817 137
3818 168
3819 140
3820 169
3821 177
3822 146
3823 148
3824 164
3825 155
3826 162
3827 138
3828 177
3829 161
3830 165
3831 165
3832 148
3833 165
3834 158
3835 157
3836 138
3837 169
3838 162
3839 138
3840 142
3841 142
3842 166
3843 161
3844 168
3845 135
3846 148
3847 155
3848 161
3849 155
3850 158
3851 151
3852 159
3853 155
3854 157
3855 146
3856 173
3857 175
3858 151
3859 158
3860 164
3861 141
3862 146
3863 138
3864 149
3865 169
3866 155
3867 157
3868 126
3869 151
3870 154
3871 160
3872 161
3873 153
3874 141
3875 165
3876 158
3877 150
3878 137
3879 144
3880 144
3881 146
3882 158
3883 156
3884 150
3885 162
3886 140
3887 145
3888 149
3889 175
3890 158
3891 155
3892 171
3893 156
3894 135
3895 145
3896 150
3897 158
3898 129
3899 159
3900 145
3901 137
3902 149
3903 144
3904 159
3905 138
3906 136
3907 149
3908 129
3909 145
3910 134
3911 144
3912 160
3913 140
3914 154
3915 135
3916 137
3917 139
3918 164
3919 135
3920 135
3921 147
3922 150
3923 155
3924 152
3925 140
3926 161
3927 149
3928 129
3929 151
3930 162
3931 157
3932 145
3933 155
3934 160
3935 151
3936 133
3937 154
3938 172
3939 138
3940 147
3941 141
3942 165
3943 172
3944 163
3945 143
3946 160
3947 159
3948 136
3949 141
3950 136
3951 149
3952 138
3953 127
3954 140
3955 164
3956 150
3957 150
3958 136
3959 124
3960 169
3961 140
3962 134
3963 162
3964 136
3965 120
3966 145
3967 150
3968 140
3969 135
3970 149
3971 140
3972 139
3973 136
3974 136
3975 136
3976 150
3977 146
3978 146
3979 136
3980 154
3981 163
3982 127
3983 145
3984 136
3985 120
3986 157
3987 150
3988 145
3989 120
3990 137
3991 135
3992 170
3993 143
3994 141
3995 128
3996 142
3997 150
3998 135
3999 152
4000 117
4001 158
4002 121
4003 150
4004 144
4005 138
4006 125
4007 140
4008 129
4009 140
4010 143
4011 155
4012 139
4013 140
4014 137
4015 158
4016 153
4017 137
4018 133
4019 139
4020 132
4021 141
4022 141
4023 137
4024 141
4025 132
4026 156
4027 118
4028 136
4029 141
4030 153
4031 159
4032 130
4033 133
4034 172
4035 141
4036 134
4037 136
4038 121
4039 137
4040 122
4041 133
4042 125
4043 138
4044 159
4045 139
4046 130
4047 125
4048 133
4049 138
4050 129
4051 145
4052 132
4053 134
4054 136
4055 141
4056 123
4057 116
4058 153
4059 125
4060 144
4061 128
4062 145
4063 133
4064 124
4065 146
4066 147
4067 142
4068 137
4069 149
4070 133
4071 148
4072 138
4073 144
4074 136
4075 148
4076 130
4077 141
4078 139
4079 140
4080 141
4081 133
4082 163
4083 144
4084 141
4085 136
4086 118
4087 123
4088 152
4089 110
4090 141
4091 122
4092 133
4093 134
4094 130
4095 139
4096 151
4097 143
4098 118
4099 151
4100 148
4101 122
4102 130
4103 135
4104 144
4105 134
4106 153
4107 136
4108 144
4109 131
4110 141
4111 133
4112 125
4113 131
4114 123
4115 135
4116 123
4117 126
4118 134
4119 120
4120 128
4121 135
4122 126
4123 135
4124 121
4125 124
4126 140
4127 122
4128 134
4129 157
4130 132
4131 133
4132 133
4133 138
4134 135
4135 135
4136 132
4137 132
4138 141
4139 136
4140 107
4141 150
4142 130
4143 123
4144 136
4145 140
4146 123
4147 122
4148 160
4149 145
4150 109
4151 139
4152 135
4153 118
4154 136
4155 131
4156 139
4157 132
4158 142
4159 141
4160 128
4161 142
4162 107
4163 152
4164 135
4165 148
4166 136
4167 124
4168 134
4169 137
4170 132
4171 123
4172 123
4173 135
4174 111
4175 140
4176 140
4177 128
4178 132
4179 117
4180 114
4181 150
4182 111
4183 108
4184 120
4185 146
4186 129
4187 124
4188 134
4189 125
4190 151
4191 127
4192 144
4193 119
4194 112
4195 138
4196 145
4197 133
4198 132
4199 118
4200 132
4201 117
4202 131
4203 135
4204 137
4205 123
4206 106
4207 112
4208 134
4209 128
4210 135
4211 138
4212 136
4213 117
4214 129
4215 133
4216 130
4217 117
4218 105
4219 112
4220 145
4221 121
4222 123
4223 142
4224 118
4225 135
4226 140
4227 129
4228 131
4229 127
4230 143
4231 115
4232 115
4233 110
4234 131
4235 124
4236 120
4237 125
4238 121
4239 131
4240 127
4241 106
4242 143
4243 116
4244 114
4245 129
4246 134
4247 123
4248 146
4249 125
4250 117
4251 140
4252 107
4253 121
4254 119
4255 108
4256 135
4257 108
4258 124
4259 109
4260 124
4261 137
4262 131
4263 128
4264 112
4265 125
4266 126
4267 130
4268 117
4269 111
4270 116
4271 109
4272 112
4273 128
4274 105
4275 113
4276 117
4277 119
4278 122
4279 130
4280 117
4281 140
4282 95
4283 122
4284 112
4285 121
4286 144
4287 110
4288 140
4289 146
4290 115
4291 138
4292 122
4293 121
4294 102
4295 123
4296 128
4297 127
4298 134
4299 130
4300 113
4301 118
4302 114
4303 126
4304 122
4305 115
4306 109
4307 130
4308 101
4309 126
4310 143
4311 126
4312 112
4313 118
4314 104
4315 121
4316 128
4317 110
4318 102
4319 93
4320 108
4321 123
4322 107
4323 119
4324 129
4325 121
4326 112
4327 117
4328 138
4329 98
4330 106
4331 131
4332 113
4333 90
4334 139
4335 102
4336 97
4337 106
4338 126
4339 118
4340 130
4341 107
4342 139
4343 110
4344 114
4345 120
4346 117
4347 115
4348 130
4349 126
4350 136
4351 114
4352 148
4353 106
4354 123
4355 134
4356 126
4357 145
4358 104
4359 119
4360 138
4361 128
4362 121
4363 125
4364 130
4365 93
4366 107
4367 123
4368 111
4369 125
4370 123
4371 112
4372 129
4373 104
4374 121
4375 100
4376 120
4377 135
4378 103
4379 122
4380 112
4381 108
4382 131
4383 122
4384 101
4385 104
4386 121
4387 116
4388 110
4389 113
4390 128
4391 123
4392 124
4393 111
4394 139
4395 135
4396 112
4397 130
4398 112
4399 124
4400 116
4401 107
4402 121
4403 114
4404 126
4405 95
4406 124
4407 127
4408 120
4409 122
4410 114
4411 109
4412 113
4413 128
4414 128
4415 122
4416 97
4417 123
4418 112
4419 116
4420 107
4421 128
4422 117
4423 115
4424 117
4425 119
4426 103
4427 125
4428 97
4429 110
4430 109
4431 102
4432 127
4433 106
4434 107
4435 101
4436 116
4437 115
4438 119
4439 98
4440 135
4441 111
4442 117
4443 117
4444 108
4445 119
4446 104
4447 114
4448 133
4449 97
4450 98
4451 122
4452 108
4453 118
4454 126
4455 104
4456 109
4457 119
4458 111
4459 101
4460 102
4461 110
4462 116
4463 105
4464 116
4465 109
4466 108
4467 121
4468 118
4469 116
4470 132
4471 106
4472 111
4473 136
4474 109
4475 106
4476 96
4477 127
4478 113
4479 114
4480 99
4481 111
4482 109
4483 115
4484 101
4485 116
4486 102
4487 100
4488 98
4489 111
4490 117
4491 93
4492 112
4493 120
4494 114
4495 113
4496 117
4497 132
4498 106
4499 117
4500 111
4501 119
4502 121
4503 132
4504 102
4505 130
4506 109
4507 91
4508 96
4509 113
4510 116
4511 107
4512 107
4513 122
4514 115
4515 99
4516 121
4517 121
4518 108
4519 122
4520 104
4521 132
4522 111
4523 104
4524 116
4525 96
4526 105
4527 107
4528 103
4529 121
4530 98
4531 97
4532 88
4533 115
4534 113
4535 113
4536 112
4537 119
4538 114
4539 138
4540 120
4541 105
4542 100
4543 109
4544 106
4545 99
4546 105
4547 136
4548 115
4549 112
4550 105
4551 127
4552 127
4553 99
4554 112
4555 90
4556 91
4557 110
4558 111
4559 110
4560 118
4561 120
4562 93
4563 98
4564 108
4565 95
4566 98
4567 111
4568 111
4569 111
4570 95
4571 131
4572 103
4573 103
4574 107
4575 105
4576 103
4577 114
4578 105
4579 101
4580 90
4581 110
4582 109
4583 119
4584 103
4585 113
4586 109
4587 107
4588 104
4589 98
4590 116
4591 107
4592 114
4593 107
4594 110
4595 118
4596 133
4597 118
4598 111
4599 125
4600 103
4601 130
4602 116
4603 106
4604 91
4605 111
4606 95
4607 114
4608 103
4609 96
4610 104
4611 114
4612 113
4613 125
4614 104
4615 113
4616 119
4617 102
4618 138
4619 105
4620 109
4621 102
4622 101
4623 105
4624 98
4625 102
4626 125
4627 110
4628 94
4629 93
4630 102
4631 93
4632 95
4633 103
4634 115
4635 107
4636 115
4637 112
4638 102
4639 87
4640 105
4641 124
4642 108
4643 112
4644 94
4645 112
4646 91
4647 112
4648 110
4649 111
4650 103
4651 110
4652 94
4653 121
4654 121
4655 116
4656 107
4657 124
4658 109
4659 92
4660 106
4661 85
4662 113
4663 121
4664 106
4665 124
4666 127
4667 105
4668 109
4669 112
4670 101
4671 109
4672 113
4673 111
4674 120
4675 126
4676 131
4677 102
4678 115
4679 126
4680 108
4681 145
4682 120
4683 115
4684 84
4685 111
4686 125
4687 130
4688 109
4689 124
4690 90
4691 128
4692 114
4693 91
4694 109
4695 111
4696 96
4697 120
4698 108
4699 126
4700 102
4701 116
4702 102
4703 126
4704 111
4705 119
4706 114
4707 108
4708 110
4709 119
4710 116
4711 114
4712 99
4713 117
4714 119
4715 113
4716 123
4717 112
4718 122
4719 118
4720 119
4721 101
4722 100
4723 109
4724 107
4725 101
4726 131
4727 125
4728 112
4729 127
4730 99
4731 105
4732 107
4733 109
4734 116
4735 106
4736 119
4737 104
4738 131
4739 139
4740 122
4741 114
4742 101
4743 111
4744 113
4745 134
4746 135
4747 134
4748 129
4749 123
4750 118
4751 136
4752 110
4753 109
4754 110
4755 113
4756 122
4757 135
4758 119
4759 112
4760 121
4761 113
4762 116
4763 110
4764 105
4765 108
4766 114
4767 126
4768 113
4769 125
4770 111
4771 99
4772 115
4773 126
4774 108
4775 117
4776 125
4777 115
4778 125
4779 121
4780 117
4781 106
4782 103
4783 106
4784 127
4785 102
4786 122
4787 116
4788 106
4789 126
4790 93
4791 134
4792 116
4793 129
4794 116
4795 125
4796 108
4797 115
4798 127
4799 132
4800 124
4801 147
4802 102
4803 107
4804 131
4805 118
4806 91
4807 113
4808 117
4809 111
4810 110
4811 131
4812 111
4813 126
4814 128
4815 108
4816 144
4817 119
4818 131
4819 126
4820 130
4821 92
4822 103
4823 124
4824 124
4825 122
4826 116
4827 120
4828 113
4829 128
4830 113
4831 121
4832 129
4833 120
4834 125
4835 121
4836 131
4837 129
4838 118
4839 136
4840 134
4841 119
4842 114
4843 140
4844 115
4845 110
4846 124
4847 132
4848 121
4849 105
4850 138
4851 119
4852 117
4853 136
4854 113
4855 117
4856 128
4857 108
4858 113
4859 97
4860 128
4861 114
4862 124
4863 104
4864 124
4865 105
4866 114
4867 126
4868 127
4869 123
4870 120
4871 110
4872 106
4873 99
4874 120
4875 119
4876 130
4877 130
4878 122
4879 146
4880 113
4881 129
4882 130
4883 143
4884 140
4885 142
4886 115
4887 117
4888 138
4889 115
4890 128
4891 122
4892 113
4893 138
4894 128
4895 118
4896 121
4897 134
4898 117
4899 102
4900 131
4901 103
4902 115
4903 135
4904 128
4905 126
4906 135
4907 117
4908 113
4909 103
4910 115
4911 124
4912 114
4913 127
4914 126
4915 122
4916 119
4917 129
4918 134
4919 124
4920 120
4921 120
4922 122
4923 143
4924 114
4925 98
4926 134
4927 124
4928 116
4929 119
4930 126
4931 103
4932 118
4933 111
4934 119
4935 120
4936 114
4937 118
4938 123
4939 143
4940 127
4941 121
4942 144
4943 144
4944 111
4945 121
4946 107
4947 134
4948 129
4949 131
4950 125
4951 111
4952 125
4953 112
4954 142
4955 140
4956 132
4957 118
4958 146
4959 118
4960 115
4961 128
4962 126
4963 112
4964 109
4965 123
4966 130
4967 140
4968 121
4969 146
4970 117
4971 139
4972 129
4973 109
4974 160
4975 143
4976 134
4977 119
4978 117
4979 140
4980 131
4981 116
4982 136
4983 140
4984 133
4985 117
4986 110
4987 118
4988 122
4989 132
4990 118
4991 118
4992 110
4993 114
4994 132
4995 122
4996 122
4997 128
4998 126
4999 137
5000 150
5001 116
5002 120
5003 120
5004 120
5005 122
5006 123
5007 124
5008 120
5009 132
5010 132
5011 132
5012 103
5013 129
5014 115
5015 127
5016 109
5017 135
5018 121
5019 118
5020 122
5021 109
5022 126
5023 120
5024 149
5025 151
5026 138
5027 131
5028 111
5029 126
5030 122
5031 122
5032 135
5033 135
5034 140
5035 122
5036 110
5037 103
5038 117
5039 134
5040 111
5041 129
5042 119
5043 144
5044 134
5045 118
5046 117
5047 120
5048 135
5049 135
5050 116
5051 118
5052 122
5053 127
5054 133
5055 147
5056 114
5057 126
5058 127
5059 136
5060 123
5061 113
5062 133
5063 127
5064 131
5065 143
5066 127
5067 112
5068 148
5069 129
5070 123
5071 116
5072 128
5073 128
5074 113
5075 117
5076 147
5077 126
5078 128
5079 145
5080 118
5081 122
5082 138
5083 116
5084 137
5085 113
5086 123
5087 109
5088 132
5089 126
5090 132
5091 149
5092 135
5093 142
5094 115
5095 154
5096 140
5097 148
5098 132
5099 148
5100 135
5101 137
5102 111
5103 117
5104 150
5105 147
5106 138
5107 157
5108 135
5109 123
5110 108
5111 142
5112 140
5113 133
5114 170
5115 132
5116 130
5117 128
5118 139
5119 128
5120 138
5121 131
5122 138
5123 128
5124 147
5125 123
5126 138
5127 145
5128 145
5129 146
5130 143
5131 136
5132 147
5133 147
5134 140
5135 141
5136 150
5137 156
5138 153
5139 161
5140 152
5141 136
5142 124
5143 147
5144 111
5145 141
5146 141
5147 155
5148 139
5149 147
5150 152
5151 128
5152 151
5153 159
5154 145
5155 130
5156 161
5157 139
5158 129
5159 131
5160 133
5161 150
5162 153
5163 145
5164 142
5165 148
5166 122
5167 149
5168 135
5169 161
5170 150
5171 138
5172 130
5173 126
5174 149
5175 133
5176 160
5177 158
5178 130
5179 127
5180 152
5181 148
5182 143
5183 129
5184 147
5185 142
5186 124
5187 158
5188 165
5189 127
5190 166
5191 152
5192 131
5193 154
5194 135
5195 169
5196 133
5197 141
5198 131
5199 141
5200 142
5201 150
5202 127
5203 167
5204 137
5205 154
5206 140
5207 139
5208 125
5209 147
5210 135
5211 150
5212 123
5213 131
5214 141
5215 139
5216 138
5217 137
5218 128
5219 129
5220 144
5221 136
5222 177
5223 142
5224 155
5225 142
5226 129
5227 145
5228 155
5229 156
5230 131
5231 127
5232 134
5233 134
5234 133
5235 129
5236 144
5237 134
5238 136
5239 133
5240 151
5241 160
5242 127
5243 141
5244 139
5245 159
5246 136
5247 137
5248 149
5249 134
5250 138
5251 155
5252 154
5253 142
5254 143
5255 158
5256 141
5257 156
5258 145
5259 154
5260 137
5261 163
5262 135
5263 164
5264 134
5265 164
5266 140
5267 142
5268 163
5269 150
5270 143
5271 150
5272 159
5273 144
5274 152
5275 149
5276 127
5277 146
5278 129
5279 130
5280 140
5281 146
5282 147
5283 145
5284 141
5285 149
5286 157
5287 154
5288 134
5289 145
5290 142
5291 145
5292 145
5293 173
5294 158
5295 168
5296 161
5297 146
5298 164
5299 163
5300 132
5301 142
5302 144
5303 146
5304 140
5305 153
5306 142
5307 171
5308 147
5309 145
5310 154
5311 145
5312 166
5313 159
5314 159
5315 149
5316 168
5317 144
5318 160
5319 142
5320 139
5321 164
5322 138
5323 141
5324 158
5325 157
5326 148
5327 137
5328 155
5329 163
5330 165
5331 163
5332 164
5333 149
5334 155
5335 169
5336 154
5337 148
5338 153
5339 172
5340 172
5341 171
5342 152
5343 165
5344 144
5345 163
5346 175
5347 153
5348 154
5349 139
5350 156
5351 164
5352 162
5353 164
5354 148
5355 154
5356 133
5357 159
5358 173
5359 147
5360 165
5361 145
5362 138
5363 162
5364 144
5365 133
5366 148
5367 175
5368 123
5369 146
5370 145
5371 159
5372 154
5373 158
5374 140
5375 160
5376 154
5377 134
5378 191
5379 144
5380 155
5381 132
5382 160
5383 151
5384 158
5385 162
5386 132
5387 130
5388 151
5389 174
5390 139
5391 170
5392 136
5393 145
5394 131
5395 160
5396 165
5397 143
5398 157
5399 159
5400 178
5401 155
5402 163
5403 138
5404 154
5405 170
5406 159
5407 146
5408 164
5409 158
5410 134
5411 136
5412 139
5413 160
5414 153
5415 131
5416 163
5417 135
5418 167
5419 152
5420 131
5421 146
5422 150
5423 161
5424 174
5425 166
5426 148
5427 168
5428 148
5429 148
5430 176
5431 156
5432 172
5433 165
5434 158
5435 165
5436 192
5437 149
5438 146
5439 149
5440 154
5441 168
5442 175
5443 169
5444 186
5445 131
5446 170
5447 137
5448 182
5449 173
5450 157
5451 171
5452 160
5453 163
5454 172
5455 156
5456 176
5457 158
5458 179
5459 145
5460 152
5461 139
5462 180
5463 170
5464 155
5465 185
5466 168
5467 139
5468 168
5469 173
5470 157
5471 155
5472 189
5473 192
5474 144
5475 137
5476 168
5477 163
5478 157
5479 171
5480 166
5481 142
5482 150
5483 144
5484 165
5485 164
5486 152
5487 140
5488 140
5489 146
5490 183
5491 147
5492 172
5493 173
5494 159
5495 156
5496 175
5497 164
5498 145
5499 174
5500 178
5501 140
5502 137
5503 168
5504 170
5505 138
5506 159
5507 153
5508 149
5509 143
5510 138
5511 132
5512 154
5513 139
5514 159
5515 138
5516 160
5517 149
5518 142
5519 130
5520 154
5521 130
5522 165
5523 158
5524 151
5525 154
5526 163
5527 151
5528 153
5529 154
5530 157
5531 183
5532 153
5533 147
5534 168
5535 146
5536 158
5537 157
5538 170
5539 149
5540 149
5541 192
5542 143
5543 181
5544 160
5545 180
5546 155
5547 183
5548 148
5549 154
5550 146
5551 163
5552 158
5553 190
5554 153
5555 141
5556 148
5557 153
5558 156
5559 145
5560 150
5561 145
5562 168
5563 178
5564 161
5565 149
5566 152
5567 157
5568 173
5569 163
5570 145
5571 171
5572 166
5573 144
5574 115
5575 160
5576 161
5577 157
5578 171
5579 150
5580 155
5581 164
5582 145
5583 162
5584 165
5585 169
5586 159
5587 126
5588 137
5589 159
5590 153
5591 156
5592 169
5593 157
5594 141
5595 145
5596 164
5597 131
5598 122
5599 159
5600 165
5601 144
5602 154
5603 148
5604 173
5605 173
5606 147
5607 143
5608 147
5609 152
5610 131
5611 140
5612 172
5613 151
5614 131
5615 151
5616 122
5617 184
5618 157
5619 162
5620 186
5621 165
5622 166
5623 176
5624 171
5625 162
5626 134
5627 161
5628 179
5629 164
5630 167
5631 151
5632 174
5633 164
5634 150
5635 180
5636 169
5637 154
5638 172
5639 163
5640 157
5641 150
5642 149
5643 156
5644 163
5645 135
5646 172
5647 140
5648 154
5649 163
5650 175
5651 152
5652 144
5653 132
5654 179
5655 163
5656 149
5657 134
5658 168
5659 155
5660 149
5661 166
5662 173
5663 156
5664 158
5665 171
5666 141
5667 157
5668 163
5669 149
5670 153
5671 162
5672 154
5673 164
5674 132
5675 132
5676 151
5677 157
5678 163
5679 149
5680 158
5681 149
5682 148
5683 154
5684 171
5685 155
5686 149
5687 144
5688 118
5689 149
5690 157
5691 173
5692 157
5693 146
5694 155
5695 141
5696 160
5697 158
5698 159
5699 166
5700 122
5701 155
5702 159
5703 164
5704 157
5705 142
5706 152
5707 142
5708 158
5709 141
5710 140
5711 143
5712 162
5713 129
5714 159
5715 158
5716 146
5717 140
5718 143
5719 143
5720 164
5721 153
5722 169
5723 155
5724 148
5725 167
5726 144
5727 147
5728 159
5729 125
5730 142
5731 173
5732 144
5733 159
5734 169
5735 153
5736 142
5737 156
5738 134
5739 162
5740 147
5741 141
5742 165
5743 154
5744 146
5745 130
5746 124
5747 164
5748 115
5749 131
5750 152
5751 141
5752 133
5753 149
5754 159
5755 152
5756 165
5757 161
5758 127
5759 145
5760 138
5761 124
5762 126
5763 154
5764 133
5765 113
5766 128
5767 124
5768 140
5769 135
5770 134
5771 141
5772 128
5773 126
5774 138
5775 144
5776 126
5777 139
5778 141
5779 121
5780 129
5781 147
5782 139
5783 143
5784 117
5785 142
5786 128
5787 129
5788 150
5789 121
5790 145
5791 130
5792 136
5793 132
5794 123
5795 141
5796 130
5797 151
5798 131
5799 121
5800 129
5801 123
5802 120
5803 121
5804 105
5805 111
5806 123
5807 126
5808 127
5809 150
5810 123
5811 140
5812 132
5813 127
5814 122
5815 129
5816 114
5817 138
5818 133
5819 132
5820 130
5821 132
5822 143
5823 125
5824 120
5825 121
5826 132
5827 129
5828 127
5829 134
5830 122
5831 131
5832 123
5833 109
5834 125
5835 124
5836 107
5837 122
5838 120
5839 145
5840 112
5841 125
5842 124
5843 114
5844 130
5845 126
5846 111
5847 106
5848 120
5849 124
5850 139
5851 128
5852 115
5853 110
5854 142
5855 114
5856 128
5857 111
5858 130
5859 121
5860 117
5861 110
5862 106
5863 118
5864 115
5865 92
5866 96
5867 113
5868 113
5869 120
5870 109
5871 121
5872 97
5873 108
5874 114
5875 111
5876 113
5877 116
5878 113
5879 109
5880 116
5881 106
5882 119
5883 108
5884 127
5885 106
5886 112
5887 107
5888 103
5889 90
5890 102
5891 95
5892 107
5893 120
5894 127
5895 100
5896 95
5897 110
5898 108
5899 98
5900 110
5901 84
5902 126
5903 109
5904 90
5905 117
5906 108
5907 105
5908 105
5909 104
5910 104
5911 99
5912 107
5913 96
5914 107
5915 102
5916 97
5917 92
5918 106
5919 93
5920 102
5921 81
5922 99
5923 120
5924 101
5925 97
5926 84
5927 94
5928 77
5929 109
5930 94
5931 103
5932 99
5933 108
5934 101
5935 90
5936 85
5937 102
5938 104
5939 96
5940 98
5941 94
5942 118
5943 88
5944 92
5945 97
5946 76
5947 94
5948 97
5949 100
5950 97
5951 90
5952 97
5953 106
5954 107
5955 93
5956 81
5957 91
5958 112
5959 82
5960 100
5961 93
5962 101
5963 93
5964 105
5965 98
5966 91
5967 100
5968 83
5969 89
5970 89
5971 100
5972 95
5973 91
5974 102
5975 81
5976 103
5977 93
5978 95
5979 81
5980 82
5981 84
5982 91
5983 87
5984 82
5985 98
5986 91
5987 91
5988 104
5989 98
5990 86
5991 81
5992 98
5993 92
5994 70
5995 99
5996 92
5997 77
5998 88
5999 69
6000 73
6001 80
6002 106
6003 84
6004 86
6005 76
6006 94
6007 74
6008 87
6009 89
6010 80
6011 87
6012 75
6013 92
6014 89
6015 90
6016 113
6017 80
6018 81
6019 84
6020 90
6021 83
6022 69
6023 93
6024 79
6025 74
6026 88
6027 102
6028 68
6029 83
6030 91
6031 76
6032 103
6033 93
6034 85
6035 87
6036 73
6037 73
6038 72
6039 93
6040 70
6041 78
6042 76
6043 78
6044 86
6045 75
6046 69
6047 77
6048 64
6049 82
6050 66
6051 73
6052 62
6053 74
6054 68
6055 57
6056 80
6057 81
6058 82
6059 80
6060 61
6061 70
6062 78
6063 61
6064 84
6065 70
6066 70
6067 77
6068 82
6069 64
6070 75
6071 65
6072 65
6073 80
6074 70
6075 73
6076 70
6077 74
6078 79
6079 73
6080 79
6081 75
6082 62
6083 76
6084 62
6085 52
6086 65
6087 61
6088 61
6089 65
6090 63
6091 70
6092 60
6093 76
6094 79
6095 72
6096 80
6097 75
6098 79
6099 58
6100 70
6101 75
6102 80
6103 88
6104 75
6105 61
6106 73
6107 65
6108 63
6109 82
6110 67
6111 55
6112 76
6113 71
6114 66
6115 72
6116 81
6117 64
6118 48
6119 77
6120 57
6121 62
6122 44
6123 65
6124 52
6125 54
6126 71
6127 74
6128 61
6129 52
6130 59
6131 55
6132 76
6133 61
6134 57
6135 67
6136 91
6137 66
6138 74
6139 66
6140 79
6141 68
6142 57
6143 64
6144 75
6145 78
6146 55
6147 58
6148 75
6149 53
6150 62
6151 65
6152 53
6153 69
6154 70
6155 62
6156 56
6157 75
6158 61
6159 68
6160 65
6161 59
6162 54
6163 61
6164 55
6165 68
6166 60
6167 50
6168 72
6169 72
6170 59
6171 70
6172 53
6173 64
6174 46
6175 58
6176 60
6177 48
6178 62
6179 57
6180 78
6181 46
6182 62
6183 46
6184 66
6185 60
6186 55
6187 73
6188 64
6189 55
6190 62
6191 49
6192 55
6193 64
6194 49
6195 63
6196 60
6197 57
6198 58
6199 41
6200 68
6201 71
6202 54
6203 58
6204 55
6205 58
6206 63
6207 69
6208 55
6209 56
6210 54
6211 59
6212 52
6213 59
6214 55
6215 62
6216 67
6217 57
6218 53
6219 60
6220 61
6221 48
6222 51
6223 58
6224 66
6225 72
6226 50
6227 58
6228 50
6229 74
6230 57
6231 65
6232 51
6233 52
6234 63
6235 59
6236 40
6237 65
6238 47
6239 39
6240 50
6241 55
6242 48
6243 44
6244 69
6245 62
6246 60
6247 54
6248 50
6249 52
6250 46
6251 60
6252 60
6253 45
6254 57
6255 62
6256 50
6257 57
6258 51
6259 54
6260 55
6261 58
6262 69
6263 49
6264 54
6265 55
6266 56
6267 54
6268 56
6269 59
6270 42
6271 42
6272 51
6273 47
6274 54
6275 63
6276 47
6277 51
6278 42
6279 54
6280 49
6281 41
6282 57
6283 65
6284 55
6285 61
6286 54
6287 48
6288 55
6289 44
6290 48
6291 52
6292 57
6293 59
6294 54
6295 51
6296 54
6297 50
6298 46
6299 53
6300 45
6301 51
6302 59
6303 54
6304 48
6305 57
6306 49
6307 58
6308 55
6309 56
6310 48
6311 65
6312 53
6313 58
6314 55
6315 65
6316 53
6317 39
6318 43
6319 51
6320 61
6321 59
6322 40
6323 56
6324 44
6325 53
6326 48
6327 59
6328 64
6329 61
6330 57
6331 64
6332 55
6333 62
6334 58
6335 51
6336 53
6337 51
6338 52
6339 55
6340 54
6341 61
6342 49
6343 51
6344 60
6345 45
6346 53
6347 64
6348 76
6349 47
6350 45
6351 67
6352 77
6353 54
6354 49
6355 45
6356 56
6357 41
6358 61
6359 50
6360 52
6361 53
6362 54
6363 44
6364 49
6365 52
6366 43
6367 47
6368 54
6369 48
6370 49
6371 56
6372 48
6373 50
6374 52
6375 56
6376 63
6377 51
6378 52
6379 52
6380 62
6381 54
6382 53
6383 40
6384 53
6385 59
6386 50
6387 48
6388 55
6389 39
6390 44
6391 56
6392 59
6393 57
6394 55
6395 62
6396 61
6397 53
6398 53
6399 52
6400 63
6401 48
6402 42
6403 55
6404 66
6405 57
6406 49
6407 52
6408 67
6409 48
6410 55
6411 59
6412 55
6413 56
6414 51
6415 53
6416 54
6417 62
6418 46
6419 39
6420 62
6421 53
6422 61
6423 54
6424 43
6425 52
6426 56
6427 57
6428 42
6429 40
6430 55
6431 64
6432 53
6433 50
6434 44
6435 48
6436 46
6437 47
6438 51
6439 46
6440 38
6441 38
6442 52
6443 47
6444 39
6445 52
6446 51
6447 61
6448 49
6449 44
6450 42
6451 54
6452 48
6453 43
6454 44
6455 47
6456 44
6457 54
6458 52
6459 51
6460 40
6461 46
6462 56
6463 46
6464 65
6465 53
6466 43
6467 57
6468 65
6469 38
6470 53
6471 58
6472 52
6473 56
6474 51
6475 56
6476 62
6477 55
6478 39
6479 51
6480 45
6481 59
6482 56
6483 63
6484 51
6485 46
6486 40
6487 57
6488 49
6489 38
6490 40
6491 40
6492 48
6493 53
6494 52
6495 46
6496 52
6497 51
6498 53
6499 53
6500 60
6501 36
6502 64
6503 46
6504 50
6505 64
6506 34
6507 42
6508 49
6509 48
6510 49
6511 60
6512 50
6513 54
6514 60
6515 45
6516 47
6517 51
6518 61
6519 45
6520 46
6521 44
6522 53
6523 48
6524 45
6525 43
6526 56
6527 58
6528 53
6529 48
6530 49
6531 62
6532 51
6533 42
6534 41
6535 52
6536 59
6537 51
6538 52
6539 49
6540 48
6541 52
6542 45
6543 49
6544 61
6545 40
6546 48
6547 54
6548 68
6549 59
6550 43
6551 49
6552 43
6553 44
6554 48
6555 46
6556 53
6557 48
6558 55
6559 38
6560 47
6561 44
6562 44
6563 59
6564 40
6565 47
6566 51
6567 47
6568 59
6569 53
6570 55
6571 59
6572 54
6573 51
6574 38
6575 53
6576 43
6577 45
6578 36
6579 48
6580 49
6581 53
6582 46
6583 50
6584 56
6585 43
6586 41
6587 35
6588 45
6589 49
6590 40
6591 53
6592 44
6593 53
6594 39
6595 57
6596 49
6597 51
6598 44
6599 49
6600 45
6601 40
6602 36
6603 44
6604 38
6605 48
6606 51
6607 49
6608 53
6609 49
6610 61
6611 58
6612 46
6613 41
6614 50
6615 50
6616 41
6617 47
6618 45
6619 46
6620 51
6621 50
6622 46
6623 58
6624 61
6625 37
6626 42
6627 49
6628 61
6629 64
6630 55
6631 65
6632 42
6633 51
6634 38
6635 50
6636 47
6637 44
6638 49
6639 53
6640 43
6641 52
6642 40
6643 34
6644 46
6645 52
6646 64
6647 36
6648 54
6649 41
6650 41
6651 52
6652 44
6653 47
6654 49
6655 45
6656 41
6657 48
6658 44
6659 55
6660 44
6661 45
6662 51
6663 55
6664 50
6665 45
6666 53
6667 46
6668 43
6669 46
6670 41
6671 46
6672 47
6673 50
6674 41
6675 40
6676 52
6677 36
6678 46
6679 47
6680 50
6681 63
6682 52
6683 39
6684 54
6685 49
6686 54
6687 48
6688 51
6689 54
6690 53
6691 42
6692 45
6693 42
6694 55
6695 48
6696 41
6697 41
6698 43
6699 59
6700 50
6701 66
6702 50
6703 51
6704 51
6705 47
6706 40
6707 50
6708 41
6709 34
6710 54
6711 51
6712 44
6713 44
6714 47
6715 45
6716 51
6717 41
6718 54
6719 53
6720 50
6721 53
6722 51
6723 47
6724 39
6725 41
6726 47
6727 48
6728 52
6729 37
6730 47
6731 44
6732 47
6733 52
6734 47
6735 52
6736 57
6737 44
6738 43
6739 58
6740 51
6741 51
6742 50
6743 40
6744 44
6745 42
6746 45
6747 51
6748 38
6749 52
6750 49
6751 43
6752 42
6753 37
6754 50
6755 53
6756 39
6757 53
6758 37
6759 59
6760 42
6761 45
6762 41
6763 46
6764 45
6765 37
6766 47
6767 61
6768 52
6769 41
6770 48
6771 52
6772 53
6773 44
6774 51
6775 48
6776 47
6777 51
6778 39
6779 63
6780 38
6781 49
6782 52
6783 45
6784 56
6785 75
6786 54
6787 51
6788 44
6789 50
6790 41
6791 54
6792 41
6793 43
6794 58
6795 47
6796 60
6797 45
6798 47
6799 48
6800 44
6801 38
6802 39
6803 51
6804 60
6805 45
6806 43
6807 53
6808 55
6809 59
6810 39
6811 47
6812 41
6813 45
6814 50
6815 46
6816 51
6817 58
6818 48
6819 50
6820 44
6821 54
6822 50
6823 47
6824 39
6825 51
6826 56
6827 37
6828 48
6829 40
6830 45
6831 46
6832 52
6833 51
6834 38
6835 53
6836 50
6837 50
6838 41
6839 62
6840 52
6841 41
6842 50
6843 53
6844 49
6845 55
6846 40
6847 55
6848 44
6849 51
6850 53
6851 50
6852 39
6853 49
6854 45
6855 47
6856 64
6857 50
6858 49
6859 56
6860 49
6861 35
6862 48
6863 54
6864 55
6865 35
6866 49
6867 48
6868 48
6869 46
6870 51
6871 41
6872 54
6873 50
6874 44
6875 49
6876 30
6877 41
6878 41
6879 51
6880 52
6881 45
6882 40
6883 54
6884 54
6885 46
6886 51
6887 55
6888 52
6889 46
6890 54
6891 32
6892 43
6893 42
6894 39
6895 36
6896 43
6897 41
6898 41
6899 59
6900 31
6901 38
6902 43
6903 37
6904 46
6905 59
6906 52
6907 46
6908 44
6909 48
6910 46
6911 48
6912 38
6913 55
6914 33
6915 51
6916 44
6917 46
6918 55
6919 50
6920 49
6921 49
6922 51
6923 49
6924 35
6925 58
6926 42
6927 53
6928 32
6929 53
6930 40
6931 51
6932 40
6933 28
6934 49
6935 53
6936 44
6937 57
6938 63
6939 51
6940 44
6941 45
6942 49
6943 43
6944 35
6945 60
6946 54
6947 51
6948 50
6949 60
6950 52
6951 44
6952 39
6953 53
6954 52
6955 46
6956 46
6957 48
6958 44
6959 52
6960 50
6961 57
6962 46
6963 48
6964 45
6965 55
6966 43
6967 49
6968 41
6969 57
6970 36
6971 37
6972 40
6973 32
6974 49
6975 48
6976 51
6977 47
6978 46
6979 37
6980 46
6981 55
6982 44
6983 32
6984 43
6985 36
6986 49
6987 40
6988 47
6989 47
6990 41
6991 35
6992 42
6993 66
6994 45
6995 40
6996 42
6997 55
6998 45
6999 46
7000 47
7001 47
7002 42
7003 39
7004 42
7005 41
7006 37
7007 53
7008 44
7009 49
7010 46
7011 44
7012 42
7013 51
7014 45
7015 39
7016 46
7017 51
7018 38
7019 58
7020 43
7021 44
7022 45
7023 47
7024 43
7025 49
7026 46
7027 44
7028 51
7029 43
7030 40
7031 39
7032 37
7033 48
7034 58
7035 44
7036 36
7037 34
7038 31
7039 42
7040 56
7041 47
7042 33
7043 40
7044 49
7045 30
7046 44
7047 59
7048 45
7049 38
7050 43
7051 50
7052 40
7053 48
7054 45
7055 38
7056 52
7057 48
7058 43
7059 52
7060 39
7061 49
7062 52
7063 46
7064 54
7065 49
7066 53
7067 42
7068 45
7069 47
7070 47
7071 30
7072 44
7073 44
7074 41
7075 53
7076 41
7077 40
7078 45
7079 44
7080 44
7081 47
7082 47
7083 47
7084 44
7085 49
7086 33
7087 38
7088 45
7089 47
7090 29
7091 39
7092 36
7093 38
7094 44
7095 37
7096 49
7097 39
7098 51
7099 48
7100 52
7101 31
7102 38
7103 47
7104 47
7105 34
7106 55
7107 43
7108 44
7109 36
7110 34
7111 48
7112 48
7113 34
7114 41
7115 46
7116 45
7117 49
7118 48
7119 41
7120 49
7121 41
7122 45
7123 40
7124 48
7125 39
7126 50
7127 48
7128 35
7129 31
7130 35
7131 31
7132 34
7133 34
7134 43
7135 38
7136 47
7137 51
7138 37
7139 50
7140 44
7141 34
7142 44
7143 45
7144 43
7145 32
7146 32
7147 43
7148 41
7149 40
7150 42
7151 49
7152 48
7153 46
7154 42
7155 39
7156 36
7157 27
7158 54
7159 48
7160 52
7161 64
7162 36
7163 45
7164 42
7165 35
7166 36
7167 51
7168 48
7169 45
7170 43
7171 59
7172 44
7173 44
7174 34
7175 49
7176 46
7177 33
7178 30
7179 34
7180 40
7181 47
7182 39
7183 45
7184 30
7185 42
7186 39
7187 46
7188 54
7189 66
7190 47
7191 43
7192 43
7193 45
7194 49
7195 34
7196 42
7197 50
7198 42
7199 47
7200 44
7201 42
7202 48
7203 44
7204 40
7205 38
7206 43
7207 43
7208 43
7209 33
7210 59
7211 41
7212 57
7213 40
7214 56
7215 47
7216 42
7217 45
7218 48
7219 37
7220 42
7221 41
7222 48
7223 47
7224 50
7225 39
7226 44
7227 42
7228 40
7229 44
7230 43
7231 46
7232 51
7233 46
7234 34
7235 53
7236 44
7237 42
7238 43
7239 38
7240 37
7241 38
7242 45
7243 45
7244 30
7245 50
7246 45
7247 40
7248 41
7249 33
7250 35
7251 36
7252 41
7253 44
7254 45
7255 41
7256 43
7257 45
7258 50
7259 37
7260 47
7261 31
7262 44
7263 43
7264 35
7265 41
7266 50
7267 38
7268 37
7269 51
7270 44
7271 43
7272 44
7273 44
7274 35
7275 53
7276 42
7277 46
7278 43
7279 50
7280 36
7281 36
7282 42
7283 48
7284 41
7285 41
7286 48
7287 44
7288 44
7289 47
7290 22
7291 46
7292 50
7293 47
7294 52
7295 30
7296 48
7297 56
7298 34
7299 39
7300 38
7301 43
7302 38
7303 34
7304 35
7305 44
7306 44
7307 42
7308 56
7309 36
7310 50
7311 54
7312 47
7313 33
7314 39
7315 47
7316 33
7317 51
7318 35
7319 38
7320 49
7321 44
7322 45
7323 33
7324 27
7325 58
7326 45
7327 32
7328 44
7329 42
7330 50
7331 34
7332 43
7333 45
7334 38
7335 40
7336 40
7337 37
7338 46
7339 35
7340 47
7341 42
7342 32
7343 31
7344 32
7345 38
7346 27
7347 31
7348 39
7349 29
7350 44
7351 44
7352 43
7353 34
7354 39
7355 51
7356 31
7357 53
7358 41
7359 43
7360 35
7361 41
7362 52
7363 38
7364 46
7365 40
7366 33
7367 51
7368 47
7369 45
7370 38
7371 29
7372 41
7373 32
7374 41
7375 48
7376 39
7377 30
7378 31
7379 39
7380 55
7381 39
7382 23
7383 47
7384 36
7385 40
7386 44
7387 36
7388 57
7389 34
7390 52
7391 48
7392 48
7393 46
7394 33
7395 39
7396 22
7397 48
7398 48
7399 38
7400 41
7401 55
7402 39
7403 34
7404 51
7405 40
7406 36
7407 33
7408 33
7409 38
7410 42
7411 40
7412 54
7413 38
7414 42
7415 53
7416 42
7417 32
7418 39
7419 44
7420 43
7421 39
7422 34
7423 40
7424 46
7425 42
7426 37
7427 42
7428 35
7429 38
7430 44
7431 48
7432 37
7433 44
7434 36
7435 49
7436 54
7437 38
7438 36
7439 48
7440 31
7441 35
7442 35
7443 43
7444 48
7445 33
7446 51
7447 41
7448 44
7449 39
7450 42
7451 40
7452 34
7453 36
7454 46
7455 40
7456 45
7457 47
7458 50
7459 42
7460 55
7461 46
7462 37
7463 47
7464 35
7465 40
7466 39
7467 47
7468 38
7469 39
7470 40
7471 42
7472 32
7473 34
7474 48
7475 44
7476 37
7477 39
7478 43
7479 46
7480 39
7481 36
7482 36
7483 46
7484 33
7485 42
7486 39
7487 33
7488 34
7489 34
7490 35
7491 45
7492 37
7493 30
7494 39
7495 49
7496 35
7497 34
7498 36
7499 41
7500 29
7501 48
7502 44
7503 40
7504 44
7505 39
7506 34
7507 35
7508 35
7509 40
7510 39
7511 36
7512 34
7513 34
7514 36
7515 34
7516 35
7517 38
7518 34
7519 40
7520 41
7521 44
7522 46
7523 32
7524 29
7525 47
7526 42
7527 44
7528 35
7529 42
7530 51
7531 38
7532 42
7533 34
7534 33
7535 34
7536 32
7537 35
7538 47
7539 35
7540 40
7541 34
7542 39
7543 45
7544 38
7545 43
7546 31
7547 33
7548 42
7549 41
7550 27
7551 37
7552 36
7553 26
7554 39
7555 28
7556 43
7557 39
7558 40
7559 38
7560 31
7561 34
7562 46
7563 29
7564 38
7565 36
7566 36
7567 42
7568 49
7569 30
7570 36
7571 35
7572 39
7573 28
7574 44
7575 25
7576 35
7577 36
7578 34
7579 43
7580 39
7581 28
7582 51
7583 36
7584 45
7585 29
7586 26
7587 32
7588 38
7589 27
7590 38
7591 37
7592 57
7593 34
7594 38
7595 38
7596 45
7597 57
7598 31
7599 45
7600 38
7601 46
7602 36
7603 37
7604 34
7605 29
7606 34
7607 38
7608 36
7609 47
7610 39
7611 43
7612 48
7613 32
7614 45
7615 41
7616 35
7617 35
7618 44
7619 33
7620 43
7621 40
7622 39
7623 32
7624 52
7625 30
7626 38
7627 47
7628 50
7629 38
7630 30
7631 41
7632 37
7633 42
7634 33
7635 36
7636 36
7637 29
7638 40
7639 34
7640 38
7641 38
7642 27
7643 34
7644 38
7645 50
7646 38
7647 34
7648 34
7649 32
7650 36
7651 37
7652 36
7653 41
7654 42
7655 38
7656 34
7657 23
7658 39
7659 29
7660 37
7661 36
7662 30
7663 38
7664 31
7665 34
7666 32
7667 30
7668 29
7669 40
7670 47
7671 47
7672 42
7673 27
7674 33
7675 43
7676 33
7677 31
7678 27
7679 43
7680 40
7681 34
7682 34
7683 41
7684 37
7685 42
7686 28
7687 38
7688 31
7689 44
7690 29
7691 31
7692 37
7693 32
7694 26
7695 29
7696 34
7697 33
7698 30
7699 35
7700 29
7701 28
7702 27
7703 38
7704 27
7705 41
7706 21
7707 46
7708 30
7709 29
7710 30
7711 36
7712 38
7713 29
7714 34
7715 29
7716 43
7717 35
7718 35
7719 25
7720 34
7721 34
7722 31
7723 32
7724 35
7725 39
7726 42
7727 27
7728 34
7729 36
7730 33
7731 27
7732 43
7733 39
7734 35
7735 34
7736 34
7737 36
7738 31
7739 39
7740 43
7741 28
7742 31
7743 36
7744 30
7745 32
7746 47
7747 30
7748 32
7749 43
7750 34
7751 25
7752 29
7753 27
7754 33
7755 39
7756 36
7757 42
7758 34
7759 28
7760 31
7761 27
7762 33
7763 35
7764 31
7765 33
7766 35
7767 25
7768 42
7769 31
7770 33
7771 26
7772 27
7773 29
7774 29
7775 35
7776 31
7777 33
7778 34
7779 28
7780 39
7781 23
7782 29
7783 27
7784 41
7785 38
7786 34
7787 30
7788 34
7789 29
7790 33
7791 29
7792 33
7793 27
7794 31
7795 26
7796 29
7797 37
7798 29
7799 33
7800 45
7801 41
7802 30
7803 47
7804 33
7805 34
7806 37
7807 34
7808 31
7809 41
7810 26
7811 31
7812 33
7813 25
7814 23
7815 29
7816 27
7817 33
7818 33
7819 30
7820 36
7821 36
7822 27
7823 25
7824 25
7825 43
7826 39
7827 32
7828 30
7829 37
7830 32
7831 32
7832 30
7833 31
7834 27
7835 29
7836 35
7837 31
7838 39
7839 39
7840 19
7841 33
7842 25
7843 26
7844 35
7845 32
7846 40
7847 29
7848 37
7849 31
7850 27
7851 33
7852 30
7853 34
7854 32
7855 33
7856 35
7857 30
7858 22
7859 37
7860 33
7861 32
7862 23
7863 29
7864 31
7865 31
7866 32
7867 38
7868 35
7869 29
7870 23
7871 28
7872 33
7873 33
7874 29
7875 29
7876 37
7877 30
7878 30
7879 41
7880 34
7881 35
7882 28
7883 30
7884 29
7885 40
7886 23
7887 31
7888 32
7889 40
7890 29
7891 25
7892 30
7893 35
7894 35
7895 32
7896 36
7897 39
7898 34
7899 29
7900 25
7901 29
7902 26
7903 36
7904 39
7905 32
7906 33
7907 29
7908 29
7909 27
7910 30
7911 29
7912 34
7913 26
7914 29
7915 37
7916 41
7917 38
7918 34
7919 33
7920 26
7921 30
7922 30
7923 30
7924 36
7925 23
7926 39
7927 31
7928 30
7929 32
7930 30
7931 26
7932 33
7933 35
7934 35
7935 28
7936 29
7937 39
7938 28
7939 43
7940 28
7941 27
7942 35
7943 26
7944 34
7945 41
7946 29
7947 27
7948 24
7949 29
7950 30
7951 27
7952 39
7953 28
7954 36
7955 31
7956 37
7957 31
7958 31
7959 30
7960 38
7961 27
7962 34
7963 36
7964 29
7965 28
7966 30
7967 36
7968 29
7969 28
7970 28
7971 29
7972 31
7973 34
7974 33
7975 34
7976 33
7977 38
7978 28
7979 24
7980 33
7981 35
7982 38
7983 36
7984 27
7985 47
7986 28
7987 41
7988 35
7989 34
7990 43
7991 25
7992 30
7993 31
7994 29
7995 31
7996 29
7997 35
7998 30
7999 34
8000 36
8001 34
8002 29
8003 22
8004 43
8005 31
8006 33
8007 31
8008 31
8009 28
8010 25
8011 42
8012 32
8013 25
8014 36
8015 33
8016 32
8017 27
8018 28
8019 30
8020 25
8021 34
8022 19
8023 39
8024 26
8025 33
8026 27
8027 27
8028 32
8029 42
8030 42
8031 31
8032 38
8033 20
8034 26
8035 33
8036 28
8037 37
8038 44
8039 39
8040 30
8041 25
8042 22
8043 26
8044 28
8045 32
8046 27
8047 33
8048 22
8049 31
8050 41
8051 28
8052 35
8053 38
8054 30
8055 36
8056 30
8057 26
8058 30
8059 29
8060 38
8061 25
8062 33
8063 27
8064 35
8065 24
8066 28
8067 26
8068 24
8069 41
8070 25
8071 39
8072 41
8073 25
8074 31
8075 36
8076 30
8077 30
8078 23
8079 32
8080 40
8081 36
8082 33
8083 29
8084 35
8085 27
8086 32
8087 17
8088 34
8089 26
8090 40
8091 31
8092 41
8093 33
8094 44
8095 30
8096 30
8097 39
8098 39
8099 24
8100 30
8101 35
8102 37
8103 43
8104 44
8105 27
8106 35
8107 30
8108 26
8109 36
8110 33
8111 32
8112 29
8113 31
8114 28
8115 29
8116 24
8117 28
8118 26
8119 34
8120 28
8121 30
8122 35
8123 37
8124 34
8125 24
8126 31
8127 33
8128 38
8129 41
8130 38
8131 34
8132 40
8133 35
8134 32
8135 38
8136 28
8137 45
8138 33
8139 33
8140 25
8141 24
8142 32
8143 27
8144 25
8145 45
8146 37
8147 29
8148 30
8149 34
8150 37
8151 28
8152 34
8153 34
8154 42
8155 32
8156 37
8157 30
8158 38
8159 30
8160 34
8161 24
8162 26
8163 33
8164 25
8165 33
8166 25
8167 34
8168 27
8169 35
8170 28
8171 35
8172 30
8173 22
8174 35
8175 33
8176 35
8177 22
8178 41
8179 41
8180 34
8181 37
8182 28
8183 32
8184 26
8185 30
8186 32
8187 28
8188 32
8189 39
8190 34
8191 31
8192 23
8193 24
8194 34
8195 28
8196 28
8197 35
8198 25
8199 26
8200 33
8201 35
8202 21
8203 34
8204 26
8205 25
8206 29
8207 37
8208 28
8209 25
8210 27
8211 38
8212 20
8213 25
8214 27
8215 35
8216 26
8217 34
8218 32
8219 31
8220 29
8221 26
8222 39
8223 32
8224 34
8225 22
8226 35
8227 30
8228 29
8229 29
8230 27
8231 22
8232 32
8233 27
8234 22
8235 27
8236 19
8237 21
8238 34
8239 26
8240 30
8241 36
8242 29
8243 25
8244 29
8245 33
8246 29
8247 39
8248 27
8249 29
8250 27
8251 22
8252 39
8253 25
8254 26
8255 37
8256 27
8257 28
8258 20
8259 24
8260 18
8261 41
8262 28
8263 26
8264 32
8265 33
8266 26
8267 25
8268 31
8269 30
8270 18
8271 37
8272 22
8273 30
8274 33
8275 22
8276 31
8277 31
8278 27
8279 22
8280 32
8281 33
8282 30
8283 37
8284 40
8285 39
8286 22
8287 36
8288 33
8289 21
8290 24
8291 34
8292 28
8293 29
8294 20
8295 21
8296 29
8297 36
8298 34
8299 35
8300 39
8301 27
8302 30
8303 27
8304 32
8305 29
8306 23
8307 25
8308 26
8309 21
8310 29
8311 31
8312 31
8313 29
8314 24
8315 24
8316 26
8317 27
8318 37
8319 34
8320 23
8321 34
8322 27
8323 19
8324 24
8325 33
8326 28
8327 25
8328 37
8329 32
8330 24
8331 26
8332 30
8333 33
8334 14
8335 35
8336 30
8337 26
8338 30
8339 36
8340 31
8341 29
8342 32
8343 28
8344 25
8345 30
8346 26
8347 30
8348 31
8349 36
8350 33
8351 38
8352 29
8353 31
8354 30
8355 31
8356 27
8357 36
8358 21
8359 32
8360 17
8361 23
8362 30
8363 30
8364 27
8365 31
8366 23
8367 29
8368 28
8369 30
8370 44
8371 26
8372 31
8373 34
8374 31
8375 34
8376 22
8377 28
8378 24
8379 26
8380 37
8381 26
8382 39
8383 28
8384 27
8385 28
8386 29
8387 33
8388 26
8389 36
8390 33
8391 32
8392 22
8393 23
8394 36
8395 32
8396 20
8397 18
8398 29
8399 33
8400 32
8401 29
8402 27
8403 15
8404 27
8405 33
8406 26
8407 29
8408 32
8409 27
8410 39
8411 28
8412 19
8413 30
8414 30
8415 18
8416 41
8417 36
8418 32
8419 25
8420 24
8421 29
8422 35
8423 25
8424 26
8425 27
8426 32
8427 36
8428 32
8429 27
8430 33
8431 30
8432 30
8433 21
8434 26
8435 32
8436 31
8437 33
8438 41
8439 23
8440 26
8441 30
8442 34
8443 31
8444 26
8445 24
8446 26
8447 29
8448 30
8449 32
8450 27
8451 25
8452 29
8453 27
8454 29
8455 29
8456 20
8457 26
8458 30
8459 38
8460 32
8461 27
8462 25
8463 29
8464 34
8465 34
8466 31
8467 28
8468 32
8469 33
8470 34
8471 34
8472 33
8473 38
8474 30
8475 35
8476 21
8477 22
8478 34
8479 28
8480 30
8481 25
8482 27
8483 20
8484 40
8485 30
8486 27
8487 27
8488 30
8489 28
8490 34
8491 29
8492 27
8493 26
8494 35
8495 36
8496 39
8497 28
8498 26
8499 27
8500 27
8501 31
8502 20
8503 27
8504 27
8505 30
8506 29
8507 26
8508 26
8509 27
8510 29
8511 27
8512 30
8513 34
8514 34
8515 35
8516 22
8517 27
8518 28
8519 20
8520 34
8521 24
8522 27
8523 27
8524 29
8525 24
8526 27
8527 21
8528 22
8529 20
8530 29
8531 27
8532 26
8533 29
8534 22
8535 27
8536 27
8537 31
8538 24
8539 34
8540 27
8541 33
8542 30
8543 24
8544 26
8545 27
8546 32
8547 30
8548 24
8549 20
8550 23
8551 36
8552 22
8553 34
8554 27
8555 32
8556 27
8557 29
8558 27
8559 26
8560 33
8561 26
8562 19
8563 31
8564 18
8565 31
8566 25
8567 29
8568 35
8569 34
8570 33
8571 30
8572 29
8573 26
8574 26
8575 27
8576 21
8577 25
8578 24
8579 23
8580 24
8581 23
8582 31
8583 21
8584 25
8585 39
8586 29
8587 34
8588 33
8589 34
8590 21
8591 31
8592 31
8593 32
8594 31
8595 29
8596 24
8597 33
8598 29
8599 37
8600 29
8601 33
8602 36
8603 17
8604 42
8605 29
8606 33
8607 21
8608 31
8609 34
8610 34
8611 28
8612 22
8613 19
8614 29
8615 26
8616 30
8617 20
8618 28
8619 21
8620 41
8621 30
8622 34
8623 28
8624 25
8625 35
8626 37
8627 39
8628 32
8629 31
8630 17
8631 29
8632 32
8633 36
8634 26
8635 25
8636 25
8637 32
8638 16
8639 20
8640 34
8641 28
8642 22
8643 20
8644 20
8645 30
8646 29
8647 26
8648 32
8649 25
8650 30
8651 23
8652 27
8653 32
8654 32
8655 30
8656 41
8657 25
8658 39
8659 37
8660 31
8661 36
8662 31
8663 28
8664 33
8665 33
8666 21
8667 23
8668 19
8669 26
8670 36
8671 23
8672 37
8673 18
8674 27
8675 38
8676 31
8677 19
8678 27
8679 15
8680 29
8681 23
8682 30
8683 27
8684 22
8685 29
8686 32
8687 27
8688 36
8689 27
8690 24
8691 23
8692 28
8693 27
8694 31
8695 18
8696 22
8697 25
8698 33
8699 27
8700 30
8701 31
8702 31
8703 21
8704 31
8705 27
8706 31
8707 26
8708 28
8709 28
8710 35
8711 24
8712 24
8713 35
8714 30
8715 26
8716 23
8717 25
8718 30
8719 21
8720 31
8721 30
8722 26
8723 26
8724 27
8725 27
8726 23
8727 20
8728 31
8729 29
8730 20
8731 26
8732 37
8733 22
8734 23
8735 27
8736 30
8737 35
8738 26
8739 23
8740 22
8741 26
8742 31
8743 32
8744 29
8745 14
8746 24
8747 29
8748 31
8749 40
8750 20
8751 36
8752 29
8753 18
8754 22
8755 38
8756 29
8757 26
8758 29
8759 28
8760 24
8761 30
8762 20
8763 35
8764 20
8765 25
8766 25
8767 34
8768 24
8769 30
8770 27
8771 27
8772 34
8773 25
8774 32
8775 27
8776 34
8777 38
8778 30
8779 24
8780 25
8781 34
8782 34
8783 27
8784 34
8785 33
8786 36
8787 24
8788 25
8789 24
8790 23
8791 22
8792 27
8793 28
8794 27
8795 22
8796 26
8797 33
8798 26
8799 27
8800 24
8801 27
8802 26
8803 31
8804 27
8805 30
8806 32
8807 19
8808 21
8809 18
8810 24
8811 23
8812 35
8813 32
8814 26
8815 17
8816 26
8817 27
8818 15
8819 25
8820 26
8821 30
8822 25
8823 28
8824 26
8825 23
8826 34
8827 37
8828 28
8829 36
8830 25
8831 25
8832 26
8833 31
8834 22
8835 21
8836 23
8837 28
8838 21
8839 23
8840 15
8841 25
8842 26
8843 20
8844 32
8845 16
8846 38
8847 23
8848 31
8849 30
8850 26
8851 19
8852 29
8853 25
8854 26
8855 21
8856 18
8857 18
8858 24
8859 21
8860 23
8861 26
8862 20
8863 18
8864 16
8865 20
8866 33
8867 22
8868 40
8869 26
8870 21
8871 27
8872 22
8873 20
8874 23
8875 29
8876 26
8877 23
8878 29
8879 25
8880 29
8881 30
8882 22
8883 32
8884 21
8885 27
8886 16
8887 22
8888 32
8889 27
8890 30
8891 23
8892 29
8893 45
8894 29
8895 22
8896 27
8897 28
8898 28
8899 26
8900 35
8901 27
8902 34
8903 22
8904 32
8905 29
8906 27
8907 17
8908 19
8909 24
8910 27
8911 24
8912 23
8913 29
8914 32
8915 23
8916 32
8917 26
8918 32
8919 35
8920 33
8921 22
8922 29
8923 28
8924 35
8925 36
8926 35
8927 23
8928 23
8929 29
8930 20
8931 29
8932 31
8933 35
8934 22
8935 34
8936 12
8937 27
8938 32
8939 17
8940 27
8941 29
8942 22
8943 27
8944 30
8945 20
8946 29
8947 25
8948 16
8949 26
8950 17
8951 20
8952 26
8953 26
8954 26
8955 24
8956 22
8957 28
8958 34
8959 20
8960 41
8961 29
8962 32
8963 24
8964 28
8965 24
8966 25
8967 34
8968 28
8969 32
8970 20
8971 30
8972 31
8973 22
8974 23
8975 23
8976 37
8977 35
8978 22
8979 23
8980 34
8981 27
8982 33
8983 25
8984 32
8985 19
8986 24
8987 28
8988 34
8989 27
8990 32
8991 22
8992 26
8993 25
8994 37
8995 35
8996 30
8997 35
8998 24
8999 37
9000 28
9001 29
9002 29
9003 19
9004 28
9005 32
9006 24
9007 30
9008 24
9009 21
9010 20
9011 33
9012 30
9013 36
9014 27
9015 27
9016 25
9017 36
9018 31
9019 29
9020 27
9021 32
9022 22
9023 21
9024 30
9025 32
9026 24
9027 25
9028 30
9029 25
9030 26
9031 18
9032 22
9033 25
9034 27
9035 34
9036 35
9037 29
9038 25
9039 34
9040 25
9041 28
9042 40
9043 27
9044 27
9045 29
9046 33
9047 22
9048 17
9049 24
9050 39
9051 23
9052 20
9053 22
9054 24
9055 33
9056 25
9057 23
9058 24
9059 27
9060 17
9061 24
9062 32
9063 22
9064 30
9065 22
9066 26
9067 26
9068 19
9069 39
9070 25
9071 23
9072 21
9073 28
9074 18
9075 23
9076 32
9077 15
9078 22
9079 26
9080 33
9081 31
9082 25
9083 25
9084 25
9085 31
9086 21
9087 28
9088 28
9089 23
9090 19
9091 29
9092 19
9093 31
9094 35
9095 31
9096 20
9097 17
9098 23
9099 22
9100 24
9101 34
9102 28
9103 18
9104 27
9105 33
9106 28
9107 25
9108 23
9109 25
9110 26
9111 19
9112 18
9113 36
9114 27
9115 22
9116 24
9117 26
9118 24
9119 22
9120 34
9121 18
9122 24
9123 39
9124 28
9125 23
9126 29
9127 35
9128 25
9129 23
9130 23
9131 26
9132 23
9133 26
9134 18
9135 35
9136 34
9137 26
9138 22
9139 28
9140 34
9141 25
9142 21
9143 24
9144 22
9145 20
9146 21
9147 31
9148 19
9149 26
9150 23
9151 27
9152 23
9153 26
9154 21
9155 25
9156 35
9157 28
9158 23
9159 20
9160 16
9161 24
9162 24
9163 23
9164 33
9165 30
9166 25
9167 23
9168 20
9169 20
9170 24
9171 28
9172 25
9173 27
9174 24
9175 21
9176 20
9177 19
9178 30
9179 18
9180 26
9181 23
9182 22
9183 23
9184 24
9185 35
9186 24
9187 22
9188 29
9189 22
9190 28
9191 22
9192 22
9193 28
9194 24
9195 18
9196 30
9197 40
9198 22
9199 23
9200 20
9201 31
9202 17
9203 22
9204 24
9205 22
9206 20
9207 18
9208 20
9209 31
9210 20
9211 34
9212 23
9213 27
9214 23
9215 34
9216 24
9217 22
9218 22
9219 25
9220 22
9221 17
9222 23
9223 27
9224 34
9225 33
9226 23
9227 19
9228 30
9229 34
9230 25
9231 20
9232 29
9233 32
9234 26
9235 31
9236 27
9237 27
9238 33
9239 18
9240 22
9241 45
9242 34
9243 25
9244 26
9245 23
9246 29
9247 31
9248 26
9249 20
9250 29
9251 17
9252 28
9253 23
9254 29
9255 28
9256 18
9257 18
9258 23
9259 26
9260 23
9261 22
9262 22
9263 26
9264 35
9265 22
9266 30
9267 29
9268 29
9269 17
9270 33
9271 22
9272 34
9273 32
9274 37
9275 25
9276 24
9277 25
9278 16
9279 22
9280 30
9281 27
9282 23
9283 25
9284 25
9285 27
9286 28
9287 17
9288 28
9289 21
9290 36
9291 18
9292 26
9293 27
9294 21
9295 35
9296 21
9297 26
9298 23
9299 32
9300 30
9301 27
9302 20
9303 36
9304 30
9305 35
9306 21
9307 29
9308 21
9309 26
9310 32
9311 24
9312 34
9313 29
9314 20
9315 32
9316 34
9317 27
9318 27
9319 29
9320 30
9321 21
9322 33
9323 15
9324 32
9325 28
9326 18
9327 29
9328 29
9329 37
9330 29
9331 21
9332 20
9333 20
9334 32
9335 32
9336 35
9337 34
9338 28
9339 24
9340 20
9341 24
9342 30
9343 27
9344 11
9345 27
9346 21
9347 27
9348 32
9349 20
9350 24
9351 28
9352 32
9353 27
9354 22
9355 23
9356 15
9357 31
9358 23
9359 31
9360 22
9361 36
9362 27
9363 22
9364 28
9365 24
9366 30
9367 18
9368 19
9369 29
9370 31
9371 32
9372 34
9373 31
9374 21
9375 27
9376 23
9377 25
9378 33
9379 18
9380 35
9381 24
9382 30
9383 22
9384 20
9385 31
9386 24
9387 18
9388 29
9389 24
9390 28
9391 34
9392 34
9393 28
9394 29
9395 22
9396 23
9397 29
9398 21
9399 26
9400 27
9401 27
9402 23
9403 21
9404 42
9405 33
9406 27
9407 36
9408 31
9409 27
9410 36
9411 21
9412 29
9413 19
9414 21
9415 26
9416 22
9417 22
9418 26
9419 19
9420 38
9421 28
9422 33
9423 23
9424 28
9425 19
9426 15
9427 27
9428 32
9429 21
9430 25
9431 29
9432 29
9433 29
9434 24
9435 30
9436 17
9437 26
9438 22
9439 22
9440 23
9441 32
9442 32
9443 31
9444 24
9445 29
9446 24
9447 27
9448 35
9449 24
9450 22
9451 19
9452 30
9453 24
9454 28
9455 30
9456 26
9457 21
9458 22
9459 29
9460 29
9461 28
9462 28
9463 26
9464 28
9465 19
9466 18
9467 28
9468 29
9469 25
9470 21
9471 24
9472 22
9473 27
9474 28
9475 22
9476 24
9477 30
9478 31
9479 36
9480 22
9481 21
9482 31
9483 30
9484 26
9485 26
9486 27
9487 25
9488 24
9489 28
9490 17
9491 27
9492 26
9493 23
9494 23
9495 20
9496 26
9497 25
9498 24
9499 33
9500 32
9501 21
9502 30
9503 31
9504 33
9505 25
9506 30
9507 29
9508 22
9509 21
9510 28
9511 32
9512 22
9513 25
9514 29
9515 26
9516 30
9517 22
9518 31
9519 25
9520 22
9521 32
9522 34
9523 31
9524 25
9525 36
9526 29
9527 22
9528 30
9529 18
9530 25
9531 36
9532 28
9533 30
9534 19
9535 25
9536 27
9537 26
9538 28
9539 42
9540 33
9541 31
9542 24
9543 27
9544 28
9545 29
9546 21
9547 28
9548 26
9549 22
9550 46
9551 25
9552 34
9553 31
9554 29
9555 34
9556 35
9557 25
9558 25
9559 31
9560 31
9561 35
9562 36
9563 22
9564 36
9565 34
9566 39
9567 31
9568 28
9569 31
9570 24
9571 29
9572 37
9573 36
9574 25
9575 32
9576 37
9577 32
9578 38
9579 29
9580 29
9581 26
9582 26
9583 29
9584 20
9585 25
9586 35
9587 31
9588 39
9589 23
9590 19
9591 34
9592 26
9593 24
9594 28
9595 23
9596 24
9597 35
9598 24
9599 26
9600 37
9601 31
9602 32
9603 16
9604 28
9605 30
9606 34
9607 36
9608 22
9609 33
9610 26
9611 24
9612 29
9613 28
9614 27
9615 32
9616 29
9617 34
9618 21
9619 28
9620 24
9621 42
9622 29
9623 36
9624 27
9625 21
9626 25
9627 31
9628 29
9629 37
9630 24
9631 24
9632 25
9633 30
9634 32
9635 29
9636 24
9637 29
9638 17
9639 22
9640 28
9641 27
9642 28
9643 37
9644 28
9645 33
9646 31
9647 37
9648 35
9649 26
9650 31
9651 24
9652 34
9653 32
9654 31
9655 28
9656 32
9657 38
9658 25
9659 24
9660 31
9661 36
9662 21
9663 23
9664 31
9665 26
9666 31
9667 37
9668 35
9669 29
9670 30
9671 25
9672 24
9673 27
9674 30
9675 36
9676 30
9677 26
9678 34
9679 29
9680 26
9681 29
9682 25
9683 27
9684 26
9685 43
9686 41
9687 33
9688 24
9689 27
9690 22
9691 23
9692 23
9693 30
9694 35
9695 39
9696 26
9697 17
9698 30
9699 24
9700 22
9701 24
9702 36
9703 27
9704 35
9705 36
9706 25
9707 36
9708 44
9709 28
9710 45
9711 34
9712 22
9713 34
9714 23
9715 29
9716 38
9717 37
9718 34
9719 33
9720 35
9721 24
9722 33
9723 34
9724 42
9725 34
9726 26
9727 28
9728 40
9729 32
9730 23
9731 42
9732 28
9733 31
9734 31
9735 30
9736 38
9737 28
9738 29
9739 26
9740 40
9741 37
9742 25
9743 29
9744 50
9745 38
9746 29
9747 23
9748 31
9749 36
9750 35
9751 28
9752 50
9753 27
9754 39
9755 39
9756 32
9757 25
9758 31
9759 22
9760 42
9761 35
9762 39
9763 30
9764 32
9765 38
9766 38
9767 37
9768 39
9769 22
9770 36
9771 34
9772 35
9773 39
9774 35
9775 32
9776 34
9777 27
9778 37
9779 27
9780 36
9781 23
9782 26
9783 35
9784 26
9785 37
9786 39
9787 46
9788 35
9789 32
9790 29
9791 36
9792 46
9793 38
9794 35
9795 34
9796 30
9797 30
9798 31
9799 37
9800 34
9801 28
9802 29
9803 38
9804 42
9805 42
9806 24
9807 22
9808 37
9809 27
9810 28
9811 36
9812 24
9813 30
9814 32
9815 42
9816 34
9817 34
9818 30
9819 32
9820 45
9821 27
9822 42
9823 25
9824 37
9825 30
9826 33
9827 34
9828 37
9829 27
9830 32
9831 35
9832 45
9833 31
9834 34
9835 35
9836 36
9837 31
9838 37
9839 30
9840 36
9841 31
9842 28
9843 35
9844 33
9845 33
9846 36
9847 35
9848 37
9849 34
9850 30
9851 41
9852 25
9853 28
9854 53
9855 32
9856 30
9857 39
9858 38
9859 30
9860 32
9861 37
9862 34
9863 32
9864 32
9865 25
9866 38
9867 36
9868 28
9869 43
9870 39
9871 40
9872 26
9873 29
9874 30
9875 41
9876 36
9877 37
9878 22
9879 31
9880 33
9881 33
9882 27
9883 30
9884 30
9885 39
9886 34
9887 28
9888 35
9889 27
9890 42
9891 25
9892 33
9893 32
9894 38
9895 40
9896 33
9897 38
9898 33
9899 36
9900 36
9901 35
9902 30
9903 27
9904 30
9905 22
9906 26
9907 31
9908 34
9909 33
9910 39
9911 33
9912 37
9913 49
9914 26
9915 31
9916 35
9917 43
9918 40
9919 33
9920 37
9921 31
9922 33
9923 34
9924 29
9925 36
9926 23
9927 28
9928 34
9929 34
9930 32
9931 26
9932 44
9933 31
9934 24
9935 32
9936 36
9937 33
9938 29
9939 41
9940 30
9941 29
9942 31
9943 41
9944 32
9945 34
9946 39
9947 33
9948 35
9949 30
9950 21
9951 26
9952 30
9953 32
9954 35
9955 41
9956 40
9957 40
9958 42
9959 34
9960 21
9961 29
9962 28
9963 40
9964 35
9965 34
9966 31
9967 31
9968 42
9969 33
9970 22
9971 35
9972 38
9973 36
9974 39
9975 35
9976 37
9977 37
9978 40
9979 24
9980 27
9981 33
9982 35
9983 29
9984 32
9985 22
9986 16
9987 31
9988 33
9989 29
9990 27
9991 29
9992 33
9993 38
9994 27
9995 28
9996 38
9997 30
9998 35
9999 23
10000 45
10001 218822
