# Title:27-mer spectra for: 63
# XLabel:27-mer frequency
# YLabel:# distinct 27-mers
# Kmer value:27
# Input 1:<pipe>
###
1 1693881862
2 134276722
3 40185691
4 19847353
5 11722450
6 7842279
7 5530338
8 4074331
9 3070502
10 2366370
11 1858460
12 1496303
13 1231099
14 1043254
15 927951
16 861959
17 852321
18 899806
19 1012855
20 1207639
21 1486990
22 1878205
23 2383750
24 3035780
25 3820902
26 4741093
27 5792690
28 6927919
29 8146872
30 9400203
31 10626039
32 11797739
33 12828142
34 13665702
35 14315622
36 14732113
37 14882588
38 14777580
39 14425272
40 13853104
41 13104075
42 12201346
43 11193340
44 10119796
45 9025578
46 7940414
47 6909191
48 5939153
49 5058201
50 4256961
51 3572288
52 2977420
53 2481474
54 2072824
55 1745741
56 1493580
57 1308204
58 1175097
59 1094583
60 1054755
61 1051862
62 1076115
63 1118799
64 1181315
65 1252001
66 1334886
67 1421712
68 1505703
69 1589977
70 1668204
71 1739153
72 1798580
73 1847331
74 1881642
75 1909232
76 1920275
77 1913578
78 1895512
79 1861496
80 1813936
81 1753460
82 1689599
83 1615148
84 1535442
85 1448618
86 1362293
87 1276838
88 1184836
89 1096249
90 1011409
91 929547
92 854259
93 783080
94 716315
95 659162
96 600689
97 553410
98 510443
99 473340
100 443152
101 418442
102 395894
103 377088
104 362046
105 349336
106 338961
107 331730
108 326461
109 321141
110 317476
111 313160
112 308841
113 305700
114 302638
115 299409
116 293181
117 288682
118 282025
119 277689
120 270596
121 264573
122 257839
123 252686
124 245893
125 238077
126 231481
127 224597
128 218329
129 211484
130 204724
131 197845
132 191693
133 184986
134 180873
135 177163
136 172056
137 168188
138 164824
139 162135
140 161088
141 158432
142 155790
143 154889
144 153847
145 152246
146 150695
147 149630
148 147742
149 146771
150 146016
151 144419
152 143898
153 142281
154 141030
155 139365
156 137909
157 136654
158 135205
159 132841
160 130473
161 128542
162 126531
163 124514
164 122545
165 120678
166 118931
167 116901
168 113846
169 111861
170 109190
171 107856
172 105280
173 103068
174 100887
175 98920
176 97622
177 96234
178 94226
179 93183
180 92311
181 90960
182 89423
183 88182
184 88317
185 86206
186 85297
187 84134
188 83502
189 81940
190 81348
191 80884
192 79909
193 78986
194 78051
195 77316
196 76462
197 75590
198 74478
199 74192
200 72848
201 71398
202 71667
203 70579
204 69843
205 68923
206 68214
207 67483
208 66532
209 65228
210 64356
211 63893
212 63008
213 62863
214 61796
215 61154
216 60441
217 59987
218 59444
219 58057
220 58204
221 57873
222 56528
223 56764
224 55617
225 55082
226 55108
227 53714
228 53628
229 53099
230 52918
231 52500
232 51980
233 51469
234 50693
235 50166
236 49313
237 48835
238 48931
239 48188
240 48418
241 47398
242 46770
243 46255
244 46106
245 45845
246 45111
247 44672
248 43961
249 43614
250 43086
251 42883
252 42616
253 42117
254 41740
255 41225
256 40821
257 40778
258 40053
259 39842
260 39520
261 39175
262 39045
263 38397
264 38573
265 37965
266 37315
267 37315
268 36357
269 36155
270 36123
271 35703
272 35557
273 35192
274 34813
275 34696
276 34616
277 34418
278 34080
279 34030
280 33534
281 33357
282 33068
283 32453
284 32226
285 32573
286 31958
287 31927
288 31719
289 30883
290 30684
291 30880
292 30675
293 30255
294 30425
295 30007
296 29733
297 29257
298 29033
299 29213
300 28373
301 28458
302 27964
303 28224
304 27702
305 27432
306 27424
307 27261
308 27185
309 27101
310 26857
311 26671
312 26705
313 26174
314 25720
315 26038
316 25793
317 25635
318 25257
319 25009
320 24933
321 24789
322 24814
323 24689
324 24371
325 23997
326 23450
327 23736
328 23571
329 23110
330 23162
331 23111
332 22832
333 22623
334 22546
335 22358
336 22447
337 22043
338 21988
339 22032
340 21830
341 21742
342 21538
343 21358
344 20951
345 20835
346 20979
347 20407
348 20339
349 20229
350 20423
351 20308
352 19908
353 19853
354 20059
355 19546
356 19753
357 19253
358 19350
359 19124
360 19085
361 18928
362 18731
363 18844
364 18668
365 18527
366 18204
367 18366
368 18387
369 18388
370 17965
371 18053
372 17875
373 17723
374 17620
375 17289
376 17343
377 17225
378 17205
379 17065
380 16998
381 16734
382 16863
383 16674
384 16439
385 16325
386 16221
387 16161
388 16244
389 16129
390 16010
391 15822
392 16018
393 15738
394 15943
395 15553
396 15714
397 15449
398 15294
399 15100
400 15284
401 15279
402 15125
403 14769
404 14695
405 14693
406 14712
407 14376
408 14377
409 14172
410 14271
411 14118
412 14163
413 14035
414 14050
415 13609
416 13722
417 13664
418 13514
419 13456
420 13404
421 13350
422 13259
423 13603
424 13240
425 13216
426 13015
427 12872
428 12910
429 13043
430 12866
431 12781
432 12833
433 12560
434 12584
435 12471
436 12411
437 12401
438 12214
439 12207
440 12263
441 12156
442 11824
443 11708
444 12115
445 12104
446 11694
447 11765
448 11740
449 11753
450 11477
451 11437
452 11559
453 11442
454 11245
455 11423
456 11234
457 11154
458 11252
459 11106
460 11123
461 10951
462 11082
463 10979
464 10972
465 10948
466 10822
467 10781
468 10555
469 10719
470 10487
471 10488
472 10449
473 10569
474 10233
475 10415
476 10188
477 10277
478 10102
479 10212
480 10230
481 10110
482 10077
483 9841
484 9967
485 9954
486 9590
487 10004
488 9916
489 9619
490 9567
491 9659
492 9592
493 9600
494 9362
495 9602
496 9224
497 9320
498 9299
499 9432
500 9311
501 9269
502 9288
503 9312
504 9139
505 9108
506 9105
507 9162
508 9043
509 9131
510 9029
511 8798
512 9175
513 8698
514 9007
515 8936
516 8807
517 8769
518 8756
519 8723
520 8571
521 8630
522 8552
523 8540
524 8564
525 8436
526 8441
527 8506
528 8380
529 8312
530 8332
531 8337
532 8317
533 8112
534 8198
535 8017
536 8028
537 8120
538 8019
539 8002
540 8055
541 8000
542 7827
543 8021
544 7888
545 7787
546 7792
547 7843
548 7732
549 7829
550 7736
551 7786
552 7677
553 7635
554 7426
555 7653
556 7618
557 7574
558 7506
559 7324
560 7386
561 7508
562 7371
563 7376
564 7363
565 7320
566 7161
567 7222
568 7242
569 7112
570 7174
571 7156
572 7070
573 6997
574 7143
575 7084
576 7061
577 6956
578 7033
579 7158
580 7048
581 6996
582 6912
583 6920
584 6959
585 7012
586 7055
587 7024
588 7033
589 6840
590 6883
591 6823
592 6759
593 6642
594 6739
595 6673
596 6470
597 6555
598 6471
599 6545
600 6463
601 6401
602 6539
603 6403
604 6516
605 6348
606 6284
607 6213
608 6330
609 6168
610 6307
611 6199
612 6240
613 6289
614 6265
615 6278
616 6186
617 6129
618 6162
619 6044
620 6037
621 6083
622 6018
623 5909
624 5913
625 5860
626 5945
627 6017
628 6032
629 5784
630 5846
631 5796
632 5793
633 5799
634 5776
635 5881
636 5869
637 5901
638 5896
639 5571
640 5852
641 5732
642 5610
643 5662
644 5590
645 5565
646 5603
647 5621
648 5456
649 5594
650 5500
651 5426
652 5401
653 5441
654 5368
655 5444
656 5390
657 5303
658 5482
659 5311
660 5432
661 5406
662 5212
663 5176
664 5276
665 5220
666 5264
667 5374
668 5274
669 5159
670 5298
671 5264
672 5157
673 5217
674 5022
675 5102
676 5159
677 5100
678 5030
679 5013
680 5013
681 5082
682 5041
683 4838
684 5047
685 4978
686 4949
687 4950
688 4910
689 4938
690 4845
691 4922
692 4895
693 4893
694 4769
695 4803
696 4780
697 4801
698 4758
699 4716
700 4777
701 4664
702 4751
703 4849
704 4669
705 4728
706 4689
707 4697
708 4602
709 4800
710 4479
711 4680
712 4602
713 4558
714 4667
715 4581
716 4490
717 4486
718 4458
719 4448
720 4527
721 4590
722 4564
723 4652
724 4531
725 4559
726 4543
727 4434
728 4464
729 4432
730 4384
731 4456
732 4297
733 4462
734 4494
735 4402
736 4418
737 4345
738 4418
739 4443
740 4386
741 4373
742 4350
743 4409
744 4410
745 4353
746 4354
747 4323
748 4375
749 4323
750 4306
751 4302
752 4206
753 4494
754 4298
755 4331
756 4218
757 4302
758 4187
759 4205
760 4218
761 4095
762 4124
763 4182
764 4023
765 4150
766 4051
767 3951
768 4145
769 4107
770 4031
771 4044
772 4038
773 4101
774 4003
775 4046
776 4033
777 3871
778 4014
779 3950
780 4148
781 4001
782 4085
783 4023
784 3810
785 4072
786 3965
787 4035
788 4037
789 4064
790 4004
791 3939
792 4026
793 3962
794 3919
795 3990
796 4059
797 3916
798 3976
799 3920
800 3917
801 3893
802 4025
803 3891
804 3831
805 3883
806 3857
807 3785
808 3871
809 3846
810 3820
811 3903
812 3751
813 3754
814 3771
815 3651
816 3779
817 3832
818 3831
819 3754
820 3839
821 3832
822 3785
823 3669
824 3813
825 3756
826 3777
827 3548
828 3681
829 3773
830 3763
831 3689
832 3710
833 3854
834 3676
835 3803
836 3704
837 3781
838 3700
839 3768
840 3845
841 3840
842 3799
843 3755
844 3786
845 3579
846 3723
847 3655
848 3696
849 3760
850 3681
851 3668
852 3674
853 3662
854 3664
855 3674
856 3720
857 3718
858 3684
859 3650
860 3710
861 3582
862 3739
863 3691
864 3559
865 3720
866 3518
867 3618
868 3618
869 3673
870 3683
871 3539
872 3752
873 3703
874 3550
875 3622
876 3686
877 3653
878 3681
879 3630
880 3612
881 3558
882 3677
883 3508
884 3671
885 3656
886 3566
887 3590
888 3472
889 3492
890 3509
891 3576
892 3473
893 3483
894 3528
895 3493
896 3578
897 3450
898 3543
899 3552
900 3488
901 3633
902 3515
903 3543
904 3417
905 3541
906 3540
907 3533
908 3517
909 3500
910 3447
911 3456
912 3333
913 3469
914 3462
915 3503
916 3426
917 3510
918 3369
919 3606
920 3506
921 3536
922 3589
923 3521
924 3465
925 3528
926 3455
927 3544
928 3497
929 3514
930 3509
931 3532
932 3465
933 3443
934 3382
935 3503
936 3422
937 3564
938 3575
939 3530
940 3547
941 3544
942 3684
943 3531
944 3511
945 3453
946 3495
947 3520
948 3498
949 3603
950 3533
951 3478
952 3449
953 3496
954 3418
955 3503
956 3539
957 3508
958 3550
959 3599
960 3508
961 3514
962 3508
963 3533
964 3569
965 3556
966 3600
967 3534
968 3454
969 3558
970 3491
971 3524
972 3512
973 3502
974 3532
975 3541
976 3556
977 3512
978 3490
979 3603
980 3599
981 3551
982 3498
983 3651
984 3556
985 3636
986 3454
987 3526
988 3457
989 3571
990 3532
991 3604
992 3464
993 3543
994 3479
995 3485
996 3519
997 3471
998 3418
999 3497
1000 3514
1001 3575
1002 3432
1003 3438
1004 3376
1005 3454
1006 3376
1007 3428
1008 3402
1009 3381
1010 3346
1011 3409
1012 3368
1013 3320
1014 3477
1015 3343
1016 3215
1017 3339
1018 3236
1019 3314
1020 3399
1021 3333
1022 3363
1023 3211
1024 3319
1025 3231
1026 3264
1027 3197
1028 3246
1029 3290
1030 3286
1031 3262
1032 3308
1033 3115
1034 3220
1035 3122
1036 3198
1037 3176
1038 3229
1039 3141
1040 3137
1041 3197
1042 3115
1043 3132
1044 3068
1045 3064
1046 3151
1047 3124
1048 3106
1049 3096
1050 3139
1051 3171
1052 3140
1053 3126
1054 3090
1055 3154
1056 3032
1057 3139
1058 3114
1059 3068
1060 3042
1061 3150
1062 3110
1063 2994
1064 3096
1065 3202
1066 3168
1067 3112
1068 3148
1069 3159
1070 3051
1071 3005
1072 2968
1073 3074
1074 3114
1075 3031
1076 2963
1077 2987
1078 3015
1079 3027
1080 3021
1081 3048
1082 3066
1083 2980
1084 3060
1085 3048
1086 3011
1087 3138
1088 2983
1089 3122
1090 2949
1091 2928
1092 3026
1093 2857
1094 3011
1095 2889
1096 2967
1097 2864
1098 2838
1099 2910
1100 2869
1101 2795
1102 2916
1103 2815
1104 2846
1105 2844
1106 2853
1107 2834
1108 2827
1109 2799
1110 2872
1111 2735
1112 2885
1113 2849
1114 2802
1115 2740
1116 2781
1117 2819
1118 2845
1119 2812
1120 2708
1121 2832
1122 2804
1123 2748
1124 2857
1125 2783
1126 2742
1127 2745
1128 2740
1129 2842
1130 2677
1131 2723
1132 2818
1133 2607
1134 2633
1135 2689
1136 2705
1137 2667
1138 2541
1139 2664
1140 2596
1141 2627
1142 2559
1143 2496
1144 2508
1145 2566
1146 2532
1147 2565
1148 2620
1149 2585
1150 2456
1151 2443
1152 2527
1153 2443
1154 2418
1155 2556
1156 2494
1157 2540
1158 2525
1159 2505
1160 2456
1161 2480
1162 2441
1163 2382
1164 2478
1165 2435
1166 2442
1167 2406
1168 2469
1169 2330
1170 2368
1171 2422
1172 2312
1173 2306
1174 2272
1175 2317
1176 2326
1177 2273
1178 2363
1179 2346
1180 2318
1181 2329
1182 2244
1183 2218
1184 2170
1185 2314
1186 2228
1187 2172
1188 2394
1189 2165
1190 2284
1191 2247
1192 2158
1193 2189
1194 2161
1195 2144
1196 2169
1197 2155
1198 2141
1199 2178
1200 2183
1201 2054
1202 2097
1203 2103
1204 2163
1205 2048
1206 1984
1207 2088
1208 2093
1209 2061
1210 2048
1211 2081
1212 2065
1213 2090
1214 2078
1215 2030
1216 1990
1217 2041
1218 1913
1219 2060
1220 2020
1221 2017
1222 1964
1223 1924
1224 1985
1225 1914
1226 1976
1227 1905
1228 1963
1229 1879
1230 1927
1231 1858
1232 1956
1233 1950
1234 1863
1235 1858
1236 1929
1237 1844
1238 1832
1239 1842
1240 1833
1241 1914
1242 1884
1243 1876
1244 1849
1245 1838
1246 1854
1247 1870
1248 1866
1249 1818
1250 1919
1251 1897
1252 1800
1253 1837
1254 1825
1255 1802
1256 1739
1257 1807
1258 1726
1259 1720
1260 1757
1261 1757
1262 1728
1263 1792
1264 1654
1265 1773
1266 1652
1267 1673
1268 1734
1269 1651
1270 1666
1271 1663
1272 1673
1273 1740
1274 1690
1275 1662
1276 1643
1277 1727
1278 1702
1279 1650
1280 1685
1281 1600
1282 1620
1283 1625
1284 1668
1285 1677
1286 1621
1287 1642
1288 1615
1289 1595
1290 1608
1291 1602
1292 1646
1293 1594
1294 1583
1295 1554
1296 1640
1297 1564
1298 1611
1299 1618
1300 1447
1301 1597
1302 1482
1303 1506
1304 1493
1305 1493
1306 1569
1307 1557
1308 1567
1309 1520
1310 1502
1311 1606
1312 1470
1313 1505
1314 1496
1315 1529
1316 1505
1317 1442
1318 1478
1319 1502
1320 1448
1321 1477
1322 1426
1323 1456
1324 1476
1325 1472
1326 1410
1327 1345
1328 1439
1329 1408
1330 1385
1331 1434
1332 1382
1333 1384
1334 1426
1335 1330
1336 1429
1337 1355
1338 1445
1339 1408
1340 1309
1341 1383
1342 1356
1343 1387
1344 1371
1345 1446
1346 1340
1347 1385
1348 1358
1349 1330
1350 1352
1351 1391
1352 1381
1353 1398
1354 1371
1355 1296
1356 1364
1357 1348
1358 1365
1359 1351
1360 1316
1361 1314
1362 1367
1363 1242
1364 1373
1365 1313
1366 1321
1367 1341
1368 1244
1369 1335
1370 1306
1371 1311
1372 1268
1373 1326
1374 1259
1375 1266
1376 1332
1377 1268
1378 1304
1379 1306
1380 1180
1381 1256
1382 1279
1383 1212
1384 1297
1385 1256
1386 1245
1387 1268
1388 1274
1389 1276
1390 1213
1391 1253
1392 1185
1393 1226
1394 1246
1395 1258
1396 1313
1397 1259
1398 1232
1399 1194
1400 1228
1401 1205
1402 1252
1403 1230
1404 1242
1405 1190
1406 1265
1407 1244
1408 1237
1409 1276
1410 1224
1411 1223
1412 1278
1413 1182
1414 1213
1415 1139
1416 1148
1417 1247
1418 1252
1419 1186
1420 1157
1421 1222
1422 1157
1423 1152
1424 1183
1425 1172
1426 1138
1427 1162
1428 1173
1429 1179
1430 1185
1431 1189
1432 1150
1433 1103
1434 1131
1435 1112
1436 1137
1437 1093
1438 1191
1439 1075
1440 1206
1441 1119
1442 1168
1443 1113
1444 1119
1445 1166
1446 1170
1447 1150
1448 1158
1449 1130
1450 1134
1451 1114
1452 1069
1453 1130
1454 1111
1455 1106
1456 1137
1457 1120
1458 1105
1459 1138
1460 1085
1461 1085
1462 1136
1463 1136
1464 1149
1465 1120
1466 1167
1467 1117
1468 1089
1469 1098
1470 1072
1471 1093
1472 1050
1473 1057
1474 1097
1475 1026
1476 1161
1477 1082
1478 1099
1479 1073
1480 1106
1481 1067
1482 1010
1483 1134
1484 1055
1485 1013
1486 1036
1487 1120
1488 1003
1489 1118
1490 1023
1491 1054
1492 1010
1493 1090
1494 1099
1495 1078
1496 1080
1497 1056
1498 1093
1499 1054
1500 1007
1501 1018
1502 1085
1503 985
1504 983
1505 1046
1506 1050
1507 1017
1508 966
1509 1043
1510 1058
1511 1014
1512 1050
1513 1081
1514 994
1515 1054
1516 1120
1517 1036
1518 1042
1519 1094
1520 1125
1521 1057
1522 1002
1523 1045
1524 981
1525 1053
1526 1013
1527 1016
1528 968
1529 1036
1530 1012
1531 1038
1532 1044
1533 999
1534 992
1535 1003
1536 975
1537 1003
1538 999
1539 1028
1540 1023
1541 1011
1542 1029
1543 1052
1544 1044
1545 997
1546 987
1547 1077
1548 1011
1549 1019
1550 1007
1551 1048
1552 971
1553 1068
1554 967
1555 969
1556 1035
1557 971
1558 967
1559 976
1560 1019
1561 966
1562 982
1563 971
1564 955
1565 1006
1566 941
1567 1039
1568 909
1569 998
1570 985
1571 964
1572 997
1573 990
1574 941
1575 957
1576 961
1577 961
1578 935
1579 962
1580 936
1581 1021
1582 964
1583 991
1584 910
1585 905
1586 925
1587 938
1588 985
1589 974
1590 918
1591 963
1592 916
1593 951
1594 940
1595 946
1596 912
1597 951
1598 901
1599 943
1600 935
1601 840
1602 929
1603 915
1604 937
1605 915
1606 898
1607 907
1608 978
1609 931
1610 891
1611 808
1612 956
1613 908
1614 968
1615 936
1616 868
1617 848
1618 913
1619 902
1620 902
1621 919
1622 905
1623 846
1624 863
1625 916
1626 857
1627 854
1628 839
1629 871
1630 879
1631 900
1632 893
1633 857
1634 865
1635 826
1636 864
1637 895
1638 877
1639 905
1640 880
1641 923
1642 866
1643 905
1644 897
1645 847
1646 876
1647 876
1648 838
1649 933
1650 867
1651 893
1652 850
1653 896
1654 907
1655 895
1656 881
1657 919
1658 882
1659 899
1660 877
1661 842
1662 903
1663 859
1664 815
1665 917
1666 888
1667 833
1668 851
1669 898
1670 853
1671 898
1672 853
1673 850
1674 848
1675 862
1676 880
1677 848
1678 850
1679 913
1680 869
1681 827
1682 880
1683 800
1684 860
1685 857
1686 859
1687 824
1688 904
1689 855
1690 844
1691 818
1692 860
1693 845
1694 867
1695 833
1696 854
1697 818
1698 854
1699 853
1700 814
1701 882
1702 832
1703 844
1704 842
1705 815
1706 811
1707 824
1708 833
1709 810
1710 839
1711 867
1712 812
1713 788
1714 819
1715 782
1716 770
1717 879
1718 839
1719 811
1720 812
1721 818
1722 801
1723 805
1724 820
1725 813
1726 838
1727 798
1728 808
1729 875
1730 807
1731 811
1732 868
1733 747
1734 790
1735 845
1736 789
1737 803
1738 803
1739 842
1740 809
1741 780
1742 795
1743 828
1744 827
1745 752
1746 817
1747 843
1748 810
1749 787
1750 794
1751 852
1752 811
1753 797
1754 814
1755 837
1756 786
1757 766
1758 812
1759 757
1760 787
1761 810
1762 799
1763 774
1764 811
1765 805
1766 754
1767 742
1768 879
1769 838
1770 733
1771 804
1772 809
1773 761
1774 808
1775 777
1776 756
1777 798
1778 782
1779 787
1780 754
1781 762
1782 785
1783 735
1784 765
1785 783
1786 771
1787 796
1788 740
1789 793
1790 730
1791 836
1792 760
1793 800
1794 763
1795 771
1796 814
1797 793
1798 720
1799 779
1800 785
1801 761
1802 763
1803 801
1804 767
1805 787
1806 741
1807 756
1808 825
1809 750
1810 752
1811 772
1812 771
1813 746
1814 771
1815 739
1816 791
1817 836
1818 779
1819 744
1820 731
1821 732
1822 729
1823 711
1824 759
1825 799
1826 726
1827 763
1828 745
1829 742
1830 687
1831 737
1832 730
1833 720
1834 720
1835 728
1836 741
1837 768
1838 762
1839 714
1840 735
1841 788
1842 812
1843 768
1844 748
1845 718
1846 725
1847 722
1848 693
1849 758
1850 771
1851 733
1852 740
1853 728
1854 732
1855 756
1856 709
1857 759
1858 729
1859 729
1860 722
1861 695
1862 711
1863 759
1864 752
1865 757
1866 739
1867 745
1868 711
1869 691
1870 705
1871 744
1872 731
1873 686
1874 719
1875 731
1876 690
1877 705
1878 733
1879 680
1880 694
1881 684
1882 645
1883 656
1884 676
1885 671
1886 687
1887 654
1888 683
1889 649
1890 714
1891 673
1892 645
1893 688
1894 637
1895 655
1896 720
1897 651
1898 689
1899 679
1900 672
1901 639
1902 621
1903 670
1904 649
1905 680
1906 688
1907 666
1908 666
1909 703
1910 641
1911 634
1912 663
1913 630
1914 654
1915 670
1916 653
1917 684
1918 621
1919 639
1920 657
1921 662
1922 617
1923 623
1924 681
1925 629
1926 706
1927 650
1928 696
1929 628
1930 640
1931 653
1932 635
1933 639
1934 656
1935 644
1936 637
1937 648
1938 653
1939 647
1940 609
1941 644
1942 654
1943 643
1944 628
1945 638
1946 608
1947 614
1948 626
1949 613
1950 627
1951 617
1952 587
1953 635
1954 639
1955 601
1956 601
1957 681
1958 617
1959 672
1960 629
1961 606
1962 634
1963 644
1964 676
1965 605
1966 635
1967 664
1968 672
1969 629
1970 651
1971 608
1972 630
1973 657
1974 640
1975 670
1976 640
1977 658
1978 628
1979 604
1980 568
1981 601
1982 627
1983 619
1984 616
1985 607
1986 574
1987 606
1988 575
1989 593
1990 650
1991 625
1992 576
1993 620
1994 635
1995 647
1996 602
1997 656
1998 607
1999 615
2000 601
2001 616
2002 627
2003 647
2004 585
2005 595
2006 570
2007 617
2008 591
2009 600
2010 640
2011 590
2012 595
2013 583
2014 608
2015 577
2016 605
2017 632
2018 560
2019 536
2020 590
2021 610
2022 560
2023 578
2024 588
2025 588
2026 527
2027 567
2028 633
2029 607
2030 587
2031 582
2032 559
2033 543
2034 587
2035 575
2036 564
2037 597
2038 595
2039 601
2040 566
2041 615
2042 554
2043 575
2044 572
2045 610
2046 535
2047 512
2048 612
2049 566
2050 609
2051 536
2052 607
2053 558
2054 589
2055 570
2056 542
2057 602
2058 537
2059 579
2060 601
2061 591
2062 549
2063 564
2064 529
2065 587
2066 581
2067 578
2068 567
2069 596
2070 605
2071 567
2072 564
2073 599
2074 549
2075 558
2076 536
2077 574
2078 556
2079 571
2080 505
2081 569
2082 547
2083 567
2084 575
2085 541
2086 576
2087 572
2088 530
2089 541
2090 598
2091 546
2092 551
2093 533
2094 527
2095 560
2096 563
2097 482
2098 563
2099 527
2100 529
2101 542
2102 554
2103 542
2104 517
2105 536
2106 539
2107 560
2108 485
2109 535
2110 489
2111 553
2112 542
2113 552
2114 570
2115 549
2116 538
2117 527
2118 543
2119 534
2120 531
2121 543
2122 514
2123 551
2124 535
2125 520
2126 525
2127 515
2128 523
2129 549
2130 539
2131 545
2132 558
2133 521
2134 512
2135 543
2136 566
2137 548
2138 555
2139 487
2140 535
2141 512
2142 523
2143 536
2144 517
2145 540
2146 524
2147 509
2148 506
2149 492
2150 525
2151 529
2152 528
2153 501
2154 516
2155 490
2156 517
2157 476
2158 504
2159 523
2160 449
2161 504
2162 487
2163 488
2164 520
2165 508
2166 505
2167 507
2168 561
2169 496
2170 499
2171 480
2172 552
2173 533
2174 516
2175 474
2176 505
2177 511
2178 538
2179 496
2180 503
2181 500
2182 522
2183 510
2184 477
2185 504
2186 506
2187 539
2188 478
2189 468
2190 521
2191 500
2192 494
2193 520
2194 522
2195 500
2196 502
2197 487
2198 489
2199 541
2200 521
2201 495
2202 477
2203 488
2204 489
2205 458
2206 446
2207 479
2208 477
2209 505
2210 522
2211 492
2212 467
2213 507
2214 483
2215 503
2216 485
2217 476
2218 524
2219 475
2220 515
2221 506
2222 470
2223 495
2224 456
2225 500
2226 544
2227 495
2228 515
2229 460
2230 470
2231 472
2232 490
2233 517
2234 486
2235 453
2236 486
2237 475
2238 467
2239 466
2240 470
2241 467
2242 443
2243 494
2244 500
2245 504
2246 482
2247 500
2248 462
2249 511
2250 489
2251 495
2252 494
2253 507
2254 508
2255 502
2256 527
2257 482
2258 487
2259 512
2260 488
2261 473
2262 483
2263 471
2264 472
2265 513
2266 469
2267 520
2268 528
2269 465
2270 458
2271 485
2272 513
2273 488
2274 494
2275 495
2276 492
2277 461
2278 445
2279 479
2280 449
2281 493
2282 488
2283 467
2284 496
2285 455
2286 490
2287 488
2288 447
2289 451
2290 497
2291 445
2292 480
2293 460
2294 424
2295 467
2296 460
2297 515
2298 466
2299 453
2300 494
2301 455
2302 455
2303 453
2304 494
2305 443
2306 453
2307 452
2308 487
2309 484
2310 428
2311 438
2312 508
2313 470
2314 479
2315 455
2316 442
2317 468
2318 459
2319 432
2320 448
2321 427
2322 447
2323 466
2324 434
2325 450
2326 441
2327 453
2328 474
2329 450
2330 455
2331 465
2332 490
2333 406
2334 427
2335 422
2336 445
2337 441
2338 434
2339 480
2340 446
2341 419
2342 414
2343 415
2344 415
2345 418
2346 431
2347 486
2348 452
2349 486
2350 458
2351 421
2352 488
2353 454
2354 432
2355 449
2356 442
2357 452
2358 451
2359 427
2360 467
2361 447
2362 430
2363 437
2364 452
2365 443
2366 452
2367 440
2368 410
2369 435
2370 433
2371 437
2372 459
2373 447
2374 470
2375 477
2376 434
2377 456
2378 452
2379 412
2380 428
2381 434
2382 480
2383 463
2384 423
2385 440
2386 445
2387 442
2388 445
2389 432
2390 440
2391 416
2392 469
2393 437
2394 428
2395 431
2396 444
2397 423
2398 443
2399 415
2400 449
2401 406
2402 422
2403 436
2404 415
2405 394
2406 429
2407 450
2408 384
2409 446
2410 416
2411 413
2412 397
2413 404
2414 408
2415 392
2416 431
2417 417
2418 419
2419 379
2420 408
2421 404
2422 427
2423 422
2424 418
2425 399
2426 393
2427 395
2428 415
2429 426
2430 403
2431 430
2432 422
2433 403
2434 398
2435 408
2436 401
2437 419
2438 420
2439 377
2440 394
2441 374
2442 423
2443 408
2444 432
2445 443
2446 411
2447 361
2448 415
2449 412
2450 375
2451 396
2452 380
2453 386
2454 396
2455 421
2456 424
2457 388
2458 406
2459 376
2460 388
2461 425
2462 405
2463 367
2464 374
2465 406
2466 401
2467 433
2468 394
2469 394
2470 424
2471 349
2472 403
2473 387
2474 428
2475 411
2476 358
2477 398
2478 387
2479 386
2480 404
2481 393
2482 388
2483 394
2484 382
2485 412
2486 383
2487 396
2488 357
2489 392
2490 422
2491 372
2492 374
2493 414
2494 420
2495 398
2496 405
2497 410
2498 395
2499 369
2500 356
2501 366
2502 407
2503 388
2504 381
2505 357
2506 405
2507 385
2508 370
2509 361
2510 390
2511 411
2512 373
2513 388
2514 379
2515 412
2516 403
2517 386
2518 402
2519 376
2520 369
2521 380
2522 377
2523 373
2524 408
2525 401
2526 372
2527 410
2528 403
2529 369
2530 364
2531 368
2532 384
2533 390
2534 383
2535 351
2536 408
2537 399
2538 402
2539 403
2540 402
2541 364
2542 386
2543 389
2544 353
2545 416
2546 379
2547 367
2548 375
2549 416
2550 357
2551 370
2552 423
2553 412
2554 385
2555 405
2556 404
2557 374
2558 380
2559 385
2560 360
2561 381
2562 401
2563 370
2564 366
2565 384
2566 372
2567 359
2568 361
2569 369
2570 374
2571 355
2572 380
2573 332
2574 368
2575 375
2576 370
2577 367
2578 393
2579 388
2580 333
2581 378
2582 393
2583 347
2584 359
2585 360
2586 341
2587 410
2588 368
2589 375
2590 372
2591 360
2592 318
2593 354
2594 353
2595 350
2596 404
2597 353
2598 371
2599 383
2600 378
2601 360
2602 338
2603 379
2604 339
2605 352
2606 355
2607 373
2608 372
2609 353
2610 380
2611 353
2612 370
2613 397
2614 331
2615 369
2616 354
2617 353
2618 318
2619 378
2620 389
2621 359
2622 351
2623 339
2624 366
2625 345
2626 366
2627 337
2628 343
2629 333
2630 381
2631 328
2632 356
2633 366
2634 359
2635 351
2636 357
2637 342
2638 361
2639 333
2640 331
2641 334
2642 391
2643 352
2644 358
2645 366
2646 358
2647 348
2648 321
2649 334
2650 336
2651 329
2652 327
2653 372
2654 355
2655 356
2656 359
2657 315
2658 344
2659 336
2660 334
2661 326
2662 356
2663 363
2664 336
2665 383
2666 355
2667 360
2668 379
2669 352
2670 326
2671 380
2672 323
2673 351
2674 346
2675 321
2676 372
2677 366
2678 330
2679 350
2680 314
2681 314
2682 359
2683 345
2684 357
2685 386
2686 360
2687 302
2688 358
2689 416
2690 352
2691 309
2692 339
2693 312
2694 328
2695 360
2696 345
2697 296
2698 313
2699 359
2700 306
2701 314
2702 355
2703 333
2704 315
2705 301
2706 358
2707 346
2708 336
2709 351
2710 316
2711 325
2712 354
2713 335
2714 344
2715 319
2716 333
2717 337
2718 358
2719 332
2720 326
2721 322
2722 316
2723 346
2724 323
2725 319
2726 336
2727 295
2728 321
2729 337
2730 356
2731 320
2732 351
2733 315
2734 305
2735 360
2736 324
2737 335
2738 320
2739 339
2740 357
2741 367
2742 333
2743 365
2744 335
2745 343
2746 323
2747 350
2748 346
2749 314
2750 365
2751 306
2752 337
2753 338
2754 306
2755 322
2756 316
2757 327
2758 295
2759 325
2760 305
2761 307
2762 316
2763 324
2764 329
2765 358
2766 310
2767 345
2768 318
2769 322
2770 326
2771 314
2772 317
2773 341
2774 276
2775 306
2776 390
2777 330
2778 322
2779 303
2780 309
2781 335
2782 328
2783 316
2784 292
2785 321
2786 325
2787 311
2788 314
2789 325
2790 297
2791 315
2792 341
2793 315
2794 327
2795 296
2796 307
2797 337
2798 323
2799 318
2800 306
2801 320
2802 315
2803 293
2804 295
2805 313
2806 300
2807 366
2808 311
2809 279
2810 330
2811 308
2812 353
2813 349
2814 322
2815 314
2816 307
2817 292
2818 323
2819 305
2820 307
2821 281
2822 288
2823 327
2824 319
2825 285
2826 284
2827 301
2828 309
2829 283
2830 294
2831 322
2832 354
2833 330
2834 302
2835 281
2836 318
2837 309
2838 314
2839 294
2840 308
2841 308
2842 286
2843 335
2844 279
2845 275
2846 315
2847 314
2848 307
2849 308
2850 295
2851 312
2852 298
2853 278
2854 295
2855 292
2856 297
2857 310
2858 294
2859 301
2860 313
2861 313
2862 312
2863 286
2864 302
2865 295
2866 279
2867 314
2868 287
2869 284
2870 297
2871 315
2872 287
2873 315
2874 295
2875 311
2876 301
2877 277
2878 306
2879 309
2880 288
2881 312
2882 303
2883 291
2884 309
2885 309
2886 302
2887 318
2888 307
2889 287
2890 302
2891 289
2892 292
2893 285
2894 294
2895 312
2896 297
2897 286
2898 318
2899 327
2900 272
2901 308
2902 299
2903 313
2904 258
2905 270
2906 314
2907 280
2908 276
2909 302
2910 272
2911 251
2912 292
2913 276
2914 281
2915 306
2916 291
2917 295
2918 283
2919 264
2920 267
2921 299
2922 250
2923 289
2924 265
2925 292
2926 267
2927 280
2928 289
2929 293
2930 277
2931 291
2932 272
2933 334
2934 285
2935 270
2936 287
2937 279
2938 289
2939 281
2940 319
2941 289
2942 270
2943 271
2944 285
2945 274
2946 257
2947 294
2948 275
2949 307
2950 278
2951 258
2952 254
2953 278
2954 308
2955 306
2956 266
2957 267
2958 269
2959 276
2960 269
2961 309
2962 302
2963 265
2964 283
2965 279
2966 274
2967 280
2968 292
2969 287
2970 272
2971 265
2972 262
2973 277
2974 259
2975 257
2976 292
2977 278
2978 310
2979 259
2980 249
2981 283
2982 284
2983 277
2984 265
2985 277
2986 267
2987 264
2988 267
2989 240
2990 289
2991 271
2992 268
2993 280
2994 272
2995 262
2996 277
2997 254
2998 269
2999 240
3000 273
3001 301
3002 260
3003 272
3004 273
3005 266
3006 273
3007 281
3008 272
3009 270
3010 253
3011 259
3012 259
3013 250
3014 266
3015 280
3016 261
3017 277
3018 262
3019 242
3020 262
3021 281
3022 275
3023 285
3024 242
3025 260
3026 227
3027 294
3028 260
3029 266
3030 251
3031 261
3032 243
3033 268
3034 269
3035 252
3036 274
3037 253
3038 265
3039 277
3040 245
3041 277
3042 265
3043 253
3044 278
3045 263
3046 259
3047 251
3048 272
3049 243
3050 247
3051 261
3052 262
3053 240
3054 255
3055 267
3056 263
3057 230
3058 255
3059 235
3060 245
3061 255
3062 225
3063 240
3064 270
3065 243
3066 244
3067 278
3068 254
3069 250
3070 271
3071 264
3072 238
3073 259
3074 252
3075 269
3076 232
3077 229
3078 245
3079 248
3080 238
3081 238
3082 259
3083 274
3084 273
3085 234
3086 239
3087 254
3088 282
3089 233
3090 242
3091 260
3092 256
3093 262
3094 235
3095 247
3096 257
3097 250
3098 271
3099 214
3100 250
3101 251
3102 233
3103 259
3104 243
3105 232
3106 259
3107 232
3108 221
3109 259
3110 244
3111 268
3112 243
3113 212
3114 249
3115 239
3116 246
3117 270
3118 264
3119 248
3120 286
3121 249
3122 240
3123 223
3124 231
3125 246
3126 244
3127 228
3128 265
3129 213
3130 235
3131 236
3132 245
3133 228
3134 239
3135 224
3136 227
3137 259
3138 239
3139 214
3140 254
3141 233
3142 223
3143 248
3144 218
3145 232
3146 222
3147 233
3148 242
3149 222
3150 226
3151 217
3152 238
3153 223
3154 235
3155 230
3156 227
3157 252
3158 249
3159 263
3160 217
3161 231
3162 233
3163 240
3164 217
3165 246
3166 208
3167 230
3168 222
3169 237
3170 254
3171 225
3172 251
3173 245
3174 221
3175 224
3176 210
3177 232
3178 205
3179 240
3180 247
3181 203
3182 241
3183 216
3184 260
3185 231
3186 223
3187 217
3188 231
3189 231
3190 207
3191 238
3192 215
3193 199
3194 211
3195 208
3196 239
3197 242
3198 239
3199 223
3200 238
3201 238
3202 219
3203 211
3204 240
3205 178
3206 244
3207 231
3208 231
3209 211
3210 222
3211 232
3212 250
3213 224
3214 223
3215 241
3216 216
3217 205
3218 209
3219 224
3220 239
3221 224
3222 220
3223 202
3224 213
3225 207
3226 233
3227 226
3228 227
3229 240
3230 228
3231 221
3232 217
3233 225
3234 220
3235 229
3236 247
3237 210
3238 229
3239 213
3240 222
3241 223
3242 205
3243 209
3244 222
3245 227
3246 230
3247 239
3248 199
3249 238
3250 229
3251 215
3252 225
3253 219
3254 211
3255 244
3256 213
3257 214
3258 251
3259 212
3260 233
3261 229
3262 215
3263 194
3264 202
3265 219
3266 212
3267 204
3268 234
3269 221
3270 239
3271 268
3272 201
3273 217
3274 215
3275 241
3276 204
3277 206
3278 211
3279 222
3280 204
3281 235
3282 203
3283 212
3284 191
3285 220
3286 210
3287 218
3288 207
3289 239
3290 197
3291 264
3292 198
3293 209
3294 209
3295 232
3296 226
3297 236
3298 224
3299 244
3300 253
3301 218
3302 205
3303 204
3304 210
3305 228
3306 207
3307 217
3308 206
3309 216
3310 208
3311 212
3312 196
3313 190
3314 237
3315 203
3316 220
3317 190
3318 213
3319 211
3320 196
3321 221
3322 212
3323 226
3324 214
3325 219
3326 228
3327 190
3328 215
3329 220
3330 192
3331 215
3332 218
3333 225
3334 184
3335 232
3336 206
3337 193
3338 216
3339 217
3340 205
3341 195
3342 225
3343 196
3344 223
3345 224
3346 205
3347 215
3348 221
3349 209
3350 206
3351 191
3352 211
3353 200
3354 214
3355 212
3356 209
3357 220
3358 199
3359 212
3360 199
3361 212
3362 189
3363 187
3364 208
3365 206
3366 213
3367 209
3368 206
3369 205
3370 179
3371 181
3372 179
3373 191
3374 212
3375 198
3376 188
3377 193
3378 192
3379 234
3380 194
3381 188
3382 166
3383 174
3384 228
3385 218
3386 217
3387 196
3388 196
3389 199
3390 216
3391 203
3392 218
3393 205
3394 192
3395 197
3396 217
3397 203
3398 188
3399 212
3400 200
3401 213
3402 219
3403 196
3404 200
3405 210
3406 236
3407 206
3408 242
3409 204
3410 226
3411 204
3412 186
3413 180
3414 214
3415 199
3416 200
3417 188
3418 206
3419 209
3420 205
3421 181
3422 225
3423 190
3424 195
3425 209
3426 216
3427 200
3428 197
3429 211
3430 226
3431 196
3432 208
3433 229
3434 199
3435 197
3436 227
3437 227
3438 214
3439 195
3440 241
3441 213
3442 194
3443 203
3444 190
3445 196
3446 179
3447 209
3448 204
3449 193
3450 225
3451 180
3452 217
3453 200
3454 222
3455 201
3456 179
3457 208
3458 221
3459 185
3460 195
3461 164
3462 195
3463 205
3464 223
3465 212
3466 185
3467 184
3468 184
3469 205
3470 191
3471 200
3472 173
3473 183
3474 187
3475 205
3476 214
3477 211
3478 205
3479 184
3480 194
3481 191
3482 194
3483 197
3484 207
3485 198
3486 195
3487 215
3488 189
3489 192
3490 196
3491 205
3492 226
3493 196
3494 218
3495 176
3496 224
3497 185
3498 224
3499 191
3500 197
3501 207
3502 214
3503 238
3504 220
3505 161
3506 193
3507 179
3508 197
3509 204
3510 198
3511 183
3512 190
3513 210
3514 182
3515 184
3516 211
3517 190
3518 215
3519 200
3520 169
3521 206
3522 196
3523 212
3524 206
3525 197
3526 190
3527 180
3528 190
3529 172
3530 210
3531 183
3532 186
3533 197
3534 197
3535 176
3536 181
3537 178
3538 207
3539 191
3540 202
3541 176
3542 175
3543 197
3544 191
3545 173
3546 199
3547 190
3548 205
3549 184
3550 194
3551 175
3552 178
3553 200
3554 177
3555 183
3556 170
3557 187
3558 218
3559 182
3560 197
3561 194
3562 186
3563 189
3564 175
3565 157
3566 196
3567 178
3568 184
3569 197
3570 161
3571 171
3572 185
3573 197
3574 195
3575 180
3576 194
3577 172
3578 182
3579 188
3580 195
3581 189
3582 185
3583 173
3584 174
3585 202
3586 203
3587 195
3588 190
3589 188
3590 148
3591 188
3592 171
3593 192
3594 169
3595 170
3596 194
3597 193
3598 195
3599 171
3600 180
3601 181
3602 184
3603 183
3604 187
3605 181
3606 202
3607 179
3608 182
3609 233
3610 182
3611 191
3612 203
3613 184
3614 186
3615 183
3616 194
3617 177
3618 191
3619 168
3620 184
3621 181
3622 171
3623 201
3624 171
3625 170
3626 181
3627 166
3628 186
3629 198
3630 170
3631 188
3632 187
3633 177
3634 203
3635 174
3636 172
3637 191
3638 167
3639 192
3640 173
3641 193
3642 183
3643 174
3644 187
3645 172
3646 201
3647 150
3648 180
3649 167
3650 154
3651 155
3652 185
3653 171
3654 197
3655 183
3656 174
3657 191
3658 166
3659 186
3660 192
3661 170
3662 179
3663 183
3664 167
3665 179
3666 159
3667 187
3668 188
3669 168
3670 188
3671 181
3672 186
3673 155
3674 176
3675 169
3676 155
3677 188
3678 150
3679 185
3680 190
3681 162
3682 170
3683 178
3684 181
3685 185
3686 172
3687 161
3688 195
3689 175
3690 209
3691 172
3692 152
3693 165
3694 191
3695 191
3696 191
3697 169
3698 158
3699 185
3700 170
3701 174
3702 181
3703 187
3704 196
3705 175
3706 171
3707 182
3708 191
3709 159
3710 181
3711 152
3712 170
3713 179
3714 182
3715 174
3716 188
3717 168
3718 167
3719 176
3720 179
3721 162
3722 188
3723 170
3724 177
3725 173
3726 170
3727 183
3728 178
3729 165
3730 178
3731 175
3732 162
3733 190
3734 161
3735 176
3736 163
3737 195
3738 181
3739 185
3740 150
3741 181
3742 155
3743 171
3744 177
3745 168
3746 166
3747 174
3748 154
3749 174
3750 173
3751 163
3752 180
3753 177
3754 190
3755 140
3756 165
3757 155
3758 152
3759 171
3760 153
3761 181
3762 192
3763 178
3764 162
3765 148
3766 187
3767 165
3768 161
3769 176
3770 166
3771 152
3772 157
3773 171
3774 167
3775 147
3776 160
3777 191
3778 164
3779 160
3780 165
3781 151
3782 183
3783 166
3784 169
3785 150
3786 167
3787 190
3788 182
3789 169
3790 170
3791 152
3792 165
3793 171
3794 169
3795 159
3796 166
3797 153
3798 176
3799 197
3800 167
3801 171
3802 179
3803 170
3804 162
3805 164
3806 157
3807 180
3808 165
3809 181
3810 169
3811 163
3812 168
3813 158
3814 153
3815 180
3816 184
3817 172
3818 156
3819 172
3820 175
3821 171
3822 161
3823 179
3824 140
3825 140
3826 176
3827 154
3828 178
3829 167
3830 191
3831 193
3832 160
3833 172
3834 158
3835 152
3836 164
3837 167
3838 166
3839 176
3840 163
3841 157
3842 163
3843 164
3844 148
3845 141
3846 157
3847 158
3848 157
3849 166
3850 145
3851 177
3852 173
3853 142
3854 166
3855 142
3856 143
3857 150
3858 160
3859 174
3860 194
3861 181
3862 166
3863 152
3864 166
3865 159
3866 142
3867 175
3868 144
3869 158
3870 154
3871 147
3872 162
3873 163
3874 161
3875 148
3876 136
3877 160
3878 166
3879 158
3880 165
3881 167
3882 147
3883 177
3884 151
3885 161
3886 136
3887 177
3888 157
3889 155
3890 136
3891 144
3892 165
3893 158
3894 148
3895 143
3896 161
3897 166
3898 170
3899 151
3900 157
3901 167
3902 159
3903 159
3904 168
3905 151
3906 159
3907 171
3908 152
3909 152
3910 158
3911 147
3912 143
3913 170
3914 150
3915 174
3916 152
3917 150
3918 164
3919 153
3920 137
3921 141
3922 124
3923 140
3924 167
3925 143
3926 171
3927 151
3928 172
3929 159
3930 152
3931 165
3932 142
3933 163
3934 143
3935 153
3936 128
3937 147
3938 151
3939 136
3940 149
3941 147
3942 153
3943 147
3944 137
3945 166
3946 166
3947 174
3948 143
3949 141
3950 150
3951 138
3952 163
3953 148
3954 142
3955 154
3956 167
3957 145
3958 147
3959 164
3960 149
3961 143
3962 148
3963 167
3964 158
3965 157
3966 194
3967 147
3968 168
3969 136
3970 150
3971 130
3972 133
3973 171
3974 135
3975 141
3976 157
3977 162
3978 150
3979 187
3980 128
3981 158
3982 149
3983 137
3984 162
3985 163
3986 156
3987 169
3988 151
3989 148
3990 168
3991 154
3992 145
3993 171
3994 141
3995 153
3996 158
3997 162
3998 150
3999 165
4000 169
4001 151
4002 148
4003 171
4004 153
4005 159
4006 147
4007 148
4008 157
4009 138
4010 164
4011 150
4012 156
4013 153
4014 154
4015 140
4016 167
4017 150
4018 141
4019 144
4020 159
4021 171
4022 173
4023 154
4024 167
4025 175
4026 156
4027 166
4028 144
4029 170
4030 148
4031 180
4032 160
4033 168
4034 151
4035 178
4036 144
4037 165
4038 163
4039 155
4040 165
4041 138
4042 122
4043 165
4044 147
4045 163
4046 137
4047 175
4048 147
4049 157
4050 159
4051 159
4052 165
4053 146
4054 159
4055 176
4056 163
4057 145
4058 134
4059 148
4060 156
4061 145
4062 154
4063 157
4064 163
4065 176
4066 159
4067 153
4068 155
4069 179
4070 179
4071 160
4072 141
4073 135
4074 161
4075 155
4076 154
4077 165
4078 159
4079 144
4080 170
4081 157
4082 157
4083 141
4084 159
4085 177
4086 174
4087 147
4088 154
4089 139
4090 168
4091 155
4092 168
4093 161
4094 165
4095 153
4096 143
4097 142
4098 164
4099 164
4100 134
4101 145
4102 167
4103 156
4104 153
4105 132
4106 141
4107 144
4108 137
4109 134
4110 156
4111 127
4112 164
4113 148
4114 155
4115 168
4116 157
4117 141
4118 146
4119 149
4120 130
4121 143
4122 159
4123 143
4124 161
4125 144
4126 146
4127 150
4128 145
4129 153
4130 150
4131 158
4132 149
4133 138
4134 180
4135 164
4136 154
4137 156
4138 145
4139 119
4140 143
4141 154
4142 139
4143 138
4144 161
4145 156
4146 165
4147 155
4148 118
4149 141
4150 143
4151 136
4152 151
4153 161
4154 133
4155 151
4156 137
4157 165
4158 125
4159 161
4160 140
4161 144
4162 150
4163 158
4164 145
4165 163
4166 149
4167 153
4168 123
4169 126
4170 148
4171 146
4172 165
4173 156
4174 143
4175 144
4176 152
4177 160
4178 148
4179 161
4180 141
4181 151
4182 150
4183 147
4184 147
4185 164
4186 139
4187 144
4188 154
4189 157
4190 133
4191 144
4192 147
4193 131
4194 137
4195 145
4196 161
4197 131
4198 134
4199 127
4200 141
4201 169
4202 150
4203 140
4204 150
4205 133
4206 150
4207 139
4208 150
4209 160
4210 145
4211 142
4212 143
4213 130
4214 121
4215 137
4216 150
4217 162
4218 138
4219 140
4220 165
4221 143
4222 142
4223 126
4224 145
4225 136
4226 138
4227 150
4228 136
4229 152
4230 160
4231 121
4232 180
4233 147
4234 176
4235 147
4236 149
4237 143
4238 166
4239 146
4240 126
4241 146
4242 151
4243 178
4244 164
4245 166
4246 149
4247 129
4248 140
4249 144
4250 154
4251 147
4252 122
4253 145
4254 136
4255 132
4256 142
4257 142
4258 128
4259 140
4260 145
4261 136
4262 136
4263 137
4264 122
4265 148
4266 137
4267 140
4268 139
4269 133
4270 139
4271 138
4272 146
4273 134
4274 162
4275 140
4276 138
4277 136
4278 132
4279 146
4280 143
4281 153
4282 146
4283 146
4284 144
4285 133
4286 140
4287 129
4288 130
4289 124
4290 129
4291 124
4292 148
4293 130
4294 137
4295 149
4296 137
4297 127
4298 133
4299 145
4300 149
4301 120
4302 140
4303 141
4304 156
4305 129
4306 143
4307 144
4308 146
4309 133
4310 137
4311 134
4312 162
4313 151
4314 145
4315 121
4316 141
4317 128
4318 102
4319 127
4320 124
4321 148
4322 131
4323 133
4324 140
4325 118
4326 143
4327 147
4328 133
4329 133
4330 152
4331 135
4332 154
4333 147
4334 126
4335 154
4336 129
4337 134
4338 139
4339 129
4340 129
4341 143
4342 134
4343 121
4344 113
4345 134
4346 146
4347 131
4348 125
4349 130
4350 142
4351 156
4352 129
4353 139
4354 134
4355 121
4356 122
4357 149
4358 131
4359 148
4360 149
4361 146
4362 148
4363 140
4364 141
4365 128
4366 146
4367 138
4368 132
4369 140
4370 132
4371 121
4372 130
4373 128
4374 144
4375 130
4376 131
4377 150
4378 135
4379 124
4380 132
4381 158
4382 155
4383 119
4384 136
4385 117
4386 138
4387 119
4388 123
4389 134
4390 109
4391 125
4392 142
4393 140
4394 119
4395 145
4396 139
4397 160
4398 138
4399 121
4400 137
4401 115
4402 130
4403 135
4404 131
4405 127
4406 114
4407 104
4408 126
4409 151
4410 116
4411 143
4412 133
4413 149
4414 156
4415 146
4416 120
4417 139
4418 124
4419 144
4420 126
4421 138
4422 141
4423 129
4424 128
4425 131
4426 130
4427 132
4428 104
4429 114
4430 134
4431 141
4432 132
4433 126
4434 127
4435 131
4436 136
4437 136
4438 134
4439 116
4440 118
4441 134
4442 139
4443 111
4444 127
4445 144
4446 126
4447 104
4448 127
4449 128
4450 137
4451 138
4452 127
4453 137
4454 135
4455 137
4456 134
4457 130
4458 141
4459 121
4460 132
4461 124
4462 121
4463 129
4464 132
4465 127
4466 143
4467 142
4468 129
4469 107
4470 131
4471 122
4472 139
4473 114
4474 130
4475 141
4476 117
4477 125
4478 125
4479 139
4480 137
4481 131
4482 138
4483 104
4484 123
4485 121
4486 120
4487 128
4488 131
4489 116
4490 153
4491 115
4492 131
4493 121
4494 92
4495 134
4496 126
4497 128
4498 144
4499 142
4500 132
4501 139
4502 134
4503 135
4504 127
4505 111
4506 123
4507 111
4508 132
4509 127
4510 121
4511 136
4512 148
4513 151
4514 112
4515 131
4516 137
4517 145
4518 114
4519 120
4520 124
4521 105
4522 129
4523 119
4524 144
4525 136
4526 137
4527 136
4528 116
4529 118
4530 117
4531 129
4532 126
4533 131
4534 132
4535 122
4536 112
4537 135
4538 132
4539 112
4540 134
4541 136
4542 123
4543 131
4544 126
4545 133
4546 122
4547 106
4548 133
4549 131
4550 132
4551 133
4552 133
4553 104
4554 131
4555 146
4556 156
4557 139
4558 128
4559 120
4560 110
4561 122
4562 123
4563 142
4564 113
4565 127
4566 126
4567 138
4568 111
4569 118
4570 115
4571 129
4572 114
4573 123
4574 123
4575 123
4576 113
4577 135
4578 117
4579 107
4580 139
4581 128
4582 118
4583 132
4584 117
4585 136
4586 136
4587 128
4588 128
4589 128
4590 113
4591 136
4592 120
4593 129
4594 120
4595 103
4596 134
4597 120
4598 139
4599 123
4600 120
4601 134
4602 119
4603 129
4604 123
4605 137
4606 108
4607 149
4608 125
4609 133
4610 108
4611 123
4612 120
4613 128
4614 117
4615 115
4616 119
4617 144
4618 111
4619 132
4620 138
4621 119
4622 119
4623 126
4624 127
4625 119
4626 122
4627 111
4628 127
4629 133
4630 121
4631 122
4632 104
4633 120
4634 131
4635 126
4636 116
4637 130
4638 139
4639 117
4640 126
4641 141
4642 88
4643 125
4644 131
4645 127
4646 123
4647 130
4648 119
4649 110
4650 125
4651 115
4652 124
4653 135
4654 132
4655 110
4656 132
4657 134
4658 129
4659 124
4660 111
4661 110
4662 144
4663 134
4664 115
4665 140
4666 102
4667 119
4668 141
4669 147
4670 130
4671 128
4672 122
4673 113
4674 126
4675 118
4676 125
4677 123
4678 110
4679 119
4680 124
4681 121
4682 113
4683 115
4684 117
4685 118
4686 138
4687 121
4688 125
4689 98
4690 97
4691 121
4692 110
4693 120
4694 102
4695 114
4696 124
4697 121
4698 114
4699 113
4700 122
4701 108
4702 117
4703 107
4704 133
4705 148
4706 113
4707 128
4708 103
4709 114
4710 120
4711 123
4712 101
4713 125
4714 118
4715 116
4716 123
4717 113
4718 95
4719 103
4720 103
4721 113
4722 107
4723 103
4724 116
4725 103
4726 105
4727 99
4728 113
4729 133
4730 102
4731 113
4732 116
4733 120
4734 113
4735 128
4736 128
4737 109
4738 120
4739 110
4740 121
4741 101
4742 119
4743 134
4744 106
4745 110
4746 114
4747 112
4748 117
4749 141
4750 109
4751 109
4752 128
4753 108
4754 96
4755 99
4756 98
4757 106
4758 114
4759 106
4760 80
4761 109
4762 107
4763 101
4764 115
4765 97
4766 127
4767 100
4768 112
4769 103
4770 120
4771 111
4772 115
4773 117
4774 104
4775 124
4776 106
4777 98
4778 85
4779 89
4780 117
4781 103
4782 107
4783 111
4784 132
4785 98
4786 108
4787 106
4788 109
4789 118
4790 87
4791 110
4792 112
4793 100
4794 104
4795 109
4796 109
4797 109
4798 122
4799 96
4800 96
4801 109
4802 118
4803 110
4804 120
4805 96
4806 103
4807 109
4808 109
4809 103
4810 110
4811 104
4812 105
4813 113
4814 118
4815 111
4816 110
4817 118
4818 105
4819 102
4820 106
4821 119
4822 124
4823 117
4824 107
4825 84
4826 111
4827 118
4828 114
4829 97
4830 101
4831 117
4832 104
4833 117
4834 122
4835 103
4836 132
4837 105
4838 100
4839 105
4840 111
4841 116
4842 115
4843 97
4844 113
4845 98
4846 103
4847 111
4848 81
4849 105
4850 106
4851 106
4852 103
4853 119
4854 103
4855 112
4856 94
4857 105
4858 105
4859 104
4860 93
4861 89
4862 99
4863 119
4864 110
4865 105
4866 111
4867 91
4868 84
4869 94
4870 109
4871 103
4872 86
4873 91
4874 94
4875 127
4876 111
4877 114
4878 87
4879 107
4880 96
4881 100
4882 114
4883 96
4884 97
4885 123
4886 109
4887 102
4888 126
4889 104
4890 101
4891 105
4892 104
4893 107
4894 93
4895 97
4896 116
4897 115
4898 106
4899 106
4900 113
4901 96
4902 104
4903 117
4904 107
4905 123
4906 117
4907 107
4908 100
4909 102
4910 121
4911 110
4912 95
4913 107
4914 91
4915 102
4916 99
4917 113
4918 102
4919 99
4920 101
4921 103
4922 106
4923 128
4924 109
4925 125
4926 101
4927 104
4928 98
4929 101
4930 103
4931 104
4932 83
4933 108
4934 93
4935 98
4936 115
4937 100
4938 94
4939 108
4940 97
4941 97
4942 110
4943 111
4944 104
4945 101
4946 89
4947 105
4948 93
4949 116
4950 111
4951 95
4952 93
4953 106
4954 106
4955 104
4956 115
4957 91
4958 125
4959 110
4960 87
4961 105
4962 95
4963 99
4964 103
4965 95
4966 99
4967 102
4968 107
4969 101
4970 98
4971 91
4972 96
4973 109
4974 114
4975 88
4976 107
4977 118
4978 95
4979 102
4980 110
4981 101
4982 103
4983 101
4984 100
4985 96
4986 109
4987 106
4988 98
4989 103
4990 102
4991 105
4992 105
4993 85
4994 104
4995 103
4996 102
4997 120
4998 102
4999 111
5000 114
5001 111
5002 115
5003 108
5004 121
5005 93
5006 95
5007 94
5008 106
5009 102
5010 107
5011 99
5012 116
5013 109
5014 105
5015 109
5016 105
5017 104
5018 102
5019 104
5020 91
5021 102
5022 95
5023 103
5024 95
5025 81
5026 85
5027 86
5028 106
5029 94
5030 92
5031 110
5032 97
5033 105
5034 97
5035 109
5036 130
5037 98
5038 102
5039 105
5040 90
5041 79
5042 103
5043 111
5044 84
5045 99
5046 116
5047 111
5048 97
5049 94
5050 81
5051 92
5052 98
5053 91
5054 109
5055 106
5056 79
5057 111
5058 99
5059 99
5060 93
5061 95
5062 97
5063 104
5064 83
5065 99
5066 100
5067 83
5068 94
5069 106
5070 110
5071 95
5072 96
5073 99
5074 86
5075 97
5076 95
5077 110
5078 95
5079 91
5080 111
5081 86
5082 98
5083 106
5084 109
5085 91
5086 106
5087 98
5088 81
5089 93
5090 74
5091 98
5092 77
5093 102
5094 95
5095 89
5096 95
5097 113
5098 109
5099 90
5100 88
5101 83
5102 88
5103 94
5104 97
5105 89
5106 99
5107 80
5108 97
5109 73
5110 80
5111 97
5112 106
5113 103
5114 100
5115 92
5116 90
5117 93
5118 93
5119 92
5120 113
5121 99
5122 79
5123 89
5124 95
5125 107
5126 98
5127 89
5128 87
5129 83
5130 77
5131 96
5132 89
5133 102
5134 106
5135 89
5136 92
5137 101
5138 72
5139 99
5140 108
5141 90
5142 87
5143 85
5144 79
5145 95
5146 74
5147 92
5148 92
5149 89
5150 94
5151 91
5152 81
5153 74
5154 103
5155 95
5156 95
5157 83
5158 81
5159 82
5160 92
5161 89
5162 93
5163 83
5164 89
5165 88
5166 105
5167 84
5168 84
5169 97
5170 110
5171 95
5172 106
5173 76
5174 86
5175 86
5176 81
5177 117
5178 83
5179 67
5180 109
5181 77
5182 80
5183 88
5184 75
5185 81
5186 79
5187 82
5188 96
5189 93
5190 99
5191 82
5192 79
5193 78
5194 89
5195 76
5196 84
5197 87
5198 85
5199 80
5200 86
5201 68
5202 91
5203 94
5204 96
5205 79
5206 81
5207 81
5208 91
5209 90
5210 99
5211 75
5212 86
5213 85
5214 84
5215 95
5216 105
5217 90
5218 95
5219 83
5220 81
5221 85
5222 82
5223 112
5224 98
5225 90
5226 82
5227 98
5228 92
5229 87
5230 86
5231 81
5232 82
5233 90
5234 81
5235 81
5236 98
5237 102
5238 94
5239 78
5240 92
5241 76
5242 100
5243 79
5244 81
5245 83
5246 98
5247 94
5248 77
5249 91
5250 95
5251 94
5252 83
5253 99
5254 83
5255 98
5256 94
5257 106
5258 73
5259 87
5260 87
5261 93
5262 89
5263 101
5264 97
5265 92
5266 93
5267 95
5268 82
5269 95
5270 87
5271 94
5272 77
5273 85
5274 92
5275 101
5276 80
5277 82
5278 99
5279 59
5280 82
5281 93
5282 83
5283 65
5284 102
5285 77
5286 80
5287 82
5288 72
5289 72
5290 73
5291 89
5292 91
5293 118
5294 79
5295 77
5296 90
5297 85
5298 86
5299 79
5300 80
5301 85
5302 80
5303 75
5304 84
5305 90
5306 95
5307 86
5308 111
5309 81
5310 79
5311 72
5312 89
5313 93
5314 83
5315 86
5316 86
5317 76
5318 85
5319 76
5320 78
5321 72
5322 112
5323 84
5324 88
5325 88
5326 87
5327 87
5328 78
5329 71
5330 91
5331 109
5332 80
5333 93
5334 95
5335 91
5336 73
5337 77
5338 84
5339 83
5340 76
5341 82
5342 71
5343 95
5344 91
5345 84
5346 86
5347 89
5348 95
5349 94
5350 74
5351 91
5352 84
5353 80
5354 79
5355 77
5356 103
5357 74
5358 79
5359 87
5360 100
5361 84
5362 88
5363 77
5364 79
5365 82
5366 95
5367 95
5368 101
5369 104
5370 75
5371 63
5372 68
5373 71
5374 87
5375 77
5376 80
5377 80
5378 86
5379 62
5380 80
5381 81
5382 81
5383 64
5384 99
5385 74
5386 83
5387 80
5388 94
5389 76
5390 84
5391 91
5392 81
5393 84
5394 71
5395 80
5396 70
5397 84
5398 84
5399 80
5400 82
5401 86
5402 95
5403 82
5404 67
5405 62
5406 74
5407 78
5408 73
5409 78
5410 65
5411 86
5412 103
5413 85
5414 84
5415 71
5416 83
5417 74
5418 77
5419 78
5420 77
5421 83
5422 83
5423 78
5424 74
5425 75
5426 88
5427 69
5428 87
5429 82
5430 83
5431 95
5432 67
5433 103
5434 86
5435 82
5436 90
5437 76
5438 78
5439 77
5440 73
5441 73
5442 93
5443 80
5444 74
5445 77
5446 65
5447 90
5448 83
5449 80
5450 71
5451 75
5452 87
5453 88
5454 61
5455 78
5456 73
5457 77
5458 73
5459 86
5460 73
5461 61
5462 78
5463 69
5464 65
5465 72
5466 82
5467 76
5468 77
5469 70
5470 74
5471 79
5472 87
5473 65
5474 80
5475 80
5476 99
5477 73
5478 84
5479 73
5480 61
5481 95
5482 88
5483 91
5484 72
5485 85
5486 75
5487 67
5488 75
5489 81
5490 67
5491 85
5492 91
5493 80
5494 71
5495 73
5496 81
5497 75
5498 70
5499 75
5500 81
5501 80
5502 76
5503 88
5504 73
5505 65
5506 87
5507 80
5508 71
5509 76
5510 85
5511 76
5512 99
5513 82
5514 77
5515 71
5516 95
5517 91
5518 71
5519 85
5520 72
5521 83
5522 78
5523 81
5524 78
5525 68
5526 95
5527 76
5528 89
5529 75
5530 75
5531 81
5532 84
5533 88
5534 82
5535 76
5536 81
5537 74
5538 83
5539 85
5540 65
5541 73
5542 77
5543 61
5544 91
5545 92
5546 72
5547 75
5548 79
5549 87
5550 61
5551 68
5552 72
5553 87
5554 68
5555 96
5556 88
5557 67
5558 73
5559 69
5560 77
5561 72
5562 80
5563 86
5564 75
5565 85
5566 64
5567 84
5568 73
5569 81
5570 76
5571 79
5572 79
5573 75
5574 77
5575 68
5576 75
5577 71
5578 82
5579 74
5580 71
5581 63
5582 73
5583 76
5584 74
5585 70
5586 78
5587 66
5588 76
5589 73
5590 74
5591 67
5592 82
5593 87
5594 82
5595 69
5596 71
5597 80
5598 73
5599 60
5600 74
5601 78
5602 84
5603 82
5604 81
5605 81
5606 71
5607 68
5608 85
5609 80
5610 66
5611 79
5612 82
5613 62
5614 79
5615 67
5616 80
5617 76
5618 72
5619 79
5620 83
5621 63
5622 76
5623 69
5624 73
5625 66
5626 76
5627 76
5628 72
5629 70
5630 79
5631 74
5632 74
5633 62
5634 67
5635 66
5636 81
5637 63
5638 86
5639 61
5640 72
5641 90
5642 65
5643 73
5644 70
5645 71
5646 70
5647 77
5648 66
5649 59
5650 80
5651 67
5652 76
5653 73
5654 84
5655 77
5656 64
5657 60
5658 68
5659 68
5660 80
5661 59
5662 62
5663 63
5664 81
5665 72
5666 78
5667 67
5668 75
5669 83
5670 84
5671 75
5672 70
5673 74
5674 77
5675 67
5676 79
5677 70
5678 83
5679 67
5680 82
5681 60
5682 75
5683 75
5684 84
5685 74
5686 55
5687 66
5688 63
5689 66
5690 70
5691 78
5692 84
5693 71
5694 61
5695 62
5696 62
5697 70
5698 58
5699 87
5700 81
5701 62
5702 75
5703 69
5704 74
5705 81
5706 68
5707 67
5708 63
5709 87
5710 66
5711 68
5712 66
5713 85
5714 71
5715 84
5716 79
5717 73
5718 72
5719 78
5720 64
5721 70
5722 78
5723 70
5724 79
5725 86
5726 67
5727 76
5728 67
5729 60
5730 67
5731 61
5732 74
5733 67
5734 54
5735 60
5736 75
5737 77
5738 82
5739 73
5740 92
5741 80
5742 92
5743 60
5744 81
5745 81
5746 86
5747 80
5748 95
5749 73
5750 86
5751 90
5752 77
5753 77
5754 69
5755 72
5756 77
5757 77
5758 62
5759 90
5760 68
5761 73
5762 76
5763 72
5764 58
5765 72
5766 58
5767 64
5768 72
5769 71
5770 73
5771 76
5772 72
5773 74
5774 69
5775 69
5776 75
5777 83
5778 63
5779 68
5780 87
5781 78
5782 77
5783 70
5784 77
5785 71
5786 83
5787 70
5788 58
5789 67
5790 67
5791 66
5792 64
5793 58
5794 79
5795 83
5796 84
5797 79
5798 77
5799 64
5800 68
5801 66
5802 75
5803 73
5804 65
5805 66
5806 72
5807 75
5808 69
5809 97
5810 79
5811 65
5812 74
5813 82
5814 69
5815 56
5816 84
5817 55
5818 71
5819 58
5820 65
5821 86
5822 64
5823 81
5824 62
5825 82
5826 76
5827 86
5828 72
5829 77
5830 56
5831 80
5832 75
5833 65
5834 79
5835 75
5836 71
5837 60
5838 87
5839 50
5840 67
5841 70
5842 81
5843 80
5844 81
5845 62
5846 64
5847 76
5848 75
5849 68
5850 68
5851 68
5852 80
5853 91
5854 79
5855 90
5856 76
5857 87
5858 85
5859 72
5860 86
5861 76
5862 79
5863 71
5864 64
5865 75
5866 64
5867 77
5868 84
5869 66
5870 73
5871 59
5872 82
5873 72
5874 81
5875 72
5876 65
5877 74
5878 67
5879 81
5880 77
5881 79
5882 61
5883 65
5884 72
5885 89
5886 75
5887 68
5888 73
5889 73
5890 72
5891 76
5892 75
5893 59
5894 62
5895 74
5896 81
5897 85
5898 75
5899 79
5900 85
5901 88
5902 82
5903 87
5904 76
5905 59
5906 65
5907 65
5908 75
5909 82
5910 64
5911 68
5912 71
5913 78
5914 71
5915 71
5916 83
5917 53
5918 73
5919 71
5920 86
5921 78
5922 66
5923 74
5924 70
5925 69
5926 75
5927 82
5928 71
5929 72
5930 72
5931 85
5932 86
5933 80
5934 52
5935 64
5936 74
5937 53
5938 57
5939 64
5940 60
5941 83
5942 60
5943 61
5944 66
5945 61
5946 51
5947 60
5948 75
5949 59
5950 65
5951 70
5952 59
5953 58
5954 72
5955 58
5956 61
5957 78
5958 82
5959 73
5960 79
5961 67
5962 75
5963 74
5964 76
5965 61
5966 76
5967 57
5968 54
5969 74
5970 59
5971 94
5972 69
5973 63
5974 71
5975 72
5976 74
5977 66
5978 76
5979 66
5980 72
5981 81
5982 71
5983 76
5984 94
5985 78
5986 64
5987 70
5988 67
5989 62
5990 69
5991 78
5992 73
5993 89
5994 80
5995 61
5996 71
5997 75
5998 78
5999 71
6000 71
6001 78
6002 79
6003 86
6004 71
6005 64
6006 58
6007 59
6008 66
6009 68
6010 72
6011 87
6012 78
6013 81
6014 65
6015 70
6016 75
6017 73
6018 78
6019 69
6020 80
6021 60
6022 78
6023 74
6024 63
6025 86
6026 87
6027 81
6028 62
6029 74
6030 74
6031 86
6032 64
6033 83
6034 89
6035 76
6036 86
6037 86
6038 69
6039 67
6040 78
6041 70
6042 67
6043 84
6044 70
6045 71
6046 81
6047 65
6048 69
6049 80
6050 64
6051 55
6052 80
6053 75
6054 73
6055 65
6056 72
6057 75
6058 70
6059 75
6060 71
6061 69
6062 76
6063 81
6064 84
6065 79
6066 71
6067 85
6068 80
6069 76
6070 64
6071 70
6072 80
6073 53
6074 82
6075 72
6076 61
6077 88
6078 75
6079 70
6080 70
6081 94
6082 82
6083 91
6084 90
6085 78
6086 81
6087 70
6088 68
6089 88
6090 67
6091 80
6092 73
6093 67
6094 67
6095 74
6096 82
6097 69
6098 62
6099 70
6100 78
6101 67
6102 83
6103 87
6104 76
6105 72
6106 73
6107 76
6108 89
6109 67
6110 88
6111 80
6112 72
6113 80
6114 77
6115 72
6116 59
6117 75
6118 81
6119 67
6120 71
6121 78
6122 63
6123 54
6124 91
6125 79
6126 78
6127 79
6128 88
6129 70
6130 76
6131 82
6132 70
6133 93
6134 79
6135 73
6136 75
6137 88
6138 63
6139 72
6140 75
6141 73
6142 87
6143 76
6144 66
6145 84
6146 84
6147 67
6148 92
6149 69
6150 78
6151 89
6152 76
6153 93
6154 82
6155 71
6156 60
6157 77
6158 79
6159 78
6160 69
6161 86
6162 80
6163 78
6164 80
6165 96
6166 84
6167 79
6168 86
6169 76
6170 77
6171 86
6172 93
6173 67
6174 66
6175 76
6176 70
6177 87
6178 63
6179 83
6180 81
6181 67
6182 77
6183 72
6184 83
6185 72
6186 83
6187 67
6188 78
6189 80
6190 74
6191 78
6192 68
6193 82
6194 78
6195 75
6196 77
6197 82
6198 84
6199 72
6200 77
6201 63
6202 64
6203 87
6204 84
6205 71
6206 64
6207 87
6208 88
6209 86
6210 68
6211 77
6212 76
6213 82
6214 73
6215 65
6216 74
6217 59
6218 80
6219 84
6220 77
6221 83
6222 78
6223 72
6224 74
6225 74
6226 85
6227 76
6228 64
6229 90
6230 71
6231 81
6232 67
6233 70
6234 64
6235 92
6236 77
6237 70
6238 82
6239 77
6240 65
6241 72
6242 93
6243 83
6244 75
6245 63
6246 65
6247 89
6248 69
6249 80
6250 68
6251 69
6252 67
6253 93
6254 81
6255 79
6256 72
6257 71
6258 89
6259 77
6260 87
6261 86
6262 95
6263 67
6264 94
6265 75
6266 78
6267 70
6268 75
6269 91
6270 51
6271 67
6272 85
6273 91
6274 89
6275 72
6276 75
6277 75
6278 84
6279 80
6280 63
6281 82
6282 90
6283 82
6284 73
6285 75
6286 86
6287 78
6288 73
6289 64
6290 96
6291 87
6292 76
6293 96
6294 82
6295 84
6296 79
6297 87
6298 75
6299 77
6300 87
6301 81
6302 80
6303 69
6304 76
6305 91
6306 86
6307 88
6308 85
6309 84
6310 74
6311 80
6312 63
6313 101
6314 85
6315 89
6316 81
6317 64
6318 69
6319 77
6320 86
6321 82
6322 79
6323 79
6324 96
6325 76
6326 78
6327 88
6328 75
6329 68
6330 78
6331 77
6332 95
6333 75
6334 70
6335 82
6336 69
6337 73
6338 78
6339 85
6340 90
6341 82
6342 89
6343 69
6344 71
6345 65
6346 63
6347 65
6348 85
6349 78
6350 81
6351 82
6352 56
6353 70
6354 81
6355 74
6356 51
6357 108
6358 69
6359 63
6360 79
6361 90
6362 77
6363 73
6364 95
6365 84
6366 58
6367 81
6368 74
6369 84
6370 66
6371 83
6372 76
6373 76
6374 82
6375 84
6376 98
6377 79
6378 74
6379 81
6380 82
6381 86
6382 70
6383 87
6384 92
6385 66
6386 65
6387 81
6388 73
6389 86
6390 69
6391 75
6392 71
6393 79
6394 77
6395 77
6396 89
6397 75
6398 77
6399 80
6400 79
6401 84
6402 79
6403 77
6404 79
6405 84
6406 86
6407 93
6408 59
6409 84
6410 84
6411 76
6412 87
6413 78
6414 82
6415 89
6416 79
6417 93
6418 69
6419 82
6420 85
6421 91
6422 69
6423 75
6424 90
6425 68
6426 71
6427 89
6428 72
6429 80
6430 83
6431 70
6432 92
6433 86
6434 65
6435 84
6436 87
6437 77
6438 81
6439 83
6440 82
6441 93
6442 76
6443 91
6444 84
6445 94
6446 83
6447 81
6448 80
6449 89
6450 78
6451 75
6452 74
6453 91
6454 62
6455 104
6456 77
6457 89
6458 82
6459 106
6460 82
6461 57
6462 88
6463 89
6464 88
6465 87
6466 68
6467 92
6468 96
6469 86
6470 78
6471 82
6472 87
6473 85
6474 68
6475 92
6476 94
6477 88
6478 83
6479 76
6480 96
6481 71
6482 70
6483 79
6484 79
6485 99
6486 92
6487 91
6488 88
6489 88
6490 76
6491 90
6492 86
6493 83
6494 68
6495 96
6496 82
6497 73
6498 81
6499 91
6500 97
6501 84
6502 68
6503 82
6504 88
6505 92
6506 83
6507 104
6508 83
6509 85
6510 85
6511 64
6512 90
6513 89
6514 86
6515 96
6516 85
6517 77
6518 81
6519 82
6520 94
6521 80
6522 95
6523 77
6524 70
6525 99
6526 103
6527 91
6528 78
6529 84
6530 88
6531 86
6532 103
6533 99
6534 88
6535 89
6536 90
6537 106
6538 92
6539 79
6540 78
6541 79
6542 105
6543 95
6544 82
6545 94
6546 89
6547 103
6548 82
6549 85
6550 85
6551 93
6552 90
6553 100
6554 87
6555 103
6556 102
6557 91
6558 85
6559 87
6560 91
6561 93
6562 99
6563 92
6564 89
6565 94
6566 100
6567 107
6568 92
6569 91
6570 87
6571 91
6572 91
6573 100
6574 96
6575 81
6576 94
6577 87
6578 91
6579 91
6580 86
6581 94
6582 92
6583 78
6584 83
6585 81
6586 107
6587 85
6588 83
6589 76
6590 93
6591 99
6592 103
6593 87
6594 101
6595 98
6596 79
6597 100
6598 112
6599 100
6600 95
6601 109
6602 114
6603 111
6604 92
6605 99
6606 93
6607 88
6608 95
6609 90
6610 112
6611 102
6612 79
6613 102
6614 114
6615 97
6616 98
6617 106
6618 99
6619 110
6620 98
6621 100
6622 107
6623 98
6624 94
6625 114
6626 98
6627 96
6628 94
6629 94
6630 99
6631 91
6632 97
6633 102
6634 101
6635 115
6636 116
6637 86
6638 95
6639 103
6640 113
6641 87
6642 107
6643 79
6644 95
6645 88
6646 93
6647 92
6648 104
6649 82
6650 119
6651 91
6652 114
6653 108
6654 92
6655 112
6656 88
6657 98
6658 91
6659 119
6660 116
6661 98
6662 93
6663 93
6664 87
6665 102
6666 97
6667 93
6668 111
6669 109
6670 99
6671 96
6672 96
6673 97
6674 100
6675 97
6676 91
6677 111
6678 91
6679 90
6680 91
6681 113
6682 93
6683 104
6684 113
6685 114
6686 111
6687 121
6688 98
6689 114
6690 104
6691 105
6692 97
6693 114
6694 76
6695 105
6696 104
6697 107
6698 108
6699 118
6700 99
6701 94
6702 123
6703 84
6704 108
6705 114
6706 104
6707 110
6708 116
6709 112
6710 104
6711 93
6712 106
6713 105
6714 111
6715 104
6716 96
6717 100
6718 119
6719 87
6720 108
6721 111
6722 137
6723 115
6724 97
6725 114
6726 113
6727 98
6728 114
6729 98
6730 114
6731 118
6732 126
6733 122
6734 107
6735 119
6736 111
6737 103
6738 106
6739 84
6740 97
6741 110
6742 107
6743 123
6744 107
6745 121
6746 114
6747 92
6748 113
6749 102
6750 97
6751 93
6752 99
6753 96
6754 113
6755 104
6756 93
6757 106
6758 114
6759 105
6760 109
6761 108
6762 113
6763 107
6764 122
6765 109
6766 98
6767 121
6768 106
6769 132
6770 92
6771 105
6772 123
6773 125
6774 119
6775 128
6776 120
6777 108
6778 111
6779 121
6780 118
6781 120
6782 110
6783 120
6784 140
6785 114
6786 121
6787 122
6788 112
6789 117
6790 100
6791 100
6792 133
6793 110
6794 139
6795 123
6796 114
6797 100
6798 118
6799 115
6800 122
6801 111
6802 107
6803 111
6804 128
6805 127
6806 120
6807 120
6808 116
6809 119
6810 118
6811 123
6812 112
6813 128
6814 116
6815 137
6816 116
6817 117
6818 140
6819 129
6820 123
6821 129
6822 143
6823 121
6824 136
6825 123
6826 106
6827 103
6828 105
6829 116
6830 124
6831 138
6832 127
6833 111
6834 103
6835 124
6836 126
6837 135
6838 124
6839 108
6840 125
6841 102
6842 138
6843 105
6844 120
6845 124
6846 117
6847 124
6848 143
6849 120
6850 125
6851 151
6852 154
6853 135
6854 119
6855 131
6856 109
6857 129
6858 112
6859 134
6860 146
6861 122
6862 149
6863 123
6864 115
6865 125
6866 120
6867 122
6868 116
6869 119
6870 114
6871 136
6872 132
6873 118
6874 122
6875 115
6876 134
6877 122
6878 149
6879 127
6880 114
6881 115
6882 100
6883 122
6884 129
6885 134
6886 106
6887 119
6888 138
6889 133
6890 132
6891 113
6892 123
6893 147
6894 108
6895 92
6896 129
6897 123
6898 114
6899 121
6900 129
6901 131
6902 113
6903 131
6904 151
6905 128
6906 123
6907 150
6908 145
6909 109
6910 120
6911 134
6912 120
6913 134
6914 123
6915 119
6916 130
6917 133
6918 120
6919 147
6920 132
6921 141
6922 124
6923 125
6924 135
6925 143
6926 127
6927 133
6928 151
6929 126
6930 141
6931 124
6932 136
6933 124
6934 139
6935 112
6936 128
6937 123
6938 118
6939 135
6940 139
6941 136
6942 134
6943 128
6944 115
6945 154
6946 121
6947 119
6948 119
6949 137
6950 138
6951 130
6952 103
6953 138
6954 137
6955 135
6956 127
6957 124
6958 115
6959 142
6960 122
6961 132
6962 112
6963 129
6964 133
6965 138
6966 142
6967 124
6968 133
6969 154
6970 111
6971 130
6972 136
6973 137
6974 132
6975 136
6976 123
6977 121
6978 126
6979 127
6980 133
6981 132
6982 137
6983 120
6984 152
6985 125
6986 110
6987 134
6988 124
6989 129
6990 129
6991 143
6992 116
6993 132
6994 123
6995 129
6996 116
6997 123
6998 124
6999 132
7000 152
7001 123
7002 153
7003 120
7004 147
7005 131
7006 130
7007 136
7008 131
7009 141
7010 138
7011 132
7012 139
7013 143
7014 128
7015 139
7016 136
7017 126
7018 126
7019 144
7020 132
7021 144
7022 138
7023 136
7024 138
7025 121
7026 135
7027 161
7028 143
7029 137
7030 123
7031 121
7032 145
7033 134
7034 121
7035 151
7036 125
7037 147
7038 140
7039 126
7040 154
7041 116
7042 108
7043 140
7044 131
7045 127
7046 137
7047 125
7048 146
7049 135
7050 121
7051 145
7052 142
7053 125
7054 131
7055 149
7056 121
7057 136
7058 131
7059 168
7060 140
7061 129
7062 147
7063 132
7064 136
7065 140
7066 143
7067 146
7068 136
7069 115
7070 155
7071 144
7072 150
7073 132
7074 138
7075 129
7076 134
7077 159
7078 148
7079 146
7080 126
7081 121
7082 140
7083 152
7084 150
7085 103
7086 136
7087 145
7088 127
7089 131
7090 159
7091 167
7092 123
7093 126
7094 135
7095 148
7096 126
7097 137
7098 149
7099 129
7100 147
7101 125
7102 132
7103 143
7104 129
7105 125
7106 149
7107 129
7108 150
7109 137
7110 154
7111 135
7112 143
7113 153
7114 129
7115 119
7116 115
7117 136
7118 152
7119 110
7120 123
7121 129
7122 127
7123 128
7124 130
7125 122
7126 133
7127 120
7128 132
7129 137
7130 136
7131 147
7132 132
7133 131
7134 125
7135 136
7136 126
7137 123
7138 135
7139 125
7140 133
7141 134
7142 128
7143 130
7144 153
7145 135
7146 128
7147 141
7148 145
7149 126
7150 137
7151 137
7152 119
7153 122
7154 106
7155 134
7156 146
7157 125
7158 137
7159 134
7160 142
7161 122
7162 146
7163 124
7164 133
7165 123
7166 137
7167 139
7168 137
7169 116
7170 133
7171 127
7172 131
7173 120
7174 113
7175 141
7176 137
7177 130
7178 141
7179 116
7180 145
7181 110
7182 135
7183 144
7184 132
7185 127
7186 129
7187 148
7188 146
7189 122
7190 116
7191 118
7192 119
7193 138
7194 100
7195 132
7196 135
7197 142
7198 139
7199 111
7200 115
7201 125
7202 119
7203 135
7204 133
7205 131
7206 138
7207 125
7208 124
7209 127
7210 128
7211 126
7212 133
7213 104
7214 133
7215 123
7216 144
7217 129
7218 112
7219 97
7220 121
7221 108
7222 120
7223 140
7224 105
7225 130
7226 131
7227 120
7228 123
7229 141
7230 126
7231 156
7232 125
7233 100
7234 122
7235 120
7236 125
7237 117
7238 121
7239 119
7240 140
7241 124
7242 117
7243 122
7244 119
7245 115
7246 130
7247 133
7248 95
7249 127
7250 116
7251 123
7252 111
7253 115
7254 122
7255 124
7256 105
7257 121
7258 134
7259 131
7260 129
7261 109
7262 119
7263 122
7264 131
7265 121
7266 101
7267 120
7268 119
7269 129
7270 137
7271 113
7272 125
7273 117
7274 123
7275 120
7276 110
7277 112
7278 99
7279 140
7280 88
7281 115
7282 121
7283 108
7284 140
7285 122
7286 101
7287 130
7288 129
7289 110
7290 124
7291 125
7292 121
7293 93
7294 120
7295 107
7296 112
7297 114
7298 130
7299 123
7300 103
7301 101
7302 107
7303 100
7304 124
7305 129
7306 108
7307 114
7308 110
7309 111
7310 110
7311 100
7312 124
7313 112
7314 128
7315 112
7316 103
7317 115
7318 112
7319 122
7320 114
7321 118
7322 127
7323 110
7324 117
7325 105
7326 110
7327 112
7328 107
7329 120
7330 114
7331 109
7332 121
7333 120
7334 120
7335 106
7336 105
7337 118
7338 111
7339 126
7340 105
7341 119
7342 115
7343 130
7344 110
7345 109
7346 122
7347 109
7348 125
7349 117
7350 122
7351 120
7352 110
7353 108
7354 103
7355 94
7356 109
7357 120
7358 96
7359 114
7360 96
7361 117
7362 100
7363 97
7364 116
7365 107
7366 96
7367 117
7368 110
7369 113
7370 105
7371 112
7372 126
7373 136
7374 119
7375 102
7376 132
7377 99
7378 111
7379 126
7380 110
7381 107
7382 116
7383 106
7384 108
7385 111
7386 105
7387 108
7388 111
7389 118
7390 110
7391 91
7392 106
7393 106
7394 92
7395 103
7396 90
7397 112
7398 92
7399 105
7400 112
7401 117
7402 99
7403 106
7404 95
7405 100
7406 113
7407 105
7408 118
7409 102
7410 101
7411 110
7412 106
7413 97
7414 93
7415 107
7416 108
7417 116
7418 103
7419 105
7420 88
7421 108
7422 111
7423 102
7424 86
7425 109
7426 104
7427 110
7428 101
7429 87
7430 87
7431 108
7432 97
7433 101
7434 92
7435 96
7436 88
7437 92
7438 99
7439 88
7440 97
7441 99
7442 89
7443 98
7444 107
7445 111
7446 101
7447 88
7448 105
7449 119
7450 104
7451 98
7452 84
7453 98
7454 97
7455 91
7456 91
7457 98
7458 101
7459 96
7460 103
7461 100
7462 104
7463 99
7464 89
7465 86
7466 81
7467 105
7468 78
7469 107
7470 78
7471 98
7472 86
7473 88
7474 95
7475 101
7476 87
7477 92
7478 92
7479 87
7480 82
7481 98
7482 105
7483 74
7484 88
7485 104
7486 92
7487 100
7488 90
7489 110
7490 107
7491 87
7492 101
7493 86
7494 87
7495 90
7496 82
7497 113
7498 82
7499 93
7500 88
7501 78
7502 87
7503 67
7504 89
7505 87
7506 88
7507 67
7508 99
7509 65
7510 97
7511 66
7512 78
7513 83
7514 73
7515 93
7516 89
7517 70
7518 73
7519 79
7520 76
7521 82
7522 83
7523 84
7524 91
7525 85
7526 75
7527 74
7528 71
7529 81
7530 88
7531 76
7532 72
7533 88
7534 85
7535 84
7536 82
7537 72
7538 78
7539 84
7540 82
7541 78
7542 82
7543 80
7544 82
7545 72
7546 76
7547 66
7548 84
7549 80
7550 75
7551 76
7552 71
7553 69
7554 83
7555 78
7556 72
7557 71
7558 75
7559 58
7560 71
7561 88
7562 66
7563 72
7564 49
7565 70
7566 58
7567 86
7568 77
7569 80
7570 86
7571 75
7572 60
7573 59
7574 72
7575 55
7576 59
7577 72
7578 93
7579 71
7580 68
7581 64
7582 68
7583 75
7584 60
7585 73
7586 72
7587 82
7588 68
7589 74
7590 53
7591 71
7592 73
7593 71
7594 73
7595 69
7596 78
7597 71
7598 82
7599 72
7600 63
7601 61
7602 66
7603 101
7604 60
7605 58
7606 75
7607 63
7608 69
7609 73
7610 71
7611 71
7612 78
7613 89
7614 70
7615 64
7616 64
7617 63
7618 62
7619 66
7620 55
7621 57
7622 72
7623 89
7624 70
7625 67
7626 62
7627 76
7628 69
7629 63
7630 65
7631 70
7632 65
7633 67
7634 61
7635 69
7636 79
7637 69
7638 69
7639 77
7640 63
7641 63
7642 62
7643 80
7644 62
7645 55
7646 53
7647 68
7648 64
7649 56
7650 73
7651 68
7652 56
7653 65
7654 58
7655 64
7656 61
7657 70
7658 50
7659 69
7660 56
7661 66
7662 63
7663 69
7664 55
7665 61
7666 68
7667 61
7668 64
7669 66
7670 62
7671 76
7672 64
7673 60
7674 60
7675 53
7676 71
7677 61
7678 73
7679 71
7680 64
7681 65
7682 52
7683 64
7684 61
7685 66
7686 60
7687 58
7688 59
7689 67
7690 62
7691 55
7692 62
7693 41
7694 59
7695 57
7696 66
7697 63
7698 62
7699 66
7700 63
7701 57
7702 67
7703 59
7704 67
7705 64
7706 74
7707 73
7708 47
7709 51
7710 65
7711 60
7712 64
7713 60
7714 62
7715 62
7716 68
7717 59
7718 49
7719 54
7720 47
7721 39
7722 50
7723 53
7724 55
7725 50
7726 53
7727 60
7728 60
7729 59
7730 52
7731 44
7732 70
7733 46
7734 55
7735 70
7736 61
7737 53
7738 52
7739 55
7740 62
7741 68
7742 54
7743 55
7744 51
7745 71
7746 70
7747 66
7748 60
7749 53
7750 70
7751 64
7752 50
7753 52
7754 67
7755 43
7756 50
7757 53
7758 61
7759 52
7760 66
7761 43
7762 51
7763 70
7764 46
7765 63
7766 57
7767 55
7768 47
7769 49
7770 59
7771 61
7772 58
7773 54
7774 58
7775 55
7776 59
7777 51
7778 54
7779 50
7780 59
7781 46
7782 62
7783 46
7784 54
7785 55
7786 45
7787 44
7788 39
7789 52
7790 41
7791 44
7792 49
7793 52
7794 40
7795 58
7796 61
7797 54
7798 47
7799 47
7800 54
7801 52
7802 53
7803 34
7804 44
7805 43
7806 39
7807 61
7808 43
7809 53
7810 44
7811 62
7812 50
7813 49
7814 59
7815 47
7816 43
7817 48
7818 43
7819 51
7820 46
7821 51
7822 49
7823 58
7824 48
7825 52
7826 60
7827 35
7828 52
7829 50
7830 45
7831 46
7832 42
7833 54
7834 40
7835 45
7836 47
7837 51
7838 47
7839 42
7840 41
7841 45
7842 59
7843 49
7844 49
7845 38
7846 42
7847 42
7848 44
7849 41
7850 47
7851 44
7852 41
7853 46
7854 42
7855 38
7856 43
7857 58
7858 52
7859 50
7860 45
7861 43
7862 35
7863 49
7864 53
7865 48
7866 43
7867 41
7868 51
7869 37
7870 33
7871 45
7872 43
7873 47
7874 49
7875 53
7876 40
7877 47
7878 42
7879 43
7880 44
7881 52
7882 51
7883 51
7884 56
7885 35
7886 51
7887 43
7888 59
7889 48
7890 37
7891 50
7892 52
7893 39
7894 48
7895 43
7896 44
7897 53
7898 52
7899 52
7900 53
7901 37
7902 46
7903 46
7904 48
7905 57
7906 46
7907 53
7908 58
7909 55
7910 34
7911 51
7912 44
7913 46
7914 52
7915 40
7916 34
7917 42
7918 48
7919 42
7920 39
7921 48
7922 40
7923 40
7924 52
7925 38
7926 58
7927 35
7928 49
7929 46
7930 39
7931 37
7932 50
7933 53
7934 48
7935 39
7936 41
7937 39
7938 46
7939 58
7940 42
7941 43
7942 44
7943 24
7944 43
7945 31
7946 36
7947 50
7948 44
7949 48
7950 42
7951 52
7952 49
7953 44
7954 44
7955 42
7956 44
7957 53
7958 52
7959 38
7960 44
7961 39
7962 40
7963 45
7964 38
7965 40
7966 46
7967 45
7968 55
7969 38
7970 40
7971 47
7972 38
7973 34
7974 39
7975 41
7976 38
7977 43
7978 40
7979 45
7980 47
7981 38
7982 48
7983 37
7984 49
7985 32
7986 52
7987 38
7988 42
7989 38
7990 41
7991 41
7992 37
7993 51
7994 47
7995 44
7996 38
7997 42
7998 42
7999 35
8000 32
8001 34
8002 42
8003 42
8004 34
8005 34
8006 38
8007 30
8008 43
8009 43
8010 38
8011 42
8012 37
8013 44
8014 53
8015 41
8016 44
8017 47
8018 37
8019 39
8020 30
8021 39
8022 46
8023 30
8024 47
8025 34
8026 30
8027 39
8028 27
8029 35
8030 48
8031 43
8032 42
8033 29
8034 37
8035 47
8036 44
8037 43
8038 45
8039 45
8040 37
8041 38
8042 30
8043 39
8044 34
8045 39
8046 44
8047 44
8048 42
8049 36
8050 47
8051 43
8052 39
8053 37
8054 32
8055 27
8056 38
8057 40
8058 33
8059 43
8060 43
8061 39
8062 31
8063 30
8064 41
8065 42
8066 47
8067 46
8068 49
8069 40
8070 41
8071 35
8072 38
8073 55
8074 38
8075 39
8076 43
8077 39
8078 27
8079 52
8080 47
8081 47
8082 44
8083 43
8084 37
8085 35
8086 35
8087 31
8088 43
8089 43
8090 31
8091 40
8092 40
8093 37
8094 39
8095 28
8096 40
8097 41
8098 37
8099 33
8100 36
8101 46
8102 37
8103 42
8104 38
8105 28
8106 47
8107 40
8108 44
8109 39
8110 49
8111 39
8112 53
8113 39
8114 47
8115 31
8116 44
8117 44
8118 28
8119 41
8120 42
8121 48
8122 41
8123 37
8124 43
8125 40
8126 40
8127 36
8128 39
8129 39
8130 28
8131 37
8132 41
8133 39
8134 39
8135 37
8136 41
8137 43
8138 53
8139 42
8140 29
8141 27
8142 33
8143 38
8144 45
8145 50
8146 46
8147 31
8148 45
8149 41
8150 38
8151 40
8152 38
8153 42
8154 45
8155 40
8156 51
8157 29
8158 43
8159 46
8160 43
8161 43
8162 43
8163 47
8164 42
8165 48
8166 40
8167 37
8168 49
8169 42
8170 49
8171 47
8172 37
8173 32
8174 36
8175 37
8176 39
8177 36
8178 32
8179 44
8180 35
8181 42
8182 32
8183 33
8184 35
8185 41
8186 38
8187 37
8188 38
8189 31
8190 44
8191 37
8192 26
8193 53
8194 47
8195 52
8196 47
8197 42
8198 40
8199 39
8200 41
8201 31
8202 35
8203 36
8204 47
8205 44
8206 46
8207 33
8208 36
8209 33
8210 42
8211 38
8212 40
8213 33
8214 34
8215 46
8216 39
8217 37
8218 33
8219 34
8220 55
8221 36
8222 34
8223 37
8224 31
8225 55
8226 27
8227 48
8228 34
8229 42
8230 42
8231 39
8232 34
8233 32
8234 42
8235 31
8236 47
8237 34
8238 28
8239 34
8240 45
8241 35
8242 43
8243 22
8244 43
8245 29
8246 33
8247 32
8248 32
8249 35
8250 33
8251 34
8252 29
8253 42
8254 32
8255 35
8256 46
8257 30
8258 36
8259 41
8260 46
8261 37
8262 35
8263 49
8264 28
8265 42
8266 41
8267 54
8268 30
8269 25
8270 33
8271 30
8272 39
8273 40
8274 46
8275 28
8276 49
8277 35
8278 48
8279 51
8280 34
8281 42
8282 33
8283 30
8284 30
8285 38
8286 47
8287 40
8288 38
8289 50
8290 34
8291 36
8292 40
8293 34
8294 35
8295 33
8296 35
8297 37
8298 39
8299 45
8300 31
8301 38
8302 45
8303 42
8304 29
8305 32
8306 46
8307 38
8308 42
8309 38
8310 37
8311 25
8312 44
8313 45
8314 26
8315 41
8316 43
8317 39
8318 37
8319 31
8320 33
8321 38
8322 38
8323 39
8324 41
8325 41
8326 29
8327 31
8328 41
8329 36
8330 34
8331 44
8332 40
8333 40
8334 51
8335 50
8336 42
8337 38
8338 39
8339 34
8340 45
8341 33
8342 46
8343 27
8344 45
8345 31
8346 35
8347 40
8348 48
8349 32
8350 33
8351 35
8352 35
8353 40
8354 22
8355 41
8356 39
8357 51
8358 47
8359 37
8360 32
8361 42
8362 36
8363 45
8364 49
8365 45
8366 24
8367 50
8368 37
8369 29
8370 29
8371 44
8372 40
8373 44
8374 32
8375 54
8376 38
8377 40
8378 36
8379 45
8380 29
8381 34
8382 48
8383 39
8384 43
8385 32
8386 30
8387 33
8388 46
8389 26
8390 33
8391 35
8392 36
8393 41
8394 39
8395 32
8396 30
8397 36
8398 27
8399 37
8400 27
8401 42
8402 38
8403 35
8404 31
8405 41
8406 33
8407 38
8408 42
8409 37
8410 31
8411 41
8412 38
8413 24
8414 36
8415 38
8416 44
8417 38
8418 36
8419 43
8420 43
8421 53
8422 36
8423 46
8424 45
8425 41
8426 39
8427 48
8428 32
8429 26
8430 43
8431 34
8432 43
8433 38
8434 38
8435 46
8436 38
8437 41
8438 44
8439 34
8440 40
8441 29
8442 45
8443 42
8444 42
8445 45
8446 44
8447 35
8448 38
8449 35
8450 38
8451 33
8452 38
8453 27
8454 39
8455 43
8456 33
8457 38
8458 38
8459 38
8460 30
8461 32
8462 33
8463 38
8464 45
8465 33
8466 49
8467 51
8468 33
8469 38
8470 40
8471 48
8472 37
8473 39
8474 44
8475 43
8476 40
8477 30
8478 43
8479 37
8480 32
8481 48
8482 30
8483 35
8484 42
8485 40
8486 30
8487 33
8488 38
8489 39
8490 36
8491 35
8492 38
8493 42
8494 46
8495 46
8496 42
8497 31
8498 47
8499 49
8500 42
8501 37
8502 38
8503 39
8504 48
8505 36
8506 48
8507 43
8508 37
8509 40
8510 39
8511 33
8512 26
8513 36
8514 41
8515 28
8516 34
8517 47
8518 52
8519 36
8520 37
8521 47
8522 41
8523 30
8524 49
8525 35
8526 36
8527 35
8528 46
8529 40
8530 46
8531 43
8532 50
8533 39
8534 41
8535 37
8536 43
8537 43
8538 46
8539 36
8540 36
8541 36
8542 36
8543 30
8544 44
8545 31
8546 43
8547 40
8548 36
8549 41
8550 37
8551 31
8552 41
8553 42
8554 37
8555 34
8556 39
8557 32
8558 47
8559 34
8560 35
8561 31
8562 26
8563 51
8564 40
8565 37
8566 41
8567 33
8568 35
8569 33
8570 33
8571 29
8572 19
8573 32
8574 33
8575 38
8576 32
8577 39
8578 39
8579 34
8580 31
8581 35
8582 44
8583 45
8584 35
8585 37
8586 27
8587 40
8588 49
8589 36
8590 31
8591 39
8592 39
8593 25
8594 34
8595 40
8596 34
8597 36
8598 43
8599 36
8600 30
8601 30
8602 39
8603 24
8604 39
8605 39
8606 38
8607 29
8608 36
8609 37
8610 33
8611 40
8612 41
8613 30
8614 30
8615 37
8616 37
8617 31
8618 32
8619 42
8620 26
8621 42
8622 34
8623 38
8624 42
8625 32
8626 25
8627 35
8628 34
8629 25
8630 36
8631 36
8632 47
8633 28
8634 36
8635 31
8636 26
8637 40
8638 31
8639 31
8640 20
8641 30
8642 41
8643 40
8644 30
8645 35
8646 23
8647 36
8648 47
8649 33
8650 31
8651 31
8652 35
8653 40
8654 33
8655 26
8656 19
8657 36
8658 37
8659 24
8660 26
8661 26
8662 34
8663 29
8664 27
8665 36
8666 27
8667 27
8668 35
8669 31
8670 44
8671 32
8672 31
8673 37
8674 32
8675 32
8676 29
8677 37
8678 28
8679 32
8680 40
8681 26
8682 21
8683 29
8684 24
8685 30
8686 31
8687 35
8688 23
8689 29
8690 27
8691 30
8692 28
8693 31
8694 46
8695 36
8696 31
8697 34
8698 36
8699 33
8700 40
8701 28
8702 30
8703 37
8704 23
8705 31
8706 23
8707 42
8708 25
8709 36
8710 32
8711 28
8712 33
8713 31
8714 34
8715 30
8716 24
8717 32
8718 22
8719 28
8720 37
8721 31
8722 35
8723 33
8724 31
8725 29
8726 30
8727 23
8728 38
8729 25
8730 23
8731 28
8732 22
8733 31
8734 24
8735 18
8736 31
8737 32
8738 30
8739 32
8740 24
8741 29
8742 39
8743 33
8744 33
8745 24
8746 33
8747 28
8748 26
8749 31
8750 43
8751 27
8752 22
8753 26
8754 37
8755 31
8756 38
8757 36
8758 33
8759 41
8760 33
8761 29
8762 30
8763 32
8764 24
8765 27
8766 39
8767 32
8768 28
8769 28
8770 33
8771 30
8772 29
8773 42
8774 28
8775 21
8776 28
8777 25
8778 27
8779 28
8780 44
8781 32
8782 25
8783 27
8784 26
8785 31
8786 22
8787 38
8788 30
8789 30
8790 34
8791 34
8792 27
8793 34
8794 44
8795 19
8796 26
8797 24
8798 37
8799 32
8800 22
8801 29
8802 32
8803 24
8804 36
8805 30
8806 41
8807 35
8808 28
8809 27
8810 27
8811 40
8812 30
8813 28
8814 35
8815 23
8816 29
8817 33
8818 40
8819 33
8820 33
8821 27
8822 33
8823 37
8824 17
8825 28
8826 19
8827 39
8828 36
8829 34
8830 25
8831 36
8832 25
8833 34
8834 36
8835 31
8836 37
8837 27
8838 34
8839 26
8840 22
8841 24
8842 30
8843 34
8844 28
8845 36
8846 23
8847 27
8848 28
8849 21
8850 43
8851 41
8852 32
8853 27
8854 27
8855 25
8856 33
8857 30
8858 35
8859 30
8860 37
8861 27
8862 42
8863 35
8864 21
8865 28
8866 27
8867 32
8868 27
8869 36
8870 20
8871 34
8872 33
8873 38
8874 24
8875 26
8876 29
8877 25
8878 30
8879 34
8880 31
8881 33
8882 25
8883 28
8884 37
8885 35
8886 29
8887 35
8888 34
8889 24
8890 51
8891 30
8892 40
8893 44
8894 36
8895 36
8896 37
8897 32
8898 26
8899 39
8900 25
8901 35
8902 39
8903 29
8904 37
8905 33
8906 32
8907 33
8908 30
8909 26
8910 31
8911 27
8912 32
8913 33
8914 27
8915 32
8916 29
8917 33
8918 33
8919 37
8920 25
8921 26
8922 22
8923 25
8924 27
8925 35
8926 37
8927 24
8928 25
8929 27
8930 25
8931 24
8932 26
8933 25
8934 35
8935 26
8936 22
8937 24
8938 21
8939 36
8940 28
8941 20
8942 25
8943 27
8944 35
8945 24
8946 38
8947 36
8948 27
8949 15
8950 32
8951 31
8952 36
8953 23
8954 25
8955 27
8956 35
8957 26
8958 23
8959 23
8960 33
8961 27
8962 22
8963 27
8964 18
8965 31
8966 25
8967 36
8968 33
8969 22
8970 22
8971 31
8972 22
8973 36
8974 35
8975 37
8976 24
8977 31
8978 35
8979 28
8980 21
8981 26
8982 33
8983 30
8984 26
8985 24
8986 31
8987 32
8988 30
8989 36
8990 25
8991 31
8992 25
8993 25
8994 29
8995 33
8996 33
8997 22
8998 24
8999 36
9000 28
9001 17
9002 31
9003 35
9004 19
9005 20
9006 27
9007 30
9008 26
9009 29
9010 29
9011 31
9012 34
9013 22
9014 32
9015 25
9016 21
9017 23
9018 25
9019 31
9020 20
9021 26
9022 28
9023 36
9024 34
9025 20
9026 22
9027 28
9028 35
9029 37
9030 32
9031 29
9032 31
9033 32
9034 23
9035 27
9036 35
9037 27
9038 28
9039 32
9040 20
9041 30
9042 31
9043 34
9044 41
9045 32
9046 27
9047 27
9048 29
9049 27
9050 29
9051 22
9052 23
9053 21
9054 30
9055 28
9056 31
9057 33
9058 36
9059 28
9060 31
9061 20
9062 38
9063 20
9064 24
9065 31
9066 27
9067 36
9068 31
9069 27
9070 30
9071 32
9072 34
9073 22
9074 23
9075 17
9076 24
9077 32
9078 27
9079 26
9080 36
9081 26
9082 25
9083 29
9084 24
9085 26
9086 26
9087 37
9088 26
9089 27
9090 40
9091 25
9092 20
9093 25
9094 19
9095 31
9096 35
9097 32
9098 29
9099 30
9100 17
9101 29
9102 24
9103 27
9104 31
9105 34
9106 33
9107 15
9108 34
9109 25
9110 30
9111 35
9112 28
9113 24
9114 39
9115 25
9116 29
9117 22
9118 30
9119 22
9120 25
9121 30
9122 26
9123 22
9124 21
9125 27
9126 23
9127 25
9128 30
9129 25
9130 25
9131 31
9132 31
9133 30
9134 28
9135 21
9136 26
9137 20
9138 31
9139 19
9140 28
9141 39
9142 32
9143 29
9144 32
9145 37
9146 18
9147 22
9148 24
9149 24
9150 34
9151 32
9152 23
9153 26
9154 32
9155 28
9156 22
9157 31
9158 32
9159 20
9160 25
9161 23
9162 21
9163 37
9164 29
9165 27
9166 29
9167 36
9168 30
9169 19
9170 23
9171 30
9172 26
9173 28
9174 29
9175 19
9176 29
9177 31
9178 28
9179 33
9180 21
9181 21
9182 27
9183 20
9184 28
9185 22
9186 35
9187 19
9188 23
9189 19
9190 36
9191 31
9192 27
9193 23
9194 23
9195 26
9196 25
9197 27
9198 30
9199 19
9200 23
9201 22
9202 38
9203 33
9204 27
9205 27
9206 22
9207 29
9208 34
9209 25
9210 26
9211 38
9212 29
9213 28
9214 19
9215 32
9216 25
9217 24
9218 20
9219 24
9220 22
9221 24
9222 19
9223 34
9224 29
9225 15
9226 26
9227 30
9228 19
9229 22
9230 22
9231 20
9232 28
9233 29
9234 32
9235 26
9236 25
9237 32
9238 26
9239 24
9240 24
9241 31
9242 27
9243 24
9244 16
9245 26
9246 34
9247 28
9248 27
9249 30
9250 31
9251 18
9252 29
9253 26
9254 21
9255 27
9256 19
9257 19
9258 26
9259 28
9260 24
9261 31
9262 28
9263 31
9264 23
9265 27
9266 21
9267 34
9268 25
9269 23
9270 32
9271 31
9272 30
9273 27
9274 35
9275 28
9276 18
9277 28
9278 29
9279 32
9280 15
9281 32
9282 35
9283 26
9284 29
9285 32
9286 22
9287 28
9288 32
9289 29
9290 28
9291 29
9292 21
9293 41
9294 23
9295 22
9296 28
9297 35
9298 22
9299 25
9300 23
9301 19
9302 32
9303 18
9304 25
9305 24
9306 18
9307 19
9308 26
9309 26
9310 25
9311 21
9312 24
9313 22
9314 31
9315 34
9316 24
9317 27
9318 22
9319 31
9320 24
9321 31
9322 29
9323 26
9324 29
9325 28
9326 28
9327 29
9328 28
9329 30
9330 35
9331 27
9332 24
9333 22
9334 29
9335 28
9336 29
9337 31
9338 35
9339 26
9340 24
9341 28
9342 31
9343 22
9344 29
9345 22
9346 31
9347 23
9348 33
9349 25
9350 30
9351 33
9352 26
9353 21
9354 21
9355 22
9356 17
9357 28
9358 26
9359 20
9360 28
9361 18
9362 17
9363 18
9364 22
9365 19
9366 29
9367 21
9368 27
9369 22
9370 17
9371 16
9372 23
9373 30
9374 37
9375 16
9376 30
9377 22
9378 30
9379 20
9380 26
9381 27
9382 26
9383 30
9384 28
9385 19
9386 20
9387 25
9388 20
9389 29
9390 14
9391 25
9392 27
9393 32
9394 25
9395 18
9396 20
9397 25
9398 19
9399 22
9400 24
9401 22
9402 30
9403 29
9404 18
9405 24
9406 15
9407 18
9408 29
9409 19
9410 18
9411 19
9412 23
9413 27
9414 30
9415 23
9416 25
9417 30
9418 31
9419 23
9420 28
9421 20
9422 18
9423 20
9424 27
9425 23
9426 34
9427 32
9428 23
9429 27
9430 17
9431 20
9432 18
9433 21
9434 34
9435 31
9436 34
9437 24
9438 25
9439 33
9440 26
9441 25
9442 25
9443 15
9444 22
9445 26
9446 28
9447 23
9448 34
9449 25
9450 30
9451 22
9452 26
9453 28
9454 32
9455 14
9456 32
9457 27
9458 17
9459 27
9460 14
9461 28
9462 23
9463 24
9464 23
9465 32
9466 28
9467 30
9468 24
9469 36
9470 26
9471 24
9472 21
9473 28
9474 15
9475 29
9476 25
9477 22
9478 35
9479 20
9480 24
9481 20
9482 27
9483 23
9484 26
9485 25
9486 19
9487 20
9488 23
9489 17
9490 24
9491 23
9492 38
9493 31
9494 21
9495 30
9496 28
9497 17
9498 18
9499 28
9500 28
9501 20
9502 21
9503 26
9504 21
9505 26
9506 29
9507 16
9508 18
9509 24
9510 30
9511 24
9512 32
9513 32
9514 15
9515 24
9516 26
9517 23
9518 18
9519 28
9520 21
9521 18
9522 18
9523 25
9524 25
9525 31
9526 25
9527 27
9528 23
9529 23
9530 19
9531 22
9532 27
9533 25
9534 28
9535 21
9536 29
9537 25
9538 29
9539 19
9540 24
9541 28
9542 20
9543 18
9544 26
9545 18
9546 29
9547 31
9548 27
9549 32
9550 26
9551 23
9552 25
9553 21
9554 24
9555 32
9556 30
9557 21
9558 17
9559 34
9560 24
9561 26
9562 23
9563 23
9564 24
9565 25
9566 30
9567 22
9568 21
9569 17
9570 30
9571 20
9572 20
9573 19
9574 25
9575 29
9576 25
9577 21
9578 30
9579 22
9580 32
9581 28
9582 19
9583 26
9584 33
9585 22
9586 32
9587 25
9588 25
9589 20
9590 28
9591 22
9592 16
9593 15
9594 20
9595 25
9596 21
9597 26
9598 23
9599 15
9600 22
9601 22
9602 20
9603 17
9604 31
9605 30
9606 22
9607 22
9608 20
9609 23
9610 21
9611 24
9612 23
9613 26
9614 26
9615 24
9616 35
9617 13
9618 22
9619 23
9620 20
9621 19
9622 16
9623 25
9624 12
9625 29
9626 27
9627 34
9628 23
9629 31
9630 25
9631 18
9632 22
9633 22
9634 25
9635 26
9636 11
9637 30
9638 27
9639 25
9640 23
9641 15
9642 19
9643 32
9644 14
9645 24
9646 26
9647 25
9648 19
9649 25
9650 27
9651 18
9652 19
9653 26
9654 20
9655 23
9656 24
9657 17
9658 19
9659 31
9660 25
9661 22
9662 32
9663 16
9664 33
9665 26
9666 36
9667 29
9668 31
9669 15
9670 27
9671 23
9672 24
9673 27
9674 25
9675 24
9676 26
9677 22
9678 17
9679 22
9680 30
9681 27
9682 20
9683 30
9684 19
9685 29
9686 23
9687 33
9688 27
9689 17
9690 26
9691 26
9692 21
9693 27
9694 23
9695 24
9696 20
9697 28
9698 35
9699 31
9700 21
9701 27
9702 27
9703 28
9704 19
9705 28
9706 25
9707 18
9708 20
9709 26
9710 20
9711 17
9712 21
9713 17
9714 16
9715 29
9716 22
9717 22
9718 22
9719 21
9720 20
9721 21
9722 19
9723 20
9724 28
9725 20
9726 18
9727 23
9728 20
9729 27
9730 20
9731 30
9732 24
9733 23
9734 21
9735 20
9736 19
9737 22
9738 23
9739 24
9740 13
9741 18
9742 23
9743 18
9744 28
9745 21
9746 19
9747 23
9748 20
9749 19
9750 25
9751 20
9752 23
9753 19
9754 24
9755 17
9756 24
9757 22
9758 25
9759 19
9760 29
9761 24
9762 24
9763 25
9764 21
9765 20
9766 28
9767 32
9768 19
9769 23
9770 18
9771 12
9772 29
9773 22
9774 24
9775 15
9776 24
9777 27
9778 26
9779 20
9780 23
9781 27
9782 16
9783 16
9784 22
9785 18
9786 19
9787 25
9788 30
9789 23
9790 28
9791 31
9792 23
9793 21
9794 18
9795 19
9796 8
9797 22
9798 26
9799 32
9800 22
9801 24
9802 14
9803 32
9804 22
9805 22
9806 21
9807 26
9808 28
9809 22
9810 20
9811 20
9812 34
9813 23
9814 16
9815 20
9816 21
9817 15
9818 24
9819 31
9820 25
9821 26
9822 32
9823 17
9824 19
9825 32
9826 21
9827 21
9828 20
9829 20
9830 26
9831 20
9832 18
9833 22
9834 24
9835 19
9836 24
9837 29
9838 16
9839 26
9840 16
9841 16
9842 18
9843 19
9844 20
9845 22
9846 20
9847 25
9848 20
9849 18
9850 24
9851 22
9852 24
9853 21
9854 14
9855 23
9856 26
9857 29
9858 25
9859 21
9860 17
9861 23
9862 19
9863 20
9864 25
9865 20
9866 28
9867 23
9868 18
9869 27
9870 17
9871 19
9872 23
9873 20
9874 23
9875 27
9876 23
9877 15
9878 18
9879 17
9880 21
9881 16
9882 23
9883 20
9884 30
9885 23
9886 21
9887 25
9888 27
9889 19
9890 27
9891 27
9892 20
9893 15
9894 28
9895 18
9896 15
9897 18
9898 18
9899 18
9900 20
9901 18
9902 20
9903 15
9904 20
9905 14
9906 27
9907 15
9908 22
9909 16
9910 22
9911 28
9912 28
9913 19
9914 20
9915 18
9916 28
9917 18
9918 26
9919 21
9920 17
9921 20
9922 24
9923 19
9924 17
9925 30
9926 20
9927 19
9928 16
9929 20
9930 25
9931 22
9932 18
9933 21
9934 22
9935 18
9936 16
9937 22
9938 24
9939 25
9940 20
9941 29
9942 16
9943 28
9944 25
9945 20
9946 25
9947 24
9948 23
9949 18
9950 13
9951 30
9952 18
9953 18
9954 13
9955 22
9956 22
9957 29
9958 18
9959 26
9960 28
9961 16
9962 23
9963 14
9964 18
9965 21
9966 20
9967 15
9968 20
9969 19
9970 19
9971 15
9972 24
9973 16
9974 19
9975 18
9976 26
9977 29
9978 29
9979 24
9980 16
9981 17
9982 25
9983 22
9984 24
9985 17
9986 19
9987 11
9988 21
9989 17
9990 23
9991 15
9992 22
9993 24
9994 26
9995 21
9996 22
9997 14
9998 21
9999 26
10000 20
10001 256238
