# Title:27-mer spectra for: 63
# XLabel:27-mer frequency
# YLabel:# distinct 27-mers
# Kmer value:27
# Input 1:<pipe>
###
1 3437958117
2 251341250
3 77065668
4 37802979
5 22368543
6 14993392
7 10736812
8 8077353
9 6283334
10 5022013
11 4127946
12 3473027
13 2965618
14 2576703
15 2265247
16 2020713
17 1818444
18 1657073
19 1519365
20 1403094
21 1303956
22 1222348
23 1150722
24 1088254
25 1035367
26 992141
27 959051
28 934373
29 911753
30 900774
31 900695
32 901108
33 910361
34 927052
35 955426
36 994673
37 1041814
38 1101603
39 1175149
40 1260402
41 1358209
42 1471080
43 1599122
44 1743118
45 1903866
46 2079904
47 2264459
48 2459272
49 2662333
50 2875669
51 3090824
52 3313791
53 3536880
54 3751576
55 3968357
56 4172799
57 4372319
58 4552531
59 4714649
60 4852743
61 4977955
62 5078370
63 5144310
64 5195420
65 5215075
66 5206470
67 5170863
68 5109216
69 5022871
70 4909891
71 4787613
72 4637486
73 4470406
74 4289145
75 4100060
76 3899103
77 3693606
78 3482734
79 3273377
80 3068755
81 2863052
82 2666747
83 2470705
84 2286988
85 2109243
86 1940257
87 1785659
88 1639727
89 1505846
90 1381351
91 1262425
92 1154987
93 1053937
94 967912
95 886151
96 810000
97 743218
98 681302
99 627991
100 579307
101 534498
102 495585
103 462411
104 431761
105 405918
106 384088
107 363477
108 346457
109 331582
110 319330
111 308398
112 298064
113 291120
114 283640
115 275942
116 272546
117 268654
118 266246
119 263618
120 260206
121 258645
122 256368
123 254846
124 253596
125 252955
126 252101
127 251328
128 249189
129 247718
130 245348
131 243738
132 241714
133 238932
134 236616
135 234999
136 232986
137 229225
138 226485
139 222917
140 218975
141 216310
142 213520
143 210102
144 206675
145 203670
146 198624
147 194645
148 190589
149 185932
150 183027
151 179222
152 175882
153 172741
154 169240
155 164724
156 161029
157 157378
158 154407
159 151627
160 148022
161 144703
162 142046
163 139646
164 137084
165 134221
166 131592
167 129272
168 127256
169 125084
170 122763
171 120402
172 118933
173 116343
174 115014
175 113244
176 111273
177 109939
178 107716
179 106179
180 104962
181 103540
182 101967
183 101720
184 100186
185 99322
186 97276
187 96407
188 95172
189 93808
190 92644
191 91968
192 90859
193 90179
194 89509
195 87669
196 87026
197 86496
198 84976
199 83780
200 82679
201 81297
202 80493
203 79917
204 79047
205 77944
206 77446
207 75859
208 75276
209 73955
210 73797
211 72172
212 71722
213 70996
214 70720
215 69574
216 68753
217 67193
218 66822
219 66493
220 65422
221 65133
222 63703
223 63432
224 62685
225 62289
226 61697
227 60904
228 60133
229 59819
230 59432
231 58837
232 58260
233 57466
234 57145
235 56364
236 55997
237 55121
238 54998
239 54238
240 53764
241 53378
242 53366
243 52661
244 52240
245 51600
246 51038
247 50954
248 50539
249 50015
250 49417
251 49499
252 48786
253 48665
254 48282
255 48045
256 47251
257 47356
258 46632
259 46851
260 46364
261 46187
262 45476
263 45732
264 44772
265 44477
266 44507
267 44190
268 44023
269 43250
270 42910
271 42433
272 42497
273 42021
274 41753
275 41371
276 40986
277 40282
278 40546
279 40255
280 39519
281 39418
282 39066
283 38529
284 38486
285 38002
286 38356
287 37510
288 37271
289 36938
290 36747
291 36579
292 36166
293 36135
294 35523
295 35350
296 35110
297 34898
298 34926
299 34352
300 33967
301 33907
302 33901
303 33545
304 33194
305 32849
306 32864
307 32215
308 32287
309 32403
310 31796
311 31459
312 31244
313 31011
314 30555
315 30339
316 30422
317 29757
318 29643
319 29226
320 29214
321 28673
322 28556
323 28125
324 27943
325 27770
326 27803
327 27914
328 27681
329 27392
330 27517
331 27139
332 26448
333 27143
334 26604
335 26484
336 26698
337 26040
338 26004
339 26124
340 26087
341 25767
342 25661
343 25411
344 25429
345 24904
346 25057
347 24674
348 24690
349 24747
350 24407
351 24310
352 24272
353 24202
354 23954
355 24111
356 23684
357 23879
358 23668
359 23343
360 23378
361 23021
362 23034
363 22959
364 22921
365 22794
366 22655
367 22683
368 22398
369 22431
370 22167
371 21662
372 21596
373 21429
374 21443
375 21257
376 21243
377 20908
378 20783
379 20872
380 20971
381 20811
382 20437
383 20521
384 20281
385 19980
386 19924
387 20091
388 19937
389 19774
390 19734
391 19388
392 19523
393 19276
394 19113
395 19218
396 18976
397 18783
398 18941
399 18705
400 18898
401 18830
402 18505
403 18329
404 18049
405 18134
406 18137
407 17965
408 17889
409 17627
410 17696
411 17584
412 17346
413 17236
414 16938
415 17182
416 16868
417 16749
418 16693
419 16796
420 16298
421 16662
422 16356
423 16485
424 16387
425 16360
426 16010
427 16051
428 15930
429 16088
430 15762
431 15717
432 15770
433 15674
434 15444
435 15427
436 15066
437 15189
438 15225
439 15058
440 15145
441 14921
442 14798
443 14731
444 14809
445 14560
446 14628
447 14602
448 14268
449 14368
450 14337
451 14199
452 14127
453 14080
454 14004
455 13968
456 13840
457 13800
458 13844
459 13986
460 13797
461 13904
462 13713
463 13663
464 13523
465 13536
466 13269
467 13181
468 13429
469 13390
470 13069
471 13263
472 12963
473 12836
474 12738
475 12568
476 12818
477 12568
478 12430
479 12554
480 12517
481 12325
482 12394
483 12331
484 12128
485 12030
486 11880
487 11915
488 11939
489 11927
490 11876
491 11843
492 11632
493 11526
494 11470
495 11419
496 11506
497 11541
498 11233
499 11231
500 11191
501 10980
502 11195
503 11177
504 11029
505 10924
506 10858
507 10915
508 10853
509 10808
510 10623
511 10786
512 10562
513 10706
514 10653
515 10544
516 10384
517 10527
518 10348
519 10161
520 10275
521 10193
522 10153
523 9927
524 10185
525 9915
526 10092
527 10092
528 9894
529 9886
530 9873
531 9815
532 9977
533 9721
534 9806
535 9689
536 9694
537 9563
538 9496
539 9467
540 9194
541 9463
542 9347
543 9164
544 9096
545 9135
546 8994
547 8910
548 9031
549 9194
550 8907
551 9135
552 8868
553 8831
554 8795
555 8844
556 8835
557 8712
558 8811
559 8805
560 8764
561 8870
562 8763
563 8559
564 8557
565 8513
566 8475
567 8460
568 8597
569 8431
570 8429
571 8218
572 8478
573 8340
574 8335
575 8217
576 8096
577 8041
578 8185
579 8088
580 7957
581 7919
582 7694
583 7969
584 7892
585 7840
586 7639
587 7709
588 7479
589 7494
590 7579
591 7521
592 7599
593 7448
594 7505
595 7543
596 7591
597 7589
598 7565
599 7241
600 7320
601 7432
602 7190
603 7165
604 7366
605 7040
606 7139
607 7060
608 7052
609 7146
610 7129
611 7179
612 7039
613 6898
614 7042
615 6863
616 6770
617 6896
618 7032
619 6699
620 6761
621 6884
622 6758
623 6671
624 6800
625 6836
626 6654
627 6806
628 6628
629 6796
630 6773
631 6680
632 6782
633 6600
634 6670
635 6722
636 6666
637 6636
638 6550
639 6317
640 6415
641 6516
642 6396
643 6346
644 6244
645 6346
646 6384
647 6268
648 6264
649 6144
650 6216
651 6292
652 6240
653 6190
654 6099
655 6008
656 6232
657 6231
658 6142
659 6176
660 6067
661 6172
662 6087
663 5924
664 5961
665 5872
666 6120
667 6090
668 5917
669 5986
670 5846
671 5867
672 5885
673 5754
674 5890
675 5814
676 5650
677 5715
678 5597
679 5705
680 5718
681 5670
682 5622
683 5664
684 5557
685 5406
686 5489
687 5559
688 5375
689 5477
690 5426
691 5488
692 5468
693 5279
694 5417
695 5361
696 5295
697 5450
698 5404
699 5415
700 5222
701 5191
702 5295
703 5209
704 5370
705 5214
706 5111
707 5153
708 5326
709 5284
710 5221
711 5188
712 5118
713 5255
714 4976
715 5153
716 5134
717 5128
718 5044
719 5015
720 5174
721 5023
722 4894
723 4929
724 5016
725 4935
726 4929
727 4966
728 4856
729 4971
730 4774
731 4846
732 4699
733 4801
734 4676
735 4684
736 4699
737 4751
738 4720
739 4751
740 4466
741 4683
742 4769
743 4792
744 4732
745 4704
746 4542
747 4636
748 4575
749 4523
750 4556
751 4683
752 4489
753 4665
754 4531
755 4492
756 4502
757 4528
758 4364
759 4482
760 4518
761 4500
762 4384
763 4388
764 4295
765 4446
766 4389
767 4450
768 4384
769 4298
770 4304
771 4264
772 4215
773 4423
774 4281
775 4346
776 4182
777 4364
778 4333
779 4216
780 4209
781 4274
782 4171
783 4168
784 4155
785 4046
786 3957
787 4176
788 4129
789 4205
790 4120
791 3975
792 3983
793 4114
794 4039
795 3991
796 3930
797 3964
798 4147
799 3846
800 3934
801 3973
802 4067
803 3955
804 3978
805 3782
806 3911
807 3950
808 3873
809 3815
810 3850
811 3787
812 3847
813 3865
814 3873
815 3932
816 3853
817 3858
818 3867
819 3832
820 3805
821 3740
822 3712
823 3793
824 3673
825 3725
826 3794
827 3605
828 3774
829 3691
830 3722
831 3721
832 3628
833 3538
834 3564
835 3635
836 3616
837 3479
838 3659
839 3636
840 3522
841 3619
842 3522
843 3673
844 3677
845 3623
846 3630
847 3651
848 3455
849 3585
850 3518
851 3544
852 3534
853 3501
854 3465
855 3491
856 3410
857 3296
858 3568
859 3443
860 3421
861 3448
862 3367
863 3444
864 3366
865 3455
866 3484
867 3366
868 3313
869 3520
870 3331
871 3464
872 3435
873 3442
874 3425
875 3380
876 3306
877 3334
878 3339
879 3246
880 3238
881 3223
882 3222
883 3311
884 3184
885 3200
886 3256
887 3248
888 3223
889 3222
890 3247
891 3330
892 3203
893 3197
894 3278
895 3183
896 3220
897 3198
898 3256
899 3219
900 3088
901 3141
902 3229
903 3110
904 3066
905 3066
906 3139
907 3016
908 3043
909 3025
910 3085
911 3016
912 2965
913 3071
914 2938
915 3001
916 2971
917 3021
918 3024
919 2909
920 3065
921 2864
922 2975
923 2868
924 2909
925 2897
926 2908
927 2835
928 2874
929 2945
930 2955
931 2876
932 3016
933 2921
934 2952
935 2784
936 2857
937 2872
938 2841
939 2854
940 2907
941 2848
942 2910
943 2790
944 2899
945 2844
946 2954
947 2928
948 2877
949 2789
950 2859
951 2940
952 2855
953 2882
954 2756
955 2783
956 2791
957 2876
958 2726
959 2784
960 2757
961 2718
962 2733
963 2794
964 2787
965 2759
966 2747
967 2737
968 2724
969 2680
970 2672
971 2725
972 2694
973 2722
974 2705
975 2728
976 2663
977 2658
978 2614
979 2620
980 2570
981 2669
982 2596
983 2742
984 2679
985 2646
986 2619
987 2718
988 2690
989 2727
990 2679
991 2671
992 2656
993 2705
994 2610
995 2660
996 2550
997 2570
998 2572
999 2570
1000 2579
1001 2600
1002 2489
1003 2570
1004 2531
1005 2583
1006 2553
1007 2528
1008 2546
1009 2491
1010 2560
1011 2551
1012 2528
1013 2600
1014 2520
1015 2452
1016 2548
1017 2461
1018 2523
1019 2492
1020 2467
1021 2510
1022 2512
1023 2437
1024 2446
1025 2477
1026 2386
1027 2377
1028 2522
1029 2386
1030 2457
1031 2448
1032 2382
1033 2416
1034 2434
1035 2500
1036 2466
1037 2467
1038 2440
1039 2399
1040 2388
1041 2313
1042 2413
1043 2334
1044 2362
1045 2449
1046 2440
1047 2394
1048 2433
1049 2392
1050 2386
1051 2283
1052 2409
1053 2447
1054 2345
1055 2343
1056 2340
1057 2438
1058 2354
1059 2259
1060 2295
1061 2320
1062 2417
1063 2374
1064 2350
1065 2307
1066 2307
1067 2273
1068 2267
1069 2290
1070 2254
1071 2323
1072 2304
1073 2305
1074 2332
1075 2367
1076 2297
1077 2316
1078 2333
1079 2333
1080 2237
1081 2316
1082 2320
1083 2278
1084 2350
1085 2286
1086 2263
1087 2266
1088 2293
1089 2144
1090 2279
1091 2269
1092 2337
1093 2342
1094 2288
1095 2261
1096 2314
1097 2195
1098 2264
1099 2324
1100 2194
1101 2187
1102 2378
1103 2222
1104 2103
1105 2209
1106 2173
1107 2178
1108 2147
1109 2184
1110 2246
1111 2200
1112 2171
1113 2239
1114 2219
1115 2169
1116 2230
1117 2196
1118 2246
1119 2215
1120 2232
1121 2169
1122 2149
1123 2217
1124 2208
1125 2151
1126 2174
1127 2217
1128 2152
1129 2167
1130 2206
1131 2121
1132 2170
1133 2135
1134 2259
1135 2232
1136 2221
1137 2214
1138 2147
1139 2136
1140 2155
1141 2141
1142 2120
1143 2220
1144 2108
1145 2064
1146 2111
1147 2108
1148 2096
1149 2037
1150 2139
1151 2126
1152 2054
1153 2115
1154 2142
1155 2114
1156 2156
1157 2046
1158 2196
1159 2084
1160 2138
1161 2191
1162 2210
1163 2072
1164 2133
1165 2097
1166 2157
1167 2193
1168 2142
1169 2188
1170 2192
1171 2136
1172 2188
1173 2091
1174 2183
1175 2103
1176 2204
1177 2209
1178 2152
1179 2170
1180 2226
1181 2182
1182 2220
1183 2246
1184 2130
1185 2163
1186 2227
1187 2166
1188 2195
1189 2177
1190 2147
1191 2114
1192 2153
1193 2163
1194 2111
1195 2160
1196 2075
1197 2122
1198 2143
1199 2030
1200 2179
1201 2145
1202 2228
1203 2130
1204 2089
1205 2116
1206 2162
1207 2127
1208 2236
1209 2102
1210 2106
1211 2064
1212 2154
1213 2080
1214 2149
1215 2080
1216 2108
1217 2069
1218 2009
1219 2082
1220 2059
1221 2065
1222 2148
1223 2016
1224 2153
1225 2146
1226 2169
1227 2095
1228 2055
1229 2079
1230 2059
1231 2100
1232 2079
1233 2059
1234 2066
1235 2111
1236 2109
1237 2071
1238 2193
1239 2027
1240 2092
1241 2010
1242 2093
1243 2121
1244 2020
1245 2028
1246 1982
1247 2179
1248 2159
1249 2037
1250 2091
1251 2081
1252 2087
1253 2087
1254 2083
1255 2126
1256 2156
1257 2094
1258 2107
1259 2080
1260 2085
1261 2056
1262 2186
1263 2021
1264 2098
1265 2134
1266 2046
1267 2153
1268 2004
1269 2084
1270 2073
1271 2155
1272 2049
1273 2083
1274 2026
1275 2113
1276 2079
1277 2041
1278 2059
1279 2100
1280 2032
1281 2034
1282 2051
1283 2092
1284 2103
1285 2098
1286 2149
1287 2182
1288 2179
1289 2192
1290 2148
1291 2130
1292 2156
1293 2204
1294 2128
1295 2088
1296 2161
1297 2202
1298 2132
1299 2078
1300 2096
1301 2177
1302 2030
1303 2120
1304 2091
1305 2103
1306 2113
1307 2105
1308 2105
1309 2222
1310 1997
1311 2141
1312 2101
1313 2145
1314 2113
1315 2143
1316 2028
1317 2092
1318 2109
1319 2119
1320 2189
1321 2100
1322 2129
1323 2050
1324 2121
1325 2149
1326 2178
1327 2142
1328 2013
1329 2136
1330 2145
1331 2034
1332 2176
1333 2037
1334 2050
1335 2150
1336 2200
1337 2087
1338 2149
1339 2103
1340 2069
1341 2067
1342 2113
1343 2011
1344 2084
1345 2107
1346 2130
1347 2136
1348 2046
1349 2094
1350 2138
1351 2158
1352 2184
1353 2164
1354 2122
1355 2144
1356 2135
1357 2100
1358 2009
1359 2097
1360 2057
1361 2061
1362 2070
1363 2100
1364 2125
1365 2167
1366 2007
1367 2110
1368 2166
1369 2111
1370 2109
1371 2101
1372 2122
1373 2159
1374 2132
1375 2053
1376 2138
1377 2167
1378 2150
1379 2069
1380 2069
1381 2089
1382 2118
1383 2025
1384 2073
1385 2106
1386 2049
1387 2142
1388 2093
1389 2148
1390 2049
1391 2135
1392 2063
1393 2184
1394 2127
1395 2104
1396 2134
1397 2051
1398 2152
1399 2151
1400 2089
1401 2157
1402 2065
1403 2062
1404 2053
1405 2094
1406 2056
1407 2163
1408 2074
1409 2099
1410 2076
1411 2013
1412 2051
1413 2034
1414 1990
1415 1964
1416 2110
1417 2094
1418 2012
1419 1992
1420 2019
1421 2074
1422 2021
1423 2047
1424 2100
1425 2046
1426 2027
1427 2114
1428 2023
1429 2010
1430 2043
1431 2087
1432 2046
1433 2059
1434 1978
1435 1998
1436 2025
1437 2003
1438 1939
1439 2020
1440 2126
1441 1997
1442 2064
1443 1986
1444 1998
1445 2013
1446 1988
1447 2034
1448 1987
1449 1925
1450 1976
1451 1986
1452 1962
1453 1974
1454 1988
1455 1895
1456 1928
1457 1889
1458 1992
1459 2068
1460 1915
1461 1917
1462 2026
1463 1981
1464 1967
1465 2030
1466 1966
1467 1996
1468 1893
1469 1984
1470 1954
1471 1941
1472 1940
1473 1966
1474 1996
1475 1996
1476 1961
1477 1938
1478 1926
1479 2013
1480 1959
1481 1992
1482 1963
1483 1946
1484 1967
1485 1837
1486 1851
1487 1900
1488 1947
1489 1923
1490 1925
1491 1914
1492 1834
1493 1928
1494 1851
1495 1948
1496 1931
1497 1951
1498 1859
1499 1866
1500 1938
1501 1953
1502 1928
1503 1869
1504 1808
1505 1901
1506 1909
1507 1944
1508 1917
1509 1902
1510 1885
1511 1958
1512 1928
1513 1907
1514 1914
1515 1851
1516 1813
1517 1814
1518 1844
1519 1906
1520 1787
1521 1974
1522 1903
1523 1826
1524 1890
1525 1830
1526 1826
1527 1881
1528 1735
1529 1802
1530 1820
1531 1802
1532 1767
1533 1843
1534 1727
1535 1768
1536 1738
1537 1798
1538 1745
1539 1767
1540 1773
1541 1768
1542 1765
1543 1796
1544 1755
1545 1820
1546 1708
1547 1705
1548 1753
1549 1701
1550 1820
1551 1693
1552 1728
1553 1721
1554 1713
1555 1682
1556 1703
1557 1727
1558 1704
1559 1734
1560 1644
1561 1696
1562 1671
1563 1706
1564 1663
1565 1718
1566 1669
1567 1689
1568 1703
1569 1642
1570 1731
1571 1548
1572 1618
1573 1666
1574 1754
1575 1576
1576 1669
1577 1710
1578 1612
1579 1553
1580 1689
1581 1677
1582 1677
1583 1691
1584 1651
1585 1659
1586 1588
1587 1695
1588 1767
1589 1587
1590 1544
1591 1679
1592 1600
1593 1675
1594 1624
1595 1622
1596 1650
1597 1593
1598 1585
1599 1631
1600 1587
1601 1623
1602 1600
1603 1646
1604 1587
1605 1639
1606 1554
1607 1637
1608 1602
1609 1604
1610 1589
1611 1523
1612 1547
1613 1588
1614 1534
1615 1510
1616 1514
1617 1589
1618 1515
1619 1551
1620 1504
1621 1484
1622 1458
1623 1504
1624 1464
1625 1489
1626 1571
1627 1437
1628 1478
1629 1461
1630 1471
1631 1522
1632 1501
1633 1476
1634 1505
1635 1546
1636 1436
1637 1491
1638 1517
1639 1503
1640 1456
1641 1539
1642 1458
1643 1381
1644 1414
1645 1430
1646 1444
1647 1435
1648 1393
1649 1413
1650 1395
1651 1392
1652 1487
1653 1403
1654 1485
1655 1480
1656 1423
1657 1415
1658 1402
1659 1464
1660 1400
1661 1392
1662 1392
1663 1445
1664 1454
1665 1336
1666 1391
1667 1433
1668 1392
1669 1355
1670 1440
1671 1416
1672 1395
1673 1384
1674 1360
1675 1345
1676 1326
1677 1376
1678 1430
1679 1396
1680 1370
1681 1398
1682 1380
1683 1388
1684 1338
1685 1397
1686 1349
1687 1412
1688 1368
1689 1335
1690 1399
1691 1291
1692 1388
1693 1314
1694 1348
1695 1376
1696 1279
1697 1359
1698 1274
1699 1265
1700 1280
1701 1323
1702 1348
1703 1360
1704 1306
1705 1345
1706 1277
1707 1235
1708 1292
1709 1351
1710 1226
1711 1264
1712 1329
1713 1271
1714 1328
1715 1286
1716 1325
1717 1288
1718 1279
1719 1309
1720 1267
1721 1260
1722 1263
1723 1277
1724 1307
1725 1256
1726 1299
1727 1243
1728 1260
1729 1307
1730 1237
1731 1281
1732 1346
1733 1273
1734 1288
1735 1277
1736 1278
1737 1255
1738 1232
1739 1311
1740 1262
1741 1228
1742 1238
1743 1237
1744 1247
1745 1207
1746 1211
1747 1211
1748 1141
1749 1187
1750 1190
1751 1189
1752 1261
1753 1232
1754 1122
1755 1196
1756 1228
1757 1259
1758 1205
1759 1245
1760 1177
1761 1168
1762 1106
1763 1151
1764 1132
1765 1205
1766 1219
1767 1181
1768 1162
1769 1168
1770 1200
1771 1179
1772 1135
1773 1197
1774 1141
1775 1185
1776 1131
1777 1189
1778 1141
1779 1147
1780 1121
1781 1123
1782 1118
1783 1128
1784 1078
1785 1129
1786 1161
1787 1099
1788 1131
1789 1067
1790 1116
1791 1077
1792 1107
1793 1015
1794 1114
1795 1035
1796 1155
1797 1002
1798 1034
1799 1122
1800 1042
1801 1040
1802 1050
1803 1037
1804 1075
1805 1116
1806 1010
1807 1088
1808 992
1809 1000
1810 960
1811 1016
1812 977
1813 1032
1814 1024
1815 995
1816 1046
1817 1022
1818 984
1819 972
1820 1030
1821 984
1822 1021
1823 1048
1824 954
1825 1012
1826 1000
1827 983
1828 969
1829 1005
1830 983
1831 940
1832 1016
1833 971
1834 932
1835 1000
1836 999
1837 965
1838 970
1839 945
1840 979
1841 980
1842 994
1843 974
1844 958
1845 924
1846 955
1847 944
1848 917
1849 918
1850 954
1851 918
1852 922
1853 931
1854 942
1855 916
1856 913
1857 935
1858 857
1859 895
1860 946
1861 898
1862 972
1863 953
1864 923
1865 895
1866 938
1867 893
1868 917
1869 922
1870 887
1871 890
1872 901
1873 880
1874 837
1875 888
1876 919
1877 888
1878 833
1879 893
1880 920
1881 850
1882 869
1883 886
1884 868
1885 861
1886 851
1887 945
1888 877
1889 879
1890 857
1891 874
1892 839
1893 779
1894 873
1895 822
1896 831
1897 873
1898 795
1899 835
1900 838
1901 897
1902 793
1903 850
1904 816
1905 840
1906 814
1907 828
1908 832
1909 851
1910 792
1911 845
1912 836
1913 832
1914 774
1915 774
1916 833
1917 766
1918 825
1919 828
1920 820
1921 827
1922 816
1923 806
1924 760
1925 777
1926 757
1927 788
1928 791
1929 797
1930 753
1931 788
1932 702
1933 746
1934 778
1935 797
1936 753
1937 798
1938 780
1939 790
1940 783
1941 789
1942 815
1943 736
1944 771
1945 787
1946 759
1947 750
1948 734
1949 785
1950 802
1951 774
1952 740
1953 753
1954 755
1955 764
1956 779
1957 714
1958 755
1959 778
1960 719
1961 690
1962 714
1963 751
1964 772
1965 723
1966 746
1967 703
1968 738
1969 748
1970 773
1971 701
1972 780
1973 728
1974 750
1975 747
1976 756
1977 774
1978 734
1979 700
1980 769
1981 753
1982 755
1983 736
1984 733
1985 695
1986 703
1987 748
1988 685
1989 752
1990 709
1991 754
1992 706
1993 713
1994 754
1995 696
1996 718
1997 695
1998 696
1999 662
2000 710
2001 699
2002 724
2003 657
2004 713
2005 733
2006 695
2007 680
2008 661
2009 694
2010 690
2011 677
2012 675
2013 692
2014 683
2015 674
2016 728
2017 675
2018 707
2019 669
2020 661
2021 650
2022 695
2023 659
2024 648
2025 670
2026 669
2027 633
2028 682
2029 664
2030 694
2031 678
2032 666
2033 681
2034 701
2035 667
2036 678
2037 661
2038 652
2039 659
2040 595
2041 659
2042 585
2043 635
2044 708
2045 655
2046 668
2047 671
2048 650
2049 616
2050 645
2051 642
2052 660
2053 588
2054 616
2055 652
2056 651
2057 659
2058 620
2059 631
2060 636
2061 615
2062 666
2063 646
2064 619
2065 607
2066 646
2067 643
2068 615
2069 606
2070 674
2071 610
2072 583
2073 627
2074 608
2075 598
2076 606
2077 605
2078 603
2079 665
2080 662
2081 568
2082 594
2083 609
2084 654
2085 649
2086 646
2087 597
2088 644
2089 615
2090 612
2091 625
2092 617
2093 622
2094 621
2095 608
2096 609
2097 595
2098 606
2099 634
2100 646
2101 622
2102 609
2103 591
2104 585
2105 645
2106 627
2107 630
2108 618
2109 647
2110 613
2111 625
2112 608
2113 625
2114 610
2115 576
2116 621
2117 565
2118 579
2119 599
2120 621
2121 627
2122 627
2123 561
2124 619
2125 562
2126 587
2127 575
2128 587
2129 560
2130 580
2131 604
2132 619
2133 584
2134 604
2135 595
2136 595
2137 567
2138 639
2139 582
2140 579
2141 580
2142 607
2143 608
2144 638
2145 568
2146 605
2147 547
2148 608
2149 599
2150 587
2151 574
2152 589
2153 632
2154 558
2155 623
2156 566
2157 603
2158 577
2159 572
2160 616
2161 562
2162 639
2163 570
2164 588
2165 576
2166 548
2167 567
2168 621
2169 619
2170 586
2171 587
2172 562
2173 604
2174 592
2175 571
2176 574
2177 578
2178 571
2179 548
2180 583
2181 601
2182 581
2183 587
2184 541
2185 518
2186 537
2187 541
2188 587
2189 537
2190 570
2191 598
2192 536
2193 551
2194 511
2195 517
2196 565
2197 536
2198 583
2199 585
2200 618
2201 564
2202 539
2203 601
2204 556
2205 547
2206 564
2207 535
2208 553
2209 579
2210 534
2211 575
2212 551
2213 503
2214 587
2215 541
2216 553
2217 498
2218 557
2219 580
2220 535
2221 543
2222 516
2223 514
2224 559
2225 547
2226 547
2227 545
2228 512
2229 537
2230 525
2231 469
2232 510
2233 522
2234 520
2235 532
2236 532
2237 575
2238 543
2239 511
2240 502
2241 493
2242 536
2243 564
2244 533
2245 541
2246 508
2247 528
2248 545
2249 496
2250 536
2251 518
2252 523
2253 556
2254 532
2255 534
2256 501
2257 525
2258 514
2259 568
2260 483
2261 488
2262 533
2263 536
2264 516
2265 535
2266 512
2267 526
2268 542
2269 520
2270 566
2271 545
2272 494
2273 496
2274 540
2275 541
2276 516
2277 516
2278 538
2279 493
2280 529
2281 484
2282 509
2283 487
2284 537
2285 502
2286 508
2287 492
2288 549
2289 501
2290 509
2291 556
2292 498
2293 511
2294 519
2295 493
2296 477
2297 490
2298 501
2299 516
2300 501
2301 490
2302 478
2303 521
2304 490
2305 485
2306 483
2307 481
2308 513
2309 522
2310 478
2311 518
2312 519
2313 515
2314 478
2315 532
2316 478
2317 498
2318 463
2319 479
2320 488
2321 513
2322 490
2323 519
2324 465
2325 475
2326 491
2327 508
2328 462
2329 501
2330 482
2331 490
2332 491
2333 484
2334 474
2335 470
2336 480
2337 481
2338 465
2339 486
2340 521
2341 509
2342 478
2343 482
2344 474
2345 494
2346 507
2347 454
2348 476
2349 485
2350 479
2351 547
2352 475
2353 450
2354 497
2355 496
2356 473
2357 506
2358 525
2359 463
2360 472
2361 481
2362 495
2363 509
2364 473
2365 472
2366 464
2367 511
2368 479
2369 442
2370 489
2371 465
2372 532
2373 461
2374 452
2375 459
2376 473
2377 450
2378 460
2379 480
2380 465
2381 430
2382 447
2383 444
2384 467
2385 468
2386 498
2387 504
2388 480
2389 510
2390 462
2391 463
2392 476
2393 447
2394 466
2395 474
2396 433
2397 458
2398 458
2399 516
2400 466
2401 477
2402 430
2403 445
2404 484
2405 449
2406 488
2407 506
2408 484
2409 453
2410 468
2411 427
2412 461
2413 427
2414 449
2415 403
2416 458
2417 451
2418 479
2419 471
2420 432
2421 463
2422 500
2423 440
2424 441
2425 478
2426 431
2427 420
2428 428
2429 429
2430 467
2431 438
2432 427
2433 463
2434 427
2435 458
2436 447
2437 433
2438 446
2439 451
2440 465
2441 463
2442 468
2443 467
2444 456
2445 493
2446 423
2447 464
2448 435
2449 434
2450 466
2451 449
2452 431
2453 412
2454 402
2455 428
2456 432
2457 420
2458 421
2459 456
2460 447
2461 469
2462 475
2463 405
2464 394
2465 440
2466 406
2467 411
2468 419
2469 416
2470 419
2471 421
2472 443
2473 434
2474 404
2475 462
2476 445
2477 418
2478 415
2479 443
2480 432
2481 400
2482 412
2483 435
2484 464
2485 410
2486 392
2487 414
2488 403
2489 390
2490 457
2491 383
2492 376
2493 400
2494 388
2495 381
2496 422
2497 401
2498 432
2499 443
2500 417
2501 432
2502 422
2503 410
2504 414
2505 431
2506 395
2507 439
2508 403
2509 412
2510 392
2511 446
2512 408
2513 403
2514 395
2515 399
2516 429
2517 416
2518 413
2519 468
2520 437
2521 412
2522 420
2523 409
2524 380
2525 406
2526 410
2527 431
2528 384
2529 415
2530 408
2531 402
2532 426
2533 392
2534 417
2535 391
2536 423
2537 442
2538 421
2539 393
2540 418
2541 403
2542 382
2543 403
2544 393
2545 420
2546 384
2547 400
2548 402
2549 397
2550 400
2551 394
2552 410
2553 416
2554 408
2555 450
2556 409
2557 433
2558 384
2559 405
2560 450
2561 417
2562 397
2563 392
2564 404
2565 405
2566 399
2567 389
2568 389
2569 397
2570 433
2571 407
2572 388
2573 392
2574 410
2575 396
2576 403
2577 381
2578 427
2579 396
2580 407
2581 352
2582 397
2583 412
2584 415
2585 403
2586 390
2587 388
2588 377
2589 416
2590 416
2591 389
2592 414
2593 383
2594 394
2595 373
2596 402
2597 411
2598 361
2599 408
2600 404
2601 413
2602 392
2603 398
2604 360
2605 431
2606 371
2607 404
2608 356
2609 382
2610 368
2611 401
2612 377
2613 375
2614 369
2615 393
2616 421
2617 385
2618 363
2619 400
2620 399
2621 386
2622 371
2623 390
2624 405
2625 379
2626 393
2627 387
2628 359
2629 385
2630 391
2631 398
2632 403
2633 367
2634 371
2635 380
2636 414
2637 381
2638 358
2639 410
2640 376
2641 390
2642 385
2643 387
2644 405
2645 394
2646 406
2647 384
2648 414
2649 367
2650 381
2651 376
2652 353
2653 403
2654 396
2655 400
2656 374
2657 379
2658 399
2659 362
2660 365
2661 378
2662 356
2663 358
2664 372
2665 352
2666 328
2667 357
2668 353
2669 389
2670 348
2671 357
2672 335
2673 416
2674 385
2675 350
2676 375
2677 319
2678 398
2679 376
2680 372
2681 346
2682 382
2683 364
2684 319
2685 366
2686 353
2687 376
2688 371
2689 353
2690 386
2691 380
2692 357
2693 393
2694 358
2695 378
2696 383
2697 389
2698 380
2699 395
2700 330
2701 357
2702 368
2703 360
2704 354
2705 360
2706 363
2707 338
2708 335
2709 364
2710 340
2711 343
2712 389
2713 339
2714 357
2715 370
2716 345
2717 383
2718 330
2719 358
2720 360
2721 380
2722 336
2723 376
2724 361
2725 376
2726 340
2727 319
2728 349
2729 332
2730 331
2731 349
2732 344
2733 306
2734 337
2735 373
2736 347
2737 351
2738 324
2739 336
2740 325
2741 337
2742 347
2743 374
2744 349
2745 311
2746 359
2747 341
2748 344
2749 332
2750 345
2751 359
2752 310
2753 339
2754 340
2755 353
2756 323
2757 372
2758 331
2759 365
2760 348
2761 352
2762 337
2763 386
2764 340
2765 370
2766 334
2767 362
2768 369
2769 321
2770 355
2771 345
2772 337
2773 337
2774 351
2775 328
2776 316
2777 375
2778 327
2779 342
2780 339
2781 337
2782 283
2783 365
2784 334
2785 336
2786 337
2787 337
2788 353
2789 338
2790 349
2791 344
2792 332
2793 340
2794 307
2795 371
2796 321
2797 336
2798 323
2799 352
2800 322
2801 313
2802 362
2803 315
2804 320
2805 342
2806 324
2807 336
2808 313
2809 336
2810 331
2811 311
2812 325
2813 311
2814 344
2815 320
2816 304
2817 312
2818 326
2819 349
2820 302
2821 291
2822 341
2823 352
2824 325
2825 361
2826 322
2827 301
2828 326
2829 349
2830 361
2831 363
2832 296
2833 331
2834 335
2835 344
2836 330
2837 338
2838 335
2839 316
2840 333
2841 317
2842 324
2843 347
2844 359
2845 324
2846 331
2847 338
2848 344
2849 327
2850 370
2851 347
2852 336
2853 315
2854 298
2855 333
2856 343
2857 357
2858 350
2859 362
2860 337
2861 337
2862 299
2863 344
2864 310
2865 333
2866 324
2867 301
2868 361
2869 310
2870 325
2871 329
2872 318
2873 283
2874 361
2875 323
2876 308
2877 330
2878 327
2879 324
2880 317
2881 344
2882 347
2883 356
2884 307
2885 349
2886 325
2887 332
2888 335
2889 367
2890 335
2891 352
2892 331
2893 349
2894 336
2895 336
2896 291
2897 320
2898 326
2899 331
2900 315
2901 340
2902 317
2903 364
2904 315
2905 306
2906 280
2907 336
2908 325
2909 349
2910 322
2911 348
2912 330
2913 307
2914 286
2915 302
2916 315
2917 342
2918 319
2919 316
2920 325
2921 331
2922 328
2923 328
2924 338
2925 333
2926 315
2927 304
2928 288
2929 317
2930 314
2931 325
2932 288
2933 313
2934 309
2935 333
2936 320
2937 302
2938 317
2939 293
2940 316
2941 352
2942 324
2943 337
2944 298
2945 347
2946 326
2947 302
2948 310
2949 268
2950 344
2951 301
2952 321
2953 336
2954 334
2955 326
2956 328
2957 286
2958 271
2959 306
2960 284
2961 342
2962 332
2963 317
2964 322
2965 295
2966 272
2967 317
2968 294
2969 300
2970 297
2971 287
2972 270
2973 304
2974 320
2975 324
2976 315
2977 318
2978 301
2979 267
2980 284
2981 299
2982 323
2983 284
2984 297
2985 298
2986 308
2987 268
2988 314
2989 288
2990 308
2991 319
2992 314
2993 304
2994 329
2995 292
2996 306
2997 290
2998 277
2999 295
3000 316
3001 268
3002 290
3003 275
3004 335
3005 294
3006 298
3007 303
3008 260
3009 279
3010 290
3011 299
3012 287
3013 305
3014 302
3015 299
3016 278
3017 271
3018 287
3019 280
3020 296
3021 285
3022 274
3023 317
3024 257
3025 300
3026 297
3027 266
3028 300
3029 290
3030 252
3031 307
3032 285
3033 257
3034 283
3035 275
3036 309
3037 270
3038 297
3039 275
3040 293
3041 294
3042 294
3043 273
3044 305
3045 298
3046 319
3047 311
3048 276
3049 278
3050 282
3051 279
3052 277
3053 290
3054 291
3055 298
3056 286
3057 276
3058 301
3059 287
3060 295
3061 289
3062 289
3063 297
3064 282
3065 283
3066 299
3067 251
3068 251
3069 266
3070 282
3071 278
3072 273
3073 272
3074 264
3075 266
3076 277
3077 293
3078 285
3079 284
3080 294
3081 253
3082 283
3083 268
3084 290
3085 305
3086 273
3087 321
3088 263
3089 274
3090 300
3091 256
3092 283
3093 299
3094 248
3095 300
3096 262
3097 264
3098 307
3099 265
3100 249
3101 294
3102 287
3103 269
3104 256
3105 245
3106 267
3107 290
3108 273
3109 280
3110 271
3111 277
3112 298
3113 284
3114 310
3115 275
3116 260
3117 263
3118 239
3119 291
3120 276
3121 297
3122 251
3123 283
3124 282
3125 272
3126 261
3127 306
3128 245
3129 266
3130 276
3131 273
3132 271
3133 273
3134 259
3135 271
3136 275
3137 254
3138 263
3139 249
3140 254
3141 280
3142 244
3143 265
3144 231
3145 271
3146 268
3147 278
3148 266
3149 256
3150 258
3151 266
3152 234
3153 332
3154 266
3155 264
3156 281
3157 254
3158 292
3159 274
3160 263
3161 277
3162 259
3163 276
3164 255
3165 246
3166 266
3167 302
3168 255
3169 258
3170 259
3171 258
3172 282
3173 280
3174 270
3175 285
3176 226
3177 257
3178 262
3179 308
3180 256
3181 303
3182 266
3183 306
3184 250
3185 262
3186 282
3187 250
3188 235
3189 279
3190 260
3191 261
3192 266
3193 236
3194 237
3195 277
3196 235
3197 230
3198 248
3199 268
3200 263
3201 265
3202 262
3203 228
3204 235
3205 272
3206 282
3207 272
3208 236
3209 256
3210 266
3211 254
3212 229
3213 239
3214 285
3215 271
3216 243
3217 250
3218 229
3219 274
3220 254
3221 237
3222 210
3223 246
3224 234
3225 246
3226 240
3227 248
3228 239
3229 255
3230 249
3231 237
3232 250
3233 223
3234 246
3235 259
3236 270
3237 260
3238 242
3239 274
3240 226
3241 263
3242 228
3243 249
3244 243
3245 243
3246 209
3247 239
3248 242
3249 233
3250 221
3251 234
3252 256
3253 245
3254 258
3255 237
3256 232
3257 220
3258 241
3259 237
3260 237
3261 259
3262 237
3263 247
3264 223
3265 216
3266 270
3267 230
3268 236
3269 236
3270 259
3271 236
3272 246
3273 240
3274 238
3275 238
3276 233
3277 248
3278 249
3279 241
3280 200
3281 213
3282 226
3283 237
3284 264
3285 231
3286 220
3287 242
3288 249
3289 209
3290 238
3291 240
3292 227
3293 209
3294 236
3295 205
3296 225
3297 238
3298 225
3299 228
3300 243
3301 220
3302 269
3303 198
3304 243
3305 240
3306 251
3307 257
3308 239
3309 232
3310 232
3311 239
3312 244
3313 257
3314 218
3315 238
3316 242
3317 221
3318 248
3319 234
3320 219
3321 236
3322 230
3323 254
3324 238
3325 262
3326 252
3327 215
3328 227
3329 226
3330 231
3331 241
3332 227
3333 232
3334 235
3335 258
3336 241
3337 223
3338 216
3339 216
3340 242
3341 224
3342 218
3343 220
3344 236
3345 227
3346 254
3347 228
3348 225
3349 206
3350 225
3351 228
3352 240
3353 221
3354 233
3355 231
3356 235
3357 211
3358 225
3359 202
3360 213
3361 204
3362 213
3363 219
3364 251
3365 206
3366 219
3367 218
3368 222
3369 239
3370 219
3371 228
3372 233
3373 217
3374 232
3375 241
3376 211
3377 204
3378 230
3379 222
3380 224
3381 214
3382 224
3383 216
3384 234
3385 214
3386 220
3387 211
3388 218
3389 208
3390 230
3391 216
3392 202
3393 216
3394 199
3395 207
3396 206
3397 217
3398 191
3399 216
3400 236
3401 182
3402 238
3403 223
3404 216
3405 250
3406 223
3407 230
3408 242
3409 209
3410 215
3411 231
3412 227
3413 222
3414 207
3415 208
3416 195
3417 215
3418 205
3419 230
3420 238
3421 239
3422 219
3423 237
3424 213
3425 195
3426 228
3427 220
3428 221
3429 192
3430 220
3431 254
3432 200
3433 208
3434 242
3435 226
3436 239
3437 237
3438 208
3439 231
3440 256
3441 233
3442 208
3443 216
3444 231
3445 236
3446 224
3447 225
3448 210
3449 227
3450 201
3451 254
3452 228
3453 200
3454 220
3455 190
3456 216
3457 206
3458 227
3459 232
3460 215
3461 204
3462 210
3463 211
3464 202
3465 202
3466 209
3467 223
3468 206
3469 188
3470 198
3471 212
3472 222
3473 217
3474 233
3475 202
3476 208
3477 215
3478 195
3479 176
3480 211
3481 212
3482 220
3483 210
3484 211
3485 196
3486 217
3487 200
3488 193
3489 222
3490 211
3491 212
3492 198
3493 199
3494 199
3495 212
3496 210
3497 207
3498 213
3499 222
3500 190
3501 224
3502 199
3503 195
3504 215
3505 194
3506 214
3507 204
3508 202
3509 216
3510 200
3511 200
3512 193
3513 210
3514 212
3515 183
3516 192
3517 212
3518 223
3519 228
3520 198
3521 212
3522 211
3523 211
3524 231
3525 203
3526 195
3527 193
3528 206
3529 190
3530 200
3531 202
3532 208
3533 203
3534 207
3535 182
3536 225
3537 216
3538 216
3539 214
3540 233
3541 201
3542 188
3543 210
3544 168
3545 196
3546 196
3547 204
3548 215
3549 218
3550 232
3551 189
3552 208
3553 212
3554 223
3555 194
3556 201
3557 193
3558 202
3559 198
3560 180
3561 209
3562 199
3563 189
3564 228
3565 218
3566 212
3567 184
3568 220
3569 200
3570 198
3571 182
3572 194
3573 194
3574 192
3575 187
3576 207
3577 179
3578 191
3579 190
3580 215
3581 187
3582 203
3583 210
3584 189
3585 214
3586 201
3587 181
3588 173
3589 180
3590 189
3591 177
3592 202
3593 178
3594 218
3595 176
3596 188
3597 221
3598 216
3599 199
3600 186
3601 195
3602 189
3603 206
3604 200
3605 187
3606 214
3607 192
3608 200
3609 223
3610 199
3611 217
3612 196
3613 163
3614 192
3615 191
3616 201
3617 194
3618 175
3619 168
3620 168
3621 194
3622 182
3623 187
3624 185
3625 195
3626 195
3627 188
3628 185
3629 184
3630 162
3631 179
3632 190
3633 174
3634 182
3635 177
3636 160
3637 177
3638 178
3639 180
3640 213
3641 204
3642 202
3643 202
3644 175
3645 199
3646 173
3647 195
3648 185
3649 213
3650 166
3651 202
3652 196
3653 196
3654 183
3655 177
3656 174
3657 172
3658 178
3659 173
3660 204
3661 186
3662 214
3663 189
3664 198
3665 165
3666 164
3667 208
3668 210
3669 180
3670 200
3671 183
3672 203
3673 207
3674 188
3675 169
3676 199
3677 176
3678 194
3679 187
3680 186
3681 201
3682 188
3683 170
3684 217
3685 174
3686 170
3687 220
3688 179
3689 169
3690 198
3691 180
3692 183
3693 188
3694 190
3695 169
3696 174
3697 199
3698 160
3699 200
3700 201
3701 196
3702 190
3703 194
3704 178
3705 164
3706 171
3707 163
3708 177
3709 193
3710 167
3711 188
3712 171
3713 177
3714 174
3715 183
3716 174
3717 187
3718 192
3719 170
3720 191
3721 199
3722 184
3723 186
3724 175
3725 179
3726 181
3727 156
3728 190
3729 188
3730 165
3731 157
3732 155
3733 189
3734 171
3735 160
3736 194
3737 169
3738 171
3739 151
3740 185
3741 185
3742 173
3743 191
3744 171
3745 181
3746 149
3747 164
3748 192
3749 170
3750 173
3751 171
3752 195
3753 160
3754 188
3755 164
3756 193
3757 171
3758 174
3759 195
3760 181
3761 198
3762 169
3763 171
3764 168
3765 188
3766 194
3767 173
3768 170
3769 186
3770 158
3771 186
3772 165
3773 177
3774 197
3775 176
3776 171
3777 169
3778 160
3779 172
3780 167
3781 158
3782 173
3783 171
3784 198
3785 167
3786 189
3787 181
3788 186
3789 186
3790 150
3791 170
3792 178
3793 181
3794 181
3795 205
3796 164
3797 179
3798 187
3799 167
3800 212
3801 168
3802 191
3803 186
3804 168
3805 152
3806 167
3807 180
3808 191
3809 176
3810 160
3811 162
3812 178
3813 156
3814 188
3815 171
3816 156
3817 192
3818 180
3819 153
3820 175
3821 171
3822 189
3823 176
3824 179
3825 158
3826 174
3827 158
3828 156
3829 148
3830 149
3831 155
3832 159
3833 174
3834 172
3835 166
3836 177
3837 182
3838 179
3839 205
3840 161
3841 153
3842 169
3843 141
3844 167
3845 179
3846 147
3847 180
3848 177
3849 161
3850 154
3851 166
3852 164
3853 171
3854 161
3855 174
3856 161
3857 180
3858 183
3859 165
3860 147
3861 172
3862 155
3863 168
3864 189
3865 168
3866 167
3867 175
3868 162
3869 162
3870 178
3871 170
3872 165
3873 151
3874 147
3875 148
3876 160
3877 167
3878 141
3879 171
3880 180
3881 164
3882 146
3883 165
3884 185
3885 169
3886 151
3887 169
3888 145
3889 133
3890 167
3891 175
3892 151
3893 153
3894 166
3895 166
3896 159
3897 141
3898 148
3899 156
3900 149
3901 170
3902 160
3903 157
3904 153
3905 140
3906 170
3907 148
3908 176
3909 158
3910 171
3911 158
3912 155
3913 188
3914 142
3915 166
3916 154
3917 149
3918 151
3919 164
3920 169
3921 179
3922 153
3923 179
3924 150
3925 161
3926 164
3927 157
3928 166
3929 176
3930 160
3931 161
3932 143
3933 177
3934 149
3935 146
3936 152
3937 142
3938 157
3939 152
3940 165
3941 137
3942 138
3943 170
3944 160
3945 162
3946 157
3947 171
3948 168
3949 142
3950 161
3951 142
3952 170
3953 176
3954 147
3955 147
3956 150
3957 160
3958 147
3959 155
3960 167
3961 134
3962 160
3963 148
3964 164
3965 138
3966 160
3967 149
3968 154
3969 170
3970 161
3971 141
3972 158
3973 154
3974 171
3975 159
3976 156
3977 148
3978 138
3979 172
3980 154
3981 148
3982 153
3983 154
3984 148
3985 162
3986 144
3987 139
3988 143
3989 148
3990 151
3991 157
3992 153
3993 161
3994 156
3995 154
3996 167
3997 163
3998 173
3999 160
4000 154
4001 145
4002 139
4003 172
4004 165
4005 160
4006 165
4007 158
4008 174
4009 157
4010 152
4011 135
4012 139
4013 149
4014 145
4015 152
4016 144
4017 119
4018 147
4019 151
4020 166
4021 132
4022 146
4023 127
4024 146
4025 143
4026 152
4027 158
4028 156
4029 150
4030 151
4031 138
4032 151
4033 147
4034 161
4035 141
4036 166
4037 158
4038 153
4039 157
4040 165
4041 144
4042 145
4043 144
4044 145
4045 173
4046 154
4047 152
4048 153
4049 136
4050 141
4051 146
4052 170
4053 130
4054 138
4055 154
4056 155
4057 143
4058 161
4059 152
4060 134
4061 154
4062 168
4063 144
4064 141
4065 164
4066 132
4067 148
4068 129
4069 148
4070 118
4071 139
4072 130
4073 139
4074 159
4075 149
4076 131
4077 191
4078 143
4079 145
4080 161
4081 129
4082 149
4083 154
4084 119
4085 139
4086 150
4087 147
4088 131
4089 128
4090 160
4091 142
4092 146
4093 150
4094 169
4095 134
4096 141
4097 139
4098 146
4099 154
4100 146
4101 132
4102 155
4103 140
4104 142
4105 119
4106 157
4107 119
4108 143
4109 155
4110 188
4111 139
4112 143
4113 129
4114 140
4115 153
4116 140
4117 160
4118 171
4119 162
4120 158
4121 149
4122 152
4123 157
4124 144
4125 144
4126 133
4127 169
4128 143
4129 135
4130 178
4131 151
4132 152
4133 139
4134 171
4135 132
4136 150
4137 124
4138 151
4139 139
4140 161
4141 137
4142 150
4143 137
4144 134
4145 156
4146 153
4147 137
4148 143
4149 156
4150 142
4151 155
4152 153
4153 150
4154 160
4155 139
4156 153
4157 158
4158 143
4159 142
4160 141
4161 140
4162 138
4163 154
4164 156
4165 153
4166 154
4167 147
4168 133
4169 159
4170 132
4171 150
4172 155
4173 137
4174 136
4175 144
4176 135
4177 145
4178 149
4179 151
4180 147
4181 135
4182 141
4183 140
4184 121
4185 131
4186 136
4187 130
4188 126
4189 121
4190 123
4191 121
4192 122
4193 125
4194 122
4195 122
4196 116
4197 130
4198 145
4199 120
4200 163
4201 135
4202 144
4203 137
4204 129
4205 151
4206 133
4207 160
4208 116
4209 126
4210 128
4211 151
4212 121
4213 123
4214 113
4215 132
4216 126
4217 153
4218 131
4219 151
4220 111
4221 134
4222 129
4223 135
4224 136
4225 174
4226 144
4227 133
4228 144
4229 117
4230 113
4231 116
4232 150
4233 154
4234 126
4235 120
4236 149
4237 133
4238 141
4239 118
4240 139
4241 141
4242 123
4243 119
4244 131
4245 126
4246 123
4247 117
4248 137
4249 135
4250 135
4251 114
4252 136
4253 135
4254 136
4255 115
4256 129
4257 136
4258 140
4259 140
4260 116
4261 146
4262 142
4263 127
4264 131
4265 129
4266 160
4267 132
4268 144
4269 157
4270 144
4271 150
4272 112
4273 154
4274 152
4275 141
4276 145
4277 117
4278 136
4279 139
4280 132
4281 133
4282 130
4283 139
4284 151
4285 112
4286 121
4287 134
4288 147
4289 125
4290 134
4291 137
4292 141
4293 139
4294 122
4295 140
4296 117
4297 143
4298 133
4299 107
4300 129
4301 113
4302 158
4303 112
4304 132
4305 119
4306 151
4307 147
4308 140
4309 130
4310 134
4311 117
4312 112
4313 132
4314 134
4315 111
4316 124
4317 135
4318 141
4319 135
4320 123
4321 133
4322 112
4323 120
4324 139
4325 135
4326 134
4327 112
4328 116
4329 117
4330 136
4331 126
4332 118
4333 130
4334 128
4335 124
4336 121
4337 130
4338 120
4339 115
4340 113
4341 141
4342 119
4343 149
4344 109
4345 119
4346 104
4347 116
4348 119
4349 120
4350 145
4351 131
4352 132
4353 130
4354 118
4355 110
4356 118
4357 136
4358 145
4359 124
4360 129
4361 105
4362 120
4363 144
4364 131
4365 118
4366 119
4367 146
4368 128
4369 117
4370 139
4371 114
4372 136
4373 126
4374 120
4375 114
4376 122
4377 119
4378 111
4379 121
4380 130
4381 112
4382 134
4383 127
4384 123
4385 112
4386 114
4387 138
4388 120
4389 123
4390 114
4391 129
4392 108
4393 114
4394 133
4395 121
4396 113
4397 121
4398 111
4399 123
4400 127
4401 122
4402 125
4403 113
4404 112
4405 106
4406 96
4407 138
4408 132
4409 126
4410 141
4411 116
4412 115
4413 135
4414 128
4415 119
4416 118
4417 116
4418 135
4419 126
4420 121
4421 134
4422 122
4423 136
4424 116
4425 129
4426 115
4427 144
4428 119
4429 111
4430 112
4431 103
4432 101
4433 137
4434 137
4435 131
4436 118
4437 110
4438 137
4439 116
4440 124
4441 135
4442 123
4443 103
4444 122
4445 124
4446 121
4447 132
4448 122
4449 119
4450 115
4451 105
4452 126
4453 115
4454 130
4455 137
4456 129
4457 97
4458 123
4459 123
4460 122
4461 124
4462 130
4463 105
4464 140
4465 117
4466 128
4467 133
4468 133
4469 138
4470 125
4471 121
4472 115
4473 129
4474 112
4475 116
4476 129
4477 121
4478 118
4479 123
4480 144
4481 133
4482 114
4483 131
4484 132
4485 119
4486 133
4487 132
4488 122
4489 137
4490 124
4491 103
4492 125
4493 117
4494 124
4495 103
4496 107
4497 137
4498 114
4499 107
4500 125
4501 116
4502 112
4503 143
4504 122
4505 109
4506 124
4507 151
4508 114
4509 128
4510 123
4511 132
4512 124
4513 111
4514 131
4515 113
4516 134
4517 131
4518 135
4519 145
4520 132
4521 118
4522 143
4523 122
4524 134
4525 106
4526 129
4527 109
4528 124
4529 119
4530 139
4531 130
4532 133
4533 123
4534 96
4535 96
4536 140
4537 111
4538 122
4539 112
4540 114
4541 129
4542 119
4543 124
4544 110
4545 119
4546 116
4547 116
4548 113
4549 104
4550 132
4551 100
4552 113
4553 105
4554 116
4555 118
4556 127
4557 117
4558 124
4559 114
4560 107
4561 129
4562 109
4563 122
4564 118
4565 133
4566 127
4567 136
4568 128
4569 124
4570 116
4571 115
4572 91
4573 104
4574 119
4575 120
4576 111
4577 120
4578 95
4579 134
4580 110
4581 122
4582 112
4583 121
4584 124
4585 91
4586 101
4587 119
4588 128
4589 127
4590 110
4591 113
4592 115
4593 125
4594 128
4595 112
4596 114
4597 112
4598 132
4599 128
4600 110
4601 104
4602 123
4603 107
4604 123
4605 127
4606 126
4607 119
4608 110
4609 123
4610 116
4611 116
4612 114
4613 108
4614 128
4615 103
4616 106
4617 133
4618 117
4619 108
4620 102
4621 118
4622 115
4623 128
4624 116
4625 114
4626 96
4627 114
4628 131
4629 107
4630 115
4631 113
4632 122
4633 110
4634 107
4635 120
4636 95
4637 96
4638 117
4639 119
4640 126
4641 117
4642 97
4643 131
4644 106
4645 112
4646 117
4647 133
4648 121
4649 104
4650 107
4651 134
4652 107
4653 120
4654 110
4655 112
4656 121
4657 107
4658 105
4659 124
4660 132
4661 114
4662 110
4663 118
4664 113
4665 112
4666 123
4667 114
4668 106
4669 122
4670 109
4671 104
4672 95
4673 112
4674 118
4675 103
4676 127
4677 119
4678 123
4679 132
4680 126
4681 115
4682 128
4683 99
4684 105
4685 105
4686 111
4687 107
4688 105
4689 112
4690 114
4691 103
4692 103
4693 102
4694 108
4695 111
4696 111
4697 111
4698 121
4699 127
4700 121
4701 105
4702 111
4703 114
4704 108
4705 131
4706 110
4707 110
4708 106
4709 99
4710 111
4711 112
4712 114
4713 128
4714 118
4715 100
4716 88
4717 96
4718 111
4719 115
4720 109
4721 106
4722 104
4723 103
4724 106
4725 117
4726 110
4727 122
4728 124
4729 93
4730 91
4731 92
4732 106
4733 114
4734 95
4735 106
4736 109
4737 124
4738 100
4739 128
4740 99
4741 118
4742 107
4743 122
4744 98
4745 95
4746 113
4747 111
4748 132
4749 108
4750 112
4751 122
4752 103
4753 108
4754 113
4755 114
4756 110
4757 106
4758 121
4759 90
4760 88
4761 106
4762 110
4763 102
4764 111
4765 114
4766 90
4767 89
4768 89
4769 103
4770 108
4771 110
4772 107
4773 81
4774 101
4775 100
4776 107
4777 113
4778 92
4779 113
4780 111
4781 104
4782 107
4783 119
4784 101
4785 98
4786 117
4787 98
4788 81
4789 99
4790 100
4791 108
4792 96
4793 121
4794 107
4795 109
4796 83
4797 90
4798 115
4799 107
4800 95
4801 121
4802 109
4803 120
4804 126
4805 91
4806 111
4807 100
4808 109
4809 105
4810 103
4811 102
4812 103
4813 116
4814 108
4815 106
4816 98
4817 116
4818 98
4819 100
4820 99
4821 130
4822 112
4823 106
4824 103
4825 91
4826 114
4827 105
4828 96
4829 108
4830 107
4831 116
4832 83
4833 122
4834 110
4835 98
4836 97
4837 107
4838 120
4839 87
4840 113
4841 127
4842 116
4843 114
4844 133
4845 106
4846 113
4847 98
4848 91
4849 127
4850 100
4851 104
4852 95
4853 109
4854 116
4855 99
4856 127
4857 99
4858 89
4859 102
4860 96
4861 108
4862 95
4863 97
4864 100
4865 91
4866 87
4867 79
4868 107
4869 101
4870 113
4871 127
4872 97
4873 108
4874 105
4875 100
4876 105
4877 96
4878 118
4879 104
4880 114
4881 89
4882 103
4883 99
4884 100
4885 87
4886 119
4887 109
4888 78
4889 95
4890 78
4891 92
4892 114
4893 107
4894 96
4895 97
4896 105
4897 105
4898 111
4899 110
4900 94
4901 119
4902 120
4903 84
4904 110
4905 94
4906 105
4907 107
4908 131
4909 98
4910 89
4911 85
4912 110
4913 97
4914 100
4915 110
4916 112
4917 96
4918 112
4919 93
4920 115
4921 88
4922 98
4923 122
4924 97
4925 131
4926 99
4927 105
4928 111
4929 105
4930 107
4931 105
4932 108
4933 114
4934 107
4935 122
4936 114
4937 106
4938 102
4939 86
4940 107
4941 108
4942 95
4943 108
4944 101
4945 85
4946 98
4947 112
4948 114
4949 121
4950 115
4951 90
4952 97
4953 82
4954 98
4955 104
4956 112
4957 94
4958 82
4959 92
4960 94
4961 113
4962 88
4963 119
4964 95
4965 86
4966 112
4967 92
4968 104
4969 102
4970 122
4971 94
4972 91
4973 83
4974 94
4975 101
4976 96
4977 95
4978 80
4979 111
4980 89
4981 87
4982 101
4983 85
4984 94
4985 94
4986 87
4987 84
4988 92
4989 81
4990 83
4991 78
4992 108
4993 91
4994 100
4995 99
4996 97
4997 82
4998 92
4999 95
5000 99
5001 105
5002 87
5003 97
5004 106
5005 101
5006 108
5007 95
5008 87
5009 88
5010 95
5011 105
5012 91
5013 95
5014 82
5015 85
5016 98
5017 95
5018 98
5019 94
5020 87
5021 89
5022 84
5023 96
5024 104
5025 92
5026 88
5027 114
5028 102
5029 93
5030 110
5031 100
5032 83
5033 107
5034 100
5035 104
5036 78
5037 90
5038 112
5039 113
5040 107
5041 89
5042 98
5043 89
5044 98
5045 79
5046 105
5047 90
5048 92
5049 99
5050 105
5051 79
5052 87
5053 118
5054 81
5055 83
5056 95
5057 96
5058 86
5059 96
5060 97
5061 109
5062 94
5063 121
5064 103
5065 88
5066 83
5067 86
5068 93
5069 112
5070 96
5071 100
5072 92
5073 106
5074 103
5075 98
5076 102
5077 107
5078 90
5079 76
5080 96
5081 100
5082 102
5083 91
5084 112
5085 84
5086 110
5087 98
5088 107
5089 99
5090 118
5091 98
5092 116
5093 104
5094 87
5095 78
5096 109
5097 103
5098 83
5099 99
5100 75
5101 102
5102 106
5103 93
5104 89
5105 96
5106 112
5107 87
5108 91
5109 95
5110 115
5111 93
5112 94
5113 98
5114 105
5115 98
5116 120
5117 94
5118 95
5119 87
5120 100
5121 112
5122 97
5123 109
5124 99
5125 97
5126 89
5127 95
5128 99
5129 86
5130 100
5131 91
5132 88
5133 81
5134 91
5135 91
5136 78
5137 80
5138 99
5139 108
5140 87
5141 118
5142 119
5143 95
5144 108
5145 78
5146 95
5147 91
5148 110
5149 94
5150 100
5151 99
5152 88
5153 87
5154 91
5155 100
5156 92
5157 106
5158 105
5159 65
5160 101
5161 82
5162 85
5163 95
5164 92
5165 102
5166 106
5167 94
5168 100
5169 81
5170 94
5171 85
5172 94
5173 108
5174 104
5175 87
5176 91
5177 100
5178 100
5179 118
5180 109
5181 88
5182 110
5183 88
5184 75
5185 96
5186 95
5187 67
5188 89
5189 77
5190 89
5191 80
5192 84
5193 99
5194 86
5195 90
5196 96
5197 91
5198 95
5199 78
5200 83
5201 94
5202 89
5203 91
5204 87
5205 84
5206 90
5207 81
5208 80
5209 86
5210 60
5211 91
5212 86
5213 89
5214 88
5215 95
5216 89
5217 87
5218 91
5219 98
5220 92
5221 95
5222 94
5223 96
5224 79
5225 109
5226 82
5227 88
5228 101
5229 91
5230 93
5231 77
5232 94
5233 85
5234 108
5235 81
5236 98
5237 88
5238 88
5239 92
5240 92
5241 89
5242 97
5243 98
5244 86
5245 92
5246 87
5247 78
5248 87
5249 80
5250 83
5251 83
5252 70
5253 86
5254 74
5255 88
5256 90
5257 95
5258 103
5259 98
5260 84
5261 80
5262 102
5263 96
5264 75
5265 82
5266 75
5267 74
5268 109
5269 84
5270 71
5271 76
5272 86
5273 70
5274 91
5275 80
5276 88
5277 89
5278 96
5279 87
5280 93
5281 82
5282 90
5283 75
5284 108
5285 91
5286 101
5287 92
5288 86
5289 80
5290 85
5291 78
5292 87
5293 103
5294 83
5295 85
5296 92
5297 88
5298 71
5299 87
5300 89
5301 97
5302 91
5303 85
5304 89
5305 102
5306 82
5307 55
5308 84
5309 88
5310 92
5311 81
5312 87
5313 91
5314 91
5315 98
5316 88
5317 82
5318 90
5319 82
5320 80
5321 95
5322 90
5323 88
5324 68
5325 92
5326 82
5327 78
5328 75
5329 83
5330 84
5331 85
5332 85
5333 76
5334 69
5335 77
5336 81
5337 77
5338 96
5339 97
5340 68
5341 73
5342 86
5343 91
5344 85
5345 78
5346 98
5347 70
5348 90
5349 87
5350 75
5351 74
5352 96
5353 80
5354 86
5355 80
5356 77
5357 80
5358 77
5359 84
5360 83
5361 77
5362 82
5363 85
5364 57
5365 83
5366 84
5367 81
5368 92
5369 79
5370 87
5371 81
5372 82
5373 94
5374 94
5375 86
5376 76
5377 87
5378 93
5379 102
5380 99
5381 70
5382 94
5383 70
5384 71
5385 68
5386 68
5387 85
5388 79
5389 87
5390 88
5391 79
5392 75
5393 79
5394 62
5395 86
5396 88
5397 87
5398 65
5399 73
5400 90
5401 75
5402 85
5403 90
5404 78
5405 75
5406 84
5407 84
5408 70
5409 91
5410 79
5411 84
5412 78
5413 87
5414 80
5415 92
5416 63
5417 73
5418 87
5419 70
5420 79
5421 81
5422 74
5423 85
5424 97
5425 104
5426 71
5427 85
5428 87
5429 73
5430 89
5431 93
5432 62
5433 79
5434 82
5435 61
5436 72
5437 80
5438 67
5439 66
5440 91
5441 78
5442 95
5443 76
5444 84
5445 83
5446 83
5447 92
5448 84
5449 95
5450 85
5451 70
5452 86
5453 88
5454 70
5455 61
5456 75
5457 79
5458 73
5459 86
5460 76
5461 81
5462 68
5463 69
5464 65
5465 59
5466 85
5467 65
5468 94
5469 86
5470 68
5471 74
5472 74
5473 76
5474 77
5475 88
5476 63
5477 72
5478 79
5479 79
5480 94
5481 63
5482 87
5483 66
5484 69
5485 60
5486 81
5487 66
5488 69
5489 76
5490 100
5491 72
5492 90
5493 74
5494 80
5495 86
5496 79
5497 79
5498 63
5499 69
5500 55
5501 75
5502 82
5503 79
5504 85
5505 75
5506 84
5507 75
5508 59
5509 84
5510 70
5511 80
5512 63
5513 77
5514 81
5515 69
5516 71
5517 85
5518 95
5519 71
5520 100
5521 71
5522 77
5523 78
5524 73
5525 86
5526 67
5527 72
5528 68
5529 75
5530 81
5531 89
5532 70
5533 70
5534 85
5535 74
5536 83
5537 74
5538 66
5539 80
5540 78
5541 72
5542 69
5543 62
5544 71
5545 80
5546 73
5547 69
5548 64
5549 88
5550 62
5551 72
5552 75
5553 73
5554 63
5555 75
5556 80
5557 97
5558 76
5559 62
5560 68
5561 78
5562 59
5563 76
5564 75
5565 86
5566 78
5567 67
5568 88
5569 82
5570 81
5571 74
5572 77
5573 76
5574 71
5575 73
5576 70
5577 70
5578 79
5579 75
5580 63
5581 70
5582 87
5583 59
5584 99
5585 83
5586 78
5587 70
5588 66
5589 79
5590 74
5591 71
5592 79
5593 77
5594 72
5595 89
5596 81
5597 90
5598 85
5599 96
5600 79
5601 63
5602 72
5603 86
5604 79
5605 81
5606 77
5607 60
5608 82
5609 85
5610 94
5611 77
5612 69
5613 72
5614 85
5615 64
5616 90
5617 85
5618 76
5619 100
5620 74
5621 84
5622 70
5623 81
5624 80
5625 83
5626 70
5627 77
5628 68
5629 67
5630 84
5631 67
5632 74
5633 68
5634 78
5635 70
5636 71
5637 75
5638 69
5639 88
5640 78
5641 97
5642 94
5643 87
5644 74
5645 80
5646 77
5647 74
5648 63
5649 84
5650 78
5651 90
5652 70
5653 72
5654 73
5655 78
5656 68
5657 91
5658 74
5659 84
5660 66
5661 62
5662 74
5663 87
5664 94
5665 79
5666 66
5667 79
5668 78
5669 67
5670 77
5671 70
5672 89
5673 78
5674 82
5675 76
5676 88
5677 85
5678 96
5679 72
5680 77
5681 77
5682 77
5683 78
5684 87
5685 75
5686 67
5687 69
5688 62
5689 63
5690 75
5691 68
5692 70
5693 82
5694 88
5695 64
5696 96
5697 87
5698 72
5699 80
5700 70
5701 89
5702 64
5703 76
5704 71
5705 77
5706 87
5707 65
5708 69
5709 84
5710 74
5711 109
5712 74
5713 75
5714 75
5715 81
5716 72
5717 77
5718 81
5719 83
5720 75
5721 83
5722 69
5723 83
5724 65
5725 71
5726 78
5727 85
5728 74
5729 69
5730 71
5731 66
5732 73
5733 84
5734 70
5735 73
5736 89
5737 79
5738 59
5739 76
5740 66
5741 79
5742 81
5743 81
5744 89
5745 72
5746 63
5747 73
5748 72
5749 73
5750 76
5751 67
5752 83
5753 72
5754 60
5755 85
5756 78
5757 76
5758 81
5759 84
5760 65
5761 77
5762 85
5763 90
5764 74
5765 69
5766 87
5767 59
5768 85
5769 70
5770 54
5771 91
5772 80
5773 81
5774 74
5775 65
5776 78
5777 72
5778 69
5779 55
5780 70
5781 82
5782 83
5783 82
5784 82
5785 63
5786 81
5787 79
5788 75
5789 60
5790 58
5791 61
5792 78
5793 77
5794 78
5795 71
5796 85
5797 66
5798 70
5799 72
5800 71
5801 81
5802 73
5803 77
5804 74
5805 65
5806 77
5807 88
5808 77
5809 62
5810 79
5811 62
5812 71
5813 87
5814 70
5815 87
5816 78
5817 62
5818 70
5819 84
5820 68
5821 65
5822 71
5823 72
5824 76
5825 88
5826 63
5827 78
5828 85
5829 69
5830 91
5831 70
5832 80
5833 96
5834 76
5835 66
5836 66
5837 85
5838 85
5839 75
5840 68
5841 90
5842 69
5843 67
5844 68
5845 71
5846 70
5847 77
5848 68
5849 69
5850 59
5851 66
5852 70
5853 66
5854 65
5855 75
5856 68
5857 76
5858 71
5859 76
5860 60
5861 76
5862 48
5863 79
5864 72
5865 68
5866 83
5867 60
5868 96
5869 60
5870 80
5871 52
5872 72
5873 66
5874 57
5875 67
5876 75
5877 74
5878 68
5879 78
5880 77
5881 82
5882 68
5883 65
5884 79
5885 69
5886 72
5887 62
5888 78
5889 79
5890 79
5891 77
5892 74
5893 86
5894 76
5895 77
5896 87
5897 58
5898 71
5899 84
5900 76
5901 81
5902 61
5903 73
5904 68
5905 73
5906 69
5907 73
5908 72
5909 62
5910 54
5911 69
5912 80
5913 88
5914 62
5915 72
5916 59
5917 61
5918 78
5919 75
5920 83
5921 65
5922 72
5923 86
5924 69
5925 69
5926 68
5927 77
5928 59
5929 75
5930 52
5931 72
5932 68
5933 75
5934 77
5935 76
5936 70
5937 61
5938 75
5939 70
5940 85
5941 70
5942 63
5943 72
5944 75
5945 59
5946 75
5947 62
5948 67
5949 66
5950 78
5951 72
5952 62
5953 70
5954 68
5955 61
5956 76
5957 70
5958 71
5959 68
5960 88
5961 73
5962 91
5963 98
5964 68
5965 81
5966 85
5967 70
5968 79
5969 58
5970 82
5971 78
5972 67
5973 72
5974 90
5975 79
5976 72
5977 70
5978 70
5979 68
5980 71
5981 72
5982 77
5983 73
5984 85
5985 64
5986 75
5987 54
5988 65
5989 74
5990 73
5991 62
5992 76
5993 69
5994 71
5995 63
5996 89
5997 83
5998 63
5999 66
6000 80
6001 57
6002 64
6003 60
6004 73
6005 77
6006 68
6007 73
6008 72
6009 88
6010 71
6011 59
6012 68
6013 85
6014 77
6015 80
6016 70
6017 75
6018 64
6019 76
6020 70
6021 66
6022 69
6023 59
6024 90
6025 67
6026 68
6027 84
6028 66
6029 69
6030 71
6031 80
6032 56
6033 59
6034 67
6035 64
6036 70
6037 58
6038 69
6039 53
6040 67
6041 55
6042 59
6043 66
6044 66
6045 69
6046 71
6047 70
6048 65
6049 67
6050 68
6051 63
6052 73
6053 81
6054 67
6055 60
6056 58
6057 79
6058 72
6059 61
6060 84
6061 62
6062 68
6063 80
6064 64
6065 69
6066 60
6067 71
6068 71
6069 77
6070 80
6071 78
6072 75
6073 88
6074 60
6075 66
6076 58
6077 66
6078 71
6079 79
6080 69
6081 72
6082 81
6083 75
6084 61
6085 74
6086 52
6087 66
6088 68
6089 74
6090 72
6091 75
6092 61
6093 65
6094 55
6095 61
6096 79
6097 72
6098 64
6099 72
6100 68
6101 77
6102 65
6103 72
6104 69
6105 62
6106 77
6107 68
6108 71
6109 69
6110 61
6111 66
6112 60
6113 64
6114 71
6115 65
6116 61
6117 60
6118 51
6119 56
6120 65
6121 58
6122 62
6123 69
6124 73
6125 65
6126 83
6127 57
6128 63
6129 59
6130 48
6131 68
6132 56
6133 68
6134 70
6135 63
6136 48
6137 68
6138 66
6139 57
6140 79
6141 75
6142 72
6143 54
6144 66
6145 72
6146 52
6147 64
6148 68
6149 71
6150 61
6151 66
6152 62
6153 72
6154 60
6155 66
6156 62
6157 60
6158 70
6159 68
6160 58
6161 80
6162 80
6163 70
6164 63
6165 81
6166 67
6167 52
6168 65
6169 74
6170 58
6171 72
6172 63
6173 79
6174 63
6175 54
6176 53
6177 68
6178 62
6179 61
6180 68
6181 72
6182 68
6183 74
6184 58
6185 53
6186 61
6187 59
6188 67
6189 65
6190 58
6191 63
6192 61
6193 61
6194 60
6195 68
6196 61
6197 37
6198 50
6199 72
6200 61
6201 64
6202 68
6203 51
6204 64
6205 50
6206 57
6207 60
6208 66
6209 62
6210 64
6211 65
6212 61
6213 61
6214 58
6215 63
6216 60
6217 72
6218 70
6219 48
6220 62
6221 70
6222 59
6223 57
6224 53
6225 43
6226 64
6227 55
6228 56
6229 58
6230 70
6231 64
6232 51
6233 54
6234 66
6235 57
6236 53
6237 54
6238 63
6239 66
6240 55
6241 42
6242 65
6243 63
6244 56
6245 52
6246 73
6247 70
6248 57
6249 62
6250 59
6251 50
6252 52
6253 55
6254 72
6255 46
6256 55
6257 65
6258 65
6259 45
6260 55
6261 40
6262 65
6263 60
6264 58
6265 48
6266 70
6267 66
6268 69
6269 58
6270 53
6271 62
6272 49
6273 58
6274 65
6275 48
6276 62
6277 63
6278 55
6279 55
6280 55
6281 54
6282 76
6283 63
6284 56
6285 74
6286 58
6287 56
6288 47
6289 58
6290 70
6291 60
6292 49
6293 72
6294 46
6295 67
6296 61
6297 57
6298 47
6299 64
6300 70
6301 46
6302 67
6303 64
6304 54
6305 61
6306 63
6307 64
6308 57
6309 57
6310 58
6311 55
6312 44
6313 70
6314 55
6315 58
6316 54
6317 50
6318 65
6319 55
6320 54
6321 46
6322 66
6323 61
6324 52
6325 59
6326 50
6327 48
6328 59
6329 60
6330 54
6331 42
6332 75
6333 66
6334 66
6335 60
6336 62
6337 49
6338 60
6339 53
6340 50
6341 55
6342 60
6343 54
6344 58
6345 73
6346 43
6347 55
6348 54
6349 57
6350 45
6351 65
6352 69
6353 55
6354 44
6355 66
6356 53
6357 44
6358 58
6359 54
6360 50
6361 48
6362 34
6363 68
6364 62
6365 66
6366 58
6367 45
6368 54
6369 65
6370 54
6371 38
6372 52
6373 60
6374 42
6375 62
6376 50
6377 56
6378 41
6379 63
6380 64
6381 64
6382 53
6383 54
6384 64
6385 60
6386 50
6387 53
6388 55
6389 52
6390 48
6391 53
6392 49
6393 47
6394 47
6395 56
6396 46
6397 80
6398 57
6399 54
6400 40
6401 58
6402 67
6403 47
6404 42
6405 55
6406 61
6407 54
6408 52
6409 58
6410 54
6411 53
6412 44
6413 70
6414 60
6415 65
6416 51
6417 53
6418 44
6419 57
6420 55
6421 56
6422 46
6423 56
6424 71
6425 56
6426 66
6427 61
6428 46
6429 53
6430 48
6431 64
6432 61
6433 44
6434 54
6435 49
6436 41
6437 53
6438 57
6439 64
6440 52
6441 50
6442 53
6443 56
6444 63
6445 78
6446 48
6447 55
6448 50
6449 53
6450 51
6451 47
6452 57
6453 61
6454 46
6455 59
6456 58
6457 47
6458 43
6459 59
6460 44
6461 72
6462 51
6463 64
6464 59
6465 59
6466 56
6467 54
6468 49
6469 55
6470 54
6471 52
6472 57
6473 59
6474 67
6475 48
6476 54
6477 51
6478 55
6479 54
6480 48
6481 53
6482 63
6483 48
6484 55
6485 67
6486 63
6487 47
6488 52
6489 57
6490 65
6491 61
6492 43
6493 50
6494 56
6495 52
6496 58
6497 36
6498 45
6499 59
6500 64
6501 69
6502 41
6503 58
6504 42
6505 47
6506 66
6507 57
6508 58
6509 53
6510 58
6511 60
6512 56
6513 51
6514 52
6515 57
6516 59
6517 45
6518 51
6519 49
6520 63
6521 48
6522 58
6523 69
6524 48
6525 45
6526 41
6527 51
6528 45
6529 59
6530 45
6531 55
6532 50
6533 58
6534 53
6535 48
6536 55
6537 58
6538 57
6539 47
6540 62
6541 47
6542 55
6543 50
6544 55
6545 47
6546 47
6547 40
6548 60
6549 56
6550 66
6551 56
6552 43
6553 36
6554 52
6555 67
6556 55
6557 52
6558 58
6559 63
6560 46
6561 65
6562 69
6563 63
6564 49
6565 47
6566 54
6567 57
6568 41
6569 61
6570 53
6571 45
6572 45
6573 50
6574 67
6575 55
6576 39
6577 67
6578 53
6579 49
6580 53
6581 62
6582 58
6583 54
6584 47
6585 59
6586 37
6587 53
6588 61
6589 56
6590 56
6591 59
6592 57
6593 61
6594 59
6595 59
6596 45
6597 55
6598 42
6599 48
6600 54
6601 59
6602 62
6603 44
6604 38
6605 56
6606 48
6607 46
6608 45
6609 53
6610 46
6611 57
6612 47
6613 52
6614 54
6615 53
6616 45
6617 52
6618 56
6619 41
6620 53
6621 52
6622 47
6623 52
6624 56
6625 48
6626 46
6627 55
6628 46
6629 53
6630 42
6631 51
6632 55
6633 46
6634 39
6635 41
6636 50
6637 49
6638 43
6639 54
6640 40
6641 51
6642 54
6643 49
6644 66
6645 53
6646 53
6647 54
6648 60
6649 53
6650 40
6651 45
6652 42
6653 45
6654 64
6655 53
6656 51
6657 61
6658 51
6659 58
6660 55
6661 49
6662 43
6663 51
6664 45
6665 59
6666 57
6667 51
6668 63
6669 52
6670 61
6671 52
6672 66
6673 51
6674 56
6675 63
6676 43
6677 42
6678 60
6679 52
6680 58
6681 53
6682 50
6683 54
6684 53
6685 51
6686 57
6687 61
6688 53
6689 53
6690 51
6691 47
6692 62
6693 49
6694 64
6695 60
6696 38
6697 44
6698 56
6699 53
6700 47
6701 48
6702 57
6703 52
6704 49
6705 41
6706 43
6707 66
6708 54
6709 64
6710 54
6711 52
6712 57
6713 48
6714 44
6715 46
6716 46
6717 57
6718 50
6719 49
6720 49
6721 53
6722 51
6723 40
6724 52
6725 53
6726 56
6727 49
6728 61
6729 50
6730 57
6731 51
6732 68
6733 47
6734 58
6735 41
6736 53
6737 46
6738 48
6739 46
6740 42
6741 46
6742 57
6743 58
6744 56
6745 43
6746 48
6747 42
6748 41
6749 55
6750 49
6751 48
6752 56
6753 50
6754 52
6755 47
6756 49
6757 40
6758 45
6759 54
6760 44
6761 52
6762 42
6763 63
6764 58
6765 53
6766 51
6767 53
6768 45
6769 54
6770 63
6771 56
6772 55
6773 52
6774 56
6775 51
6776 54
6777 59
6778 60
6779 44
6780 51
6781 47
6782 45
6783 36
6784 57
6785 55
6786 45
6787 52
6788 65
6789 38
6790 54
6791 47
6792 56
6793 39
6794 44
6795 57
6796 54
6797 52
6798 50
6799 57
6800 57
6801 50
6802 44
6803 40
6804 43
6805 55
6806 46
6807 42
6808 38
6809 45
6810 42
6811 46
6812 55
6813 56
6814 52
6815 50
6816 50
6817 58
6818 56
6819 50
6820 56
6821 52
6822 52
6823 51
6824 60
6825 41
6826 56
6827 56
6828 47
6829 50
6830 45
6831 57
6832 48
6833 42
6834 46
6835 48
6836 52
6837 52
6838 36
6839 46
6840 38
6841 56
6842 49
6843 41
6844 42
6845 62
6846 51
6847 40
6848 60
6849 51
6850 52
6851 39
6852 58
6853 54
6854 47
6855 56
6856 61
6857 63
6858 51
6859 50
6860 43
6861 45
6862 50
6863 52
6864 41
6865 54
6866 43
6867 64
6868 63
6869 44
6870 51
6871 52
6872 57
6873 61
6874 59
6875 44
6876 47
6877 37
6878 56
6879 42
6880 51
6881 54
6882 47
6883 67
6884 46
6885 51
6886 68
6887 44
6888 60
6889 64
6890 40
6891 48
6892 66
6893 54
6894 44
6895 55
6896 45
6897 41
6898 48
6899 49
6900 55
6901 49
6902 54
6903 53
6904 33
6905 50
6906 60
6907 49
6908 41
6909 60
6910 50
6911 46
6912 54
6913 51
6914 49
6915 48
6916 62
6917 63
6918 57
6919 46
6920 50
6921 42
6922 46
6923 40
6924 42
6925 48
6926 36
6927 62
6928 42
6929 46
6930 54
6931 44
6932 54
6933 50
6934 49
6935 42
6936 37
6937 46
6938 46
6939 60
6940 50
6941 46
6942 32
6943 49
6944 56
6945 34
6946 55
6947 49
6948 50
6949 46
6950 40
6951 47
6952 56
6953 50
6954 44
6955 43
6956 51
6957 44
6958 46
6959 39
6960 54
6961 50
6962 40
6963 51
6964 53
6965 40
6966 51
6967 54
6968 37
6969 50
6970 43
6971 42
6972 31
6973 44
6974 43
6975 48
6976 50
6977 44
6978 52
6979 54
6980 39
6981 59
6982 52
6983 34
6984 48
6985 48
6986 69
6987 52
6988 42
6989 40
6990 58
6991 54
6992 51
6993 36
6994 40
6995 54
6996 48
6997 44
6998 36
6999 49
7000 53
7001 36
7002 48
7003 42
7004 47
7005 40
7006 51
7007 39
7008 53
7009 36
7010 54
7011 43
7012 41
7013 48
7014 48
7015 41
7016 56
7017 44
7018 50
7019 37
7020 48
7021 54
7022 35
7023 38
7024 34
7025 49
7026 37
7027 51
7028 57
7029 35
7030 38
7031 51
7032 57
7033 52
7034 51
7035 44
7036 47
7037 55
7038 44
7039 39
7040 57
7041 38
7042 56
7043 48
7044 45
7045 39
7046 41
7047 39
7048 55
7049 34
7050 45
7051 42
7052 47
7053 39
7054 43
7055 47
7056 39
7057 49
7058 40
7059 51
7060 44
7061 51
7062 55
7063 41
7064 44
7065 45
7066 45
7067 46
7068 55
7069 49
7070 42
7071 54
7072 42
7073 29
7074 48
7075 39
7076 47
7077 39
7078 47
7079 46
7080 50
7081 40
7082 47
7083 43
7084 49
7085 42
7086 57
7087 45
7088 39
7089 47
7090 39
7091 40
7092 47
7093 38
7094 45
7095 53
7096 37
7097 44
7098 48
7099 42
7100 34
7101 48
7102 44
7103 54
7104 43
7105 43
7106 44
7107 44
7108 43
7109 37
7110 38
7111 52
7112 45
7113 49
7114 55
7115 62
7116 45
7117 55
7118 49
7119 47
7120 42
7121 44
7122 43
7123 59
7124 49
7125 49
7126 41
7127 57
7128 41
7129 49
7130 53
7131 43
7132 48
7133 49
7134 44
7135 52
7136 33
7137 46
7138 40
7139 40
7140 29
7141 43
7142 46
7143 46
7144 45
7145 44
7146 47
7147 45
7148 49
7149 45
7150 39
7151 46
7152 47
7153 45
7154 47
7155 36
7156 40
7157 43
7158 39
7159 49
7160 44
7161 42
7162 43
7163 51
7164 40
7165 41
7166 35
7167 42
7168 63
7169 42
7170 43
7171 51
7172 57
7173 49
7174 53
7175 42
7176 41
7177 43
7178 47
7179 39
7180 51
7181 54
7182 45
7183 53
7184 44
7185 44
7186 32
7187 41
7188 44
7189 50
7190 45
7191 43
7192 48
7193 41
7194 44
7195 43
7196 44
7197 49
7198 56
7199 57
7200 41
7201 36
7202 41
7203 36
7204 43
7205 38
7206 29
7207 43
7208 37
7209 45
7210 49
7211 37
7212 44
7213 56
7214 44
7215 38
7216 51
7217 43
7218 48
7219 42
7220 22
7221 57
7222 42
7223 37
7224 44
7225 43
7226 40
7227 49
7228 43
7229 40
7230 51
7231 34
7232 35
7233 48
7234 38
7235 46
7236 55
7237 40
7238 56
7239 39
7240 48
7241 39
7242 43
7243 52
7244 49
7245 38
7246 47
7247 46
7248 38
7249 49
7250 42
7251 40
7252 41
7253 40
7254 39
7255 44
7256 38
7257 49
7258 48
7259 41
7260 40
7261 42
7262 43
7263 32
7264 29
7265 45
7266 45
7267 37
7268 40
7269 43
7270 42
7271 44
7272 41
7273 44
7274 42
7275 48
7276 38
7277 49
7278 47
7279 54
7280 48
7281 36
7282 36
7283 29
7284 40
7285 41
7286 56
7287 54
7288 42
7289 39
7290 47
7291 38
7292 41
7293 48
7294 39
7295 51
7296 38
7297 47
7298 57
7299 56
7300 50
7301 56
7302 43
7303 41
7304 41
7305 36
7306 50
7307 36
7308 46
7309 43
7310 39
7311 39
7312 44
7313 63
7314 51
7315 40
7316 54
7317 41
7318 40
7319 65
7320 45
7321 32
7322 52
7323 40
7324 51
7325 39
7326 43
7327 51
7328 42
7329 41
7330 45
7331 43
7332 54
7333 34
7334 51
7335 43
7336 69
7337 43
7338 49
7339 51
7340 48
7341 40
7342 43
7343 46
7344 56
7345 52
7346 48
7347 37
7348 51
7349 43
7350 47
7351 54
7352 46
7353 44
7354 55
7355 55
7356 38
7357 46
7358 41
7359 56
7360 51
7361 46
7362 55
7363 46
7364 43
7365 39
7366 57
7367 47
7368 50
7369 47
7370 45
7371 49
7372 41
7373 48
7374 36
7375 36
7376 42
7377 32
7378 36
7379 52
7380 34
7381 42
7382 43
7383 42
7384 44
7385 56
7386 58
7387 41
7388 39
7389 36
7390 38
7391 37
7392 43
7393 36
7394 44
7395 37
7396 45
7397 34
7398 48
7399 40
7400 34
7401 45
7402 43
7403 43
7404 37
7405 36
7406 42
7407 40
7408 52
7409 44
7410 41
7411 42
7412 39
7413 44
7414 55
7415 43
7416 42
7417 31
7418 37
7419 38
7420 40
7421 36
7422 39
7423 33
7424 42
7425 41
7426 27
7427 40
7428 39
7429 35
7430 43
7431 39
7432 47
7433 43
7434 30
7435 40
7436 42
7437 47
7438 46
7439 52
7440 49
7441 40
7442 43
7443 44
7444 47
7445 61
7446 49
7447 57
7448 49
7449 33
7450 34
7451 44
7452 60
7453 40
7454 51
7455 33
7456 40
7457 51
7458 44
7459 35
7460 45
7461 41
7462 48
7463 35
7464 35
7465 45
7466 30
7467 57
7468 37
7469 34
7470 44
7471 32
7472 42
7473 51
7474 42
7475 33
7476 42
7477 34
7478 45
7479 53
7480 53
7481 42
7482 28
7483 35
7484 36
7485 23
7486 40
7487 49
7488 48
7489 51
7490 47
7491 36
7492 48
7493 54
7494 38
7495 67
7496 38
7497 26
7498 46
7499 59
7500 42
7501 40
7502 47
7503 44
7504 36
7505 28
7506 44
7507 41
7508 41
7509 39
7510 48
7511 40
7512 42
7513 49
7514 46
7515 39
7516 40
7517 39
7518 51
7519 47
7520 42
7521 36
7522 25
7523 36
7524 28
7525 43
7526 47
7527 44
7528 38
7529 37
7530 40
7531 32
7532 36
7533 45
7534 41
7535 41
7536 34
7537 40
7538 33
7539 30
7540 45
7541 45
7542 39
7543 40
7544 44
7545 40
7546 46
7547 31
7548 46
7549 45
7550 28
7551 34
7552 44
7553 37
7554 50
7555 44
7556 49
7557 43
7558 40
7559 37
7560 30
7561 44
7562 43
7563 43
7564 60
7565 39
7566 40
7567 36
7568 43
7569 41
7570 40
7571 36
7572 34
7573 46
7574 31
7575 39
7576 37
7577 36
7578 43
7579 44
7580 34
7581 37
7582 37
7583 35
7584 43
7585 40
7586 40
7587 43
7588 35
7589 43
7590 36
7591 54
7592 30
7593 51
7594 40
7595 42
7596 42
7597 32
7598 35
7599 36
7600 44
7601 40
7602 39
7603 47
7604 47
7605 50
7606 25
7607 32
7608 19
7609 42
7610 44
7611 45
7612 37
7613 38
7614 29
7615 40
7616 39
7617 36
7618 40
7619 39
7620 29
7621 52
7622 40
7623 40
7624 35
7625 42
7626 37
7627 36
7628 34
7629 49
7630 43
7631 32
7632 43
7633 40
7634 51
7635 42
7636 46
7637 44
7638 42
7639 44
7640 31
7641 43
7642 50
7643 29
7644 39
7645 42
7646 56
7647 39
7648 42
7649 38
7650 55
7651 30
7652 39
7653 33
7654 34
7655 44
7656 41
7657 31
7658 33
7659 34
7660 36
7661 44
7662 33
7663 48
7664 35
7665 35
7666 29
7667 43
7668 35
7669 32
7670 43
7671 51
7672 41
7673 48
7674 39
7675 41
7676 40
7677 41
7678 46
7679 36
7680 44
7681 44
7682 40
7683 39
7684 32
7685 32
7686 45
7687 41
7688 45
7689 42
7690 35
7691 29
7692 40
7693 39
7694 35
7695 41
7696 50
7697 53
7698 33
7699 47
7700 41
7701 41
7702 39
7703 41
7704 44
7705 37
7706 47
7707 36
7708 45
7709 44
7710 37
7711 43
7712 44
7713 50
7714 48
7715 46
7716 47
7717 36
7718 39
7719 39
7720 41
7721 41
7722 30
7723 37
7724 47
7725 41
7726 41
7727 44
7728 48
7729 35
7730 48
7731 46
7732 46
7733 41
7734 38
7735 40
7736 38
7737 34
7738 44
7739 46
7740 26
7741 36
7742 34
7743 39
7744 39
7745 39
7746 44
7747 42
7748 37
7749 46
7750 34
7751 39
7752 40
7753 46
7754 34
7755 46
7756 38
7757 39
7758 37
7759 31
7760 44
7761 41
7762 48
7763 42
7764 39
7765 39
7766 40
7767 50
7768 42
7769 43
7770 37
7771 42
7772 36
7773 47
7774 45
7775 35
7776 42
7777 48
7778 36
7779 46
7780 32
7781 43
7782 42
7783 44
7784 43
7785 38
7786 35
7787 38
7788 40
7789 34
7790 50
7791 34
7792 43
7793 34
7794 48
7795 39
7796 45
7797 37
7798 38
7799 34
7800 39
7801 43
7802 36
7803 38
7804 37
7805 27
7806 36
7807 49
7808 35
7809 42
7810 38
7811 36
7812 31
7813 43
7814 30
7815 39
7816 32
7817 42
7818 28
7819 49
7820 39
7821 37
7822 42
7823 41
7824 32
7825 34
7826 37
7827 45
7828 39
7829 34
7830 25
7831 45
7832 43
7833 40
7834 45
7835 37
7836 43
7837 41
7838 33
7839 33
7840 39
7841 42
7842 27
7843 39
7844 37
7845 44
7846 50
7847 41
7848 32
7849 40
7850 42
7851 44
7852 38
7853 26
7854 40
7855 31
7856 56
7857 43
7858 46
7859 37
7860 30
7861 38
7862 32
7863 46
7864 50
7865 45
7866 43
7867 52
7868 45
7869 45
7870 30
7871 49
7872 41
7873 41
7874 43
7875 34
7876 44
7877 35
7878 52
7879 28
7880 49
7881 33
7882 46
7883 44
7884 25
7885 31
7886 42
7887 30
7888 37
7889 44
7890 42
7891 33
7892 48
7893 36
7894 44
7895 35
7896 36
7897 26
7898 34
7899 33
7900 35
7901 25
7902 42
7903 31
7904 39
7905 36
7906 43
7907 39
7908 46
7909 38
7910 48
7911 36
7912 42
7913 36
7914 32
7915 31
7916 36
7917 29
7918 40
7919 37
7920 33
7921 27
7922 33
7923 36
7924 35
7925 35
7926 38
7927 30
7928 47
7929 40
7930 40
7931 30
7932 31
7933 42
7934 38
7935 46
7936 40
7937 52
7938 36
7939 46
7940 45
7941 33
7942 37
7943 48
7944 28
7945 36
7946 46
7947 41
7948 45
7949 38
7950 35
7951 36
7952 27
7953 41
7954 41
7955 30
7956 42
7957 33
7958 39
7959 29
7960 40
7961 26
7962 46
7963 34
7964 38
7965 33
7966 42
7967 40
7968 36
7969 42
7970 42
7971 49
7972 26
7973 36
7974 47
7975 42
7976 27
7977 41
7978 38
7979 38
7980 33
7981 29
7982 37
7983 36
7984 43
7985 29
7986 32
7987 34
7988 36
7989 47
7990 41
7991 41
7992 41
7993 38
7994 41
7995 46
7996 42
7997 34
7998 52
7999 32
8000 39
8001 27
8002 44
8003 27
8004 30
8005 42
8006 35
8007 33
8008 39
8009 40
8010 41
8011 32
8012 38
8013 38
8014 42
8015 36
8016 38
8017 29
8018 33
8019 48
8020 37
8021 31
8022 35
8023 35
8024 49
8025 45
8026 43
8027 44
8028 42
8029 39
8030 32
8031 40
8032 39
8033 39
8034 37
8035 25
8036 45
8037 38
8038 44
8039 37
8040 40
8041 43
8042 45
8043 35
8044 35
8045 42
8046 39
8047 36
8048 49
8049 39
8050 34
8051 41
8052 30
8053 42
8054 34
8055 35
8056 40
8057 41
8058 34
8059 46
8060 34
8061 39
8062 46
8063 43
8064 36
8065 40
8066 37
8067 34
8068 45
8069 32
8070 33
8071 36
8072 46
8073 40
8074 37
8075 27
8076 36
8077 33
8078 38
8079 34
8080 40
8081 39
8082 39
8083 31
8084 36
8085 30
8086 34
8087 44
8088 38
8089 42
8090 33
8091 42
8092 33
8093 36
8094 33
8095 36
8096 35
8097 36
8098 28
8099 50
8100 32
8101 40
8102 36
8103 45
8104 38
8105 34
8106 43
8107 47
8108 50
8109 34
8110 51
8111 31
8112 37
8113 38
8114 38
8115 34
8116 33
8117 38
8118 40
8119 39
8120 38
8121 35
8122 33
8123 34
8124 36
8125 36
8126 28
8127 42
8128 43
8129 51
8130 39
8131 49
8132 41
8133 42
8134 38
8135 40
8136 44
8137 38
8138 37
8139 41
8140 42
8141 31
8142 44
8143 41
8144 41
8145 39
8146 32
8147 32
8148 43
8149 43
8150 40
8151 41
8152 43
8153 46
8154 30
8155 45
8156 41
8157 32
8158 51
8159 39
8160 34
8161 35
8162 36
8163 40
8164 33
8165 45
8166 37
8167 44
8168 40
8169 38
8170 29
8171 38
8172 47
8173 37
8174 34
8175 35
8176 27
8177 35
8178 42
8179 36
8180 44
8181 18
8182 49
8183 45
8184 39
8185 33
8186 28
8187 41
8188 39
8189 37
8190 47
8191 24
8192 36
8193 35
8194 32
8195 42
8196 37
8197 28
8198 36
8199 30
8200 35
8201 40
8202 34
8203 41
8204 42
8205 31
8206 40
8207 34
8208 35
8209 23
8210 29
8211 39
8212 40
8213 28
8214 35
8215 38
8216 35
8217 32
8218 42
8219 38
8220 36
8221 26
8222 54
8223 41
8224 43
8225 38
8226 40
8227 39
8228 40
8229 41
8230 32
8231 32
8232 28
8233 38
8234 33
8235 35
8236 41
8237 42
8238 39
8239 43
8240 37
8241 36
8242 35
8243 40
8244 32
8245 35
8246 40
8247 30
8248 39
8249 39
8250 36
8251 32
8252 31
8253 28
8254 41
8255 35
8256 28
8257 41
8258 36
8259 31
8260 37
8261 40
8262 46
8263 48
8264 40
8265 44
8266 36
8267 29
8268 40
8269 48
8270 36
8271 30
8272 34
8273 38
8274 40
8275 37
8276 34
8277 35
8278 33
8279 28
8280 30
8281 43
8282 29
8283 37
8284 42
8285 40
8286 39
8287 29
8288 32
8289 36
8290 37
8291 34
8292 44
8293 35
8294 46
8295 30
8296 31
8297 48
8298 35
8299 35
8300 38
8301 37
8302 36
8303 44
8304 33
8305 34
8306 34
8307 37
8308 46
8309 28
8310 39
8311 41
8312 31
8313 27
8314 35
8315 37
8316 39
8317 38
8318 38
8319 35
8320 27
8321 33
8322 47
8323 33
8324 29
8325 38
8326 45
8327 31
8328 38
8329 32
8330 40
8331 40
8332 42
8333 40
8334 35
8335 41
8336 17
8337 35
8338 26
8339 36
8340 32
8341 37
8342 49
8343 47
8344 34
8345 30
8346 46
8347 38
8348 39
8349 36
8350 34
8351 33
8352 39
8353 23
8354 44
8355 43
8356 41
8357 27
8358 30
8359 30
8360 34
8361 35
8362 36
8363 31
8364 33
8365 38
8366 45
8367 38
8368 43
8369 33
8370 35
8371 40
8372 31
8373 48
8374 40
8375 28
8376 38
8377 42
8378 38
8379 38
8380 33
8381 32
8382 33
8383 38
8384 38
8385 37
8386 39
8387 41
8388 29
8389 32
8390 34
8391 30
8392 38
8393 43
8394 38
8395 38
8396 41
8397 48
8398 46
8399 26
8400 25
8401 46
8402 53
8403 38
8404 42
8405 36
8406 31
8407 43
8408 33
8409 33
8410 34
8411 29
8412 34
8413 43
8414 45
8415 40
8416 38
8417 45
8418 32
8419 37
8420 28
8421 32
8422 35
8423 37
8424 34
8425 29
8426 35
8427 28
8428 44
8429 29
8430 37
8431 53
8432 39
8433 42
8434 35
8435 34
8436 50
8437 30
8438 31
8439 42
8440 43
8441 37
8442 25
8443 41
8444 38
8445 36
8446 42
8447 33
8448 37
8449 36
8450 44
8451 30
8452 36
8453 34
8454 37
8455 31
8456 34
8457 41
8458 34
8459 36
8460 37
8461 41
8462 36
8463 25
8464 25
8465 31
8466 30
8467 42
8468 45
8469 35
8470 32
8471 38
8472 38
8473 49
8474 39
8475 38
8476 33
8477 42
8478 42
8479 45
8480 27
8481 27
8482 29
8483 36
8484 29
8485 30
8486 41
8487 31
8488 43
8489 29
8490 37
8491 46
8492 26
8493 24
8494 28
8495 22
8496 36
8497 33
8498 35
8499 33
8500 38
8501 34
8502 35
8503 46
8504 31
8505 33
8506 33
8507 33
8508 50
8509 28
8510 38
8511 31
8512 40
8513 29
8514 31
8515 28
8516 31
8517 26
8518 28
8519 39
8520 32
8521 29
8522 36
8523 34
8524 33
8525 37
8526 38
8527 34
8528 32
8529 36
8530 35
8531 40
8532 41
8533 34
8534 30
8535 38
8536 32
8537 33
8538 41
8539 36
8540 28
8541 36
8542 30
8543 32
8544 20
8545 36
8546 26
8547 32
8548 25
8549 32
8550 44
8551 38
8552 30
8553 52
8554 29
8555 30
8556 35
8557 26
8558 33
8559 35
8560 44
8561 35
8562 36
8563 38
8564 33
8565 36
8566 31
8567 33
8568 34
8569 32
8570 43
8571 30
8572 23
8573 30
8574 32
8575 38
8576 40
8577 35
8578 30
8579 29
8580 32
8581 28
8582 36
8583 28
8584 39
8585 36
8586 21
8587 35
8588 28
8589 24
8590 27
8591 39
8592 36
8593 38
8594 33
8595 38
8596 36
8597 33
8598 41
8599 41
8600 33
8601 31
8602 36
8603 24
8604 29
8605 23
8606 33
8607 25
8608 48
8609 30
8610 25
8611 40
8612 28
8613 28
8614 43
8615 39
8616 45
8617 34
8618 28
8619 23
8620 43
8621 36
8622 32
8623 33
8624 32
8625 36
8626 31
8627 30
8628 27
8629 33
8630 41
8631 38
8632 33
8633 30
8634 33
8635 41
8636 28
8637 29
8638 38
8639 35
8640 37
8641 46
8642 38
8643 32
8644 34
8645 38
8646 29
8647 35
8648 37
8649 43
8650 41
8651 36
8652 40
8653 37
8654 38
8655 45
8656 29
8657 30
8658 28
8659 25
8660 34
8661 34
8662 41
8663 30
8664 29
8665 26
8666 31
8667 45
8668 37
8669 27
8670 34
8671 23
8672 31
8673 35
8674 45
8675 34
8676 31
8677 33
8678 37
8679 44
8680 42
8681 32
8682 39
8683 38
8684 31
8685 29
8686 33
8687 41
8688 36
8689 28
8690 32
8691 36
8692 35
8693 33
8694 29
8695 40
8696 25
8697 37
8698 28
8699 26
8700 45
8701 33
8702 40
8703 36
8704 29
8705 26
8706 37
8707 38
8708 36
8709 46
8710 42
8711 37
8712 34
8713 35
8714 34
8715 29
8716 28
8717 27
8718 35
8719 32
8720 34
8721 40
8722 30
8723 31
8724 21
8725 25
8726 25
8727 50
8728 33
8729 17
8730 31
8731 41
8732 36
8733 30
8734 41
8735 32
8736 36
8737 43
8738 36
8739 31
8740 32
8741 29
8742 32
8743 28
8744 45
8745 31
8746 23
8747 35
8748 34
8749 27
8750 37
8751 32
8752 33
8753 27
8754 30
8755 41
8756 22
8757 31
8758 46
8759 36
8760 30
8761 42
8762 28
8763 29
8764 39
8765 38
8766 28
8767 31
8768 34
8769 34
8770 37
8771 30
8772 22
8773 43
8774 36
8775 33
8776 25
8777 31
8778 43
8779 37
8780 37
8781 29
8782 32
8783 26
8784 19
8785 36
8786 39
8787 24
8788 33
8789 44
8790 29
8791 34
8792 43
8793 24
8794 36
8795 25
8796 32
8797 20
8798 32
8799 30
8800 31
8801 41
8802 34
8803 33
8804 30
8805 38
8806 34
8807 34
8808 30
8809 44
8810 37
8811 35
8812 38
8813 35
8814 40
8815 34
8816 34
8817 43
8818 26
8819 32
8820 29
8821 29
8822 31
8823 36
8824 37
8825 33
8826 43
8827 36
8828 32
8829 34
8830 30
8831 29
8832 32
8833 24
8834 29
8835 39
8836 41
8837 22
8838 38
8839 24
8840 41
8841 32
8842 30
8843 22
8844 23
8845 31
8846 29
8847 24
8848 31
8849 29
8850 40
8851 40
8852 34
8853 36
8854 33
8855 43
8856 32
8857 36
8858 31
8859 30
8860 32
8861 25
8862 38
8863 30
8864 35
8865 23
8866 37
8867 39
8868 37
8869 34
8870 28
8871 24
8872 41
8873 35
8874 34
8875 37
8876 44
8877 31
8878 32
8879 27
8880 42
8881 29
8882 41
8883 28
8884 34
8885 29
8886 38
8887 38
8888 30
8889 35
8890 47
8891 37
8892 29
8893 35
8894 31
8895 43
8896 31
8897 30
8898 37
8899 30
8900 35
8901 36
8902 29
8903 36
8904 39
8905 39
8906 32
8907 28
8908 20
8909 45
8910 32
8911 32
8912 37
8913 36
8914 33
8915 24
8916 33
8917 52
8918 35
8919 31
8920 24
8921 28
8922 33
8923 32
8924 25
8925 36
8926 34
8927 35
8928 26
8929 35
8930 25
8931 39
8932 37
8933 21
8934 39
8935 37
8936 30
8937 35
8938 28
8939 32
8940 40
8941 37
8942 41
8943 41
8944 35
8945 31
8946 33
8947 37
8948 36
8949 34
8950 36
8951 33
8952 31
8953 31
8954 35
8955 40
8956 28
8957 30
8958 26
8959 33
8960 37
8961 39
8962 24
8963 38
8964 32
8965 18
8966 34
8967 31
8968 31
8969 32
8970 34
8971 31
8972 26
8973 40
8974 32
8975 34
8976 27
8977 25
8978 33
8979 33
8980 38
8981 24
8982 24
8983 34
8984 38
8985 41
8986 45
8987 34
8988 30
8989 29
8990 30
8991 22
8992 31
8993 30
8994 27
8995 25
8996 30
8997 26
8998 39
8999 40
9000 35
9001 28
9002 30
9003 34
9004 32
9005 33
9006 26
9007 33
9008 29
9009 41
9010 38
9011 30
9012 38
9013 38
9014 31
9015 27
9016 37
9017 28
9018 45
9019 35
9020 25
9021 28
9022 29
9023 37
9024 34
9025 22
9026 22
9027 27
9028 27
9029 36
9030 24
9031 34
9032 28
9033 39
9034 30
9035 32
9036 38
9037 25
9038 27
9039 29
9040 36
9041 29
9042 27
9043 33
9044 41
9045 26
9046 34
9047 37
9048 21
9049 29
9050 42
9051 36
9052 33
9053 28
9054 29
9055 34
9056 35
9057 37
9058 29
9059 31
9060 36
9061 20
9062 26
9063 31
9064 33
9065 31
9066 22
9067 38
9068 38
9069 37
9070 40
9071 35
9072 26
9073 37
9074 32
9075 29
9076 30
9077 40
9078 27
9079 40
9080 26
9081 33
9082 26
9083 28
9084 27
9085 26
9086 37
9087 32
9088 28
9089 33
9090 40
9091 36
9092 25
9093 39
9094 34
9095 20
9096 30
9097 18
9098 26
9099 33
9100 27
9101 25
9102 34
9103 25
9104 26
9105 25
9106 31
9107 21
9108 37
9109 30
9110 41
9111 26
9112 35
9113 16
9114 30
9115 26
9116 32
9117 19
9118 23
9119 32
9120 31
9121 25
9122 30
9123 24
9124 29
9125 26
9126 31
9127 30
9128 31
9129 42
9130 24
9131 31
9132 26
9133 28
9134 28
9135 31
9136 33
9137 24
9138 32
9139 34
9140 30
9141 24
9142 46
9143 35
9144 32
9145 29
9146 27
9147 27
9148 30
9149 28
9150 20
9151 29
9152 34
9153 29
9154 28
9155 23
9156 38
9157 29
9158 26
9159 36
9160 25
9161 24
9162 26
9163 18
9164 32
9165 24
9166 31
9167 21
9168 31
9169 29
9170 25
9171 27
9172 32
9173 37
9174 21
9175 30
9176 31
9177 34
9178 19
9179 32
9180 36
9181 30
9182 35
9183 22
9184 37
9185 37
9186 29
9187 30
9188 31
9189 22
9190 22
9191 27
9192 30
9193 40
9194 28
9195 38
9196 25
9197 31
9198 26
9199 39
9200 32
9201 29
9202 36
9203 18
9204 35
9205 26
9206 24
9207 30
9208 25
9209 28
9210 36
9211 35
9212 34
9213 25
9214 34
9215 34
9216 36
9217 29
9218 36
9219 37
9220 32
9221 21
9222 27
9223 26
9224 27
9225 28
9226 38
9227 26
9228 29
9229 29
9230 28
9231 29
9232 31
9233 33
9234 22
9235 30
9236 24
9237 24
9238 27
9239 21
9240 39
9241 33
9242 27
9243 34
9244 28
9245 29
9246 23
9247 34
9248 25
9249 35
9250 39
9251 27
9252 36
9253 29
9254 26
9255 42
9256 26
9257 28
9258 38
9259 29
9260 37
9261 30
9262 35
9263 25
9264 36
9265 35
9266 35
9267 28
9268 38
9269 21
9270 30
9271 25
9272 18
9273 38
9274 28
9275 30
9276 26
9277 27
9278 37
9279 44
9280 30
9281 38
9282 33
9283 32
9284 27
9285 24
9286 31
9287 31
9288 31
9289 38
9290 22
9291 28
9292 34
9293 26
9294 30
9295 20
9296 31
9297 25
9298 35
9299 32
9300 24
9301 27
9302 33
9303 25
9304 25
9305 21
9306 27
9307 24
9308 33
9309 47
9310 23
9311 17
9312 22
9313 24
9314 29
9315 30
9316 32
9317 31
9318 22
9319 22
9320 29
9321 37
9322 25
9323 26
9324 21
9325 27
9326 23
9327 22
9328 31
9329 28
9330 26
9331 27
9332 39
9333 20
9334 30
9335 29
9336 23
9337 31
9338 28
9339 27
9340 36
9341 27
9342 29
9343 29
9344 21
9345 34
9346 28
9347 28
9348 45
9349 26
9350 25
9351 28
9352 39
9353 31
9354 34
9355 38
9356 28
9357 23
9358 38
9359 35
9360 30
9361 27
9362 40
9363 30
9364 38
9365 30
9366 38
9367 20
9368 31
9369 36
9370 30
9371 25
9372 25
9373 28
9374 39
9375 33
9376 28
9377 34
9378 31
9379 25
9380 22
9381 25
9382 25
9383 39
9384 36
9385 22
9386 23
9387 33
9388 36
9389 25
9390 38
9391 38
9392 27
9393 27
9394 36
9395 29
9396 40
9397 25
9398 26
9399 29
9400 30
9401 18
9402 29
9403 29
9404 31
9405 22
9406 32
9407 27
9408 26
9409 30
9410 26
9411 13
9412 31
9413 31
9414 29
9415 26
9416 39
9417 33
9418 22
9419 31
9420 26
9421 27
9422 18
9423 35
9424 26
9425 35
9426 34
9427 21
9428 22
9429 25
9430 22
9431 34
9432 32
9433 33
9434 33
9435 22
9436 38
9437 41
9438 27
9439 31
9440 17
9441 33
9442 20
9443 21
9444 34
9445 33
9446 27
9447 30
9448 28
9449 35
9450 21
9451 27
9452 19
9453 34
9454 28
9455 25
9456 23
9457 28
9458 23
9459 31
9460 29
9461 21
9462 29
9463 29
9464 25
9465 25
9466 26
9467 28
9468 31
9469 22
9470 19
9471 27
9472 33
9473 29
9474 17
9475 24
9476 25
9477 33
9478 31
9479 33
9480 16
9481 29
9482 33
9483 42
9484 30
9485 34
9486 29
9487 32
9488 22
9489 35
9490 25
9491 34
9492 26
9493 19
9494 37
9495 23
9496 22
9497 41
9498 21
9499 26
9500 21
9501 40
9502 27
9503 25
9504 21
9505 38
9506 30
9507 30
9508 24
9509 34
9510 34
9511 37
9512 34
9513 24
9514 21
9515 22
9516 43
9517 31
9518 28
9519 35
9520 28
9521 30
9522 23
9523 30
9524 35
9525 26
9526 24
9527 27
9528 40
9529 31
9530 28
9531 30
9532 27
9533 34
9534 30
9535 28
9536 14
9537 38
9538 30
9539 33
9540 24
9541 35
9542 27
9543 30
9544 27
9545 35
9546 38
9547 19
9548 33
9549 27
9550 29
9551 32
9552 28
9553 23
9554 28
9555 27
9556 31
9557 33
9558 28
9559 27
9560 34
9561 34
9562 31
9563 18
9564 21
9565 15
9566 28
9567 33
9568 24
9569 36
9570 32
9571 26
9572 21
9573 25
9574 27
9575 24
9576 34
9577 30
9578 23
9579 21
9580 33
9581 20
9582 33
9583 26
9584 22
9585 34
9586 26
9587 27
9588 44
9589 18
9590 29
9591 27
9592 25
9593 26
9594 30
9595 33
9596 24
9597 26
9598 24
9599 25
9600 22
9601 30
9602 36
9603 25
9604 20
9605 33
9606 33
9607 29
9608 19
9609 26
9610 26
9611 25
9612 27
9613 31
9614 34
9615 30
9616 25
9617 22
9618 18
9619 29
9620 22
9621 32
9622 27
9623 22
9624 26
9625 24
9626 29
9627 28
9628 24
9629 33
9630 32
9631 29
9632 24
9633 36
9634 28
9635 30
9636 32
9637 31
9638 27
9639 27
9640 30
9641 26
9642 25
9643 34
9644 25
9645 24
9646 34
9647 30
9648 31
9649 30
9650 28
9651 20
9652 29
9653 24
9654 24
9655 28
9656 26
9657 28
9658 33
9659 31
9660 22
9661 41
9662 19
9663 33
9664 24
9665 30
9666 23
9667 31
9668 25
9669 31
9670 27
9671 26
9672 26
9673 40
9674 30
9675 26
9676 21
9677 33
9678 17
9679 10
9680 32
9681 23
9682 18
9683 30
9684 30
9685 27
9686 31
9687 28
9688 30
9689 30
9690 29
9691 26
9692 25
9693 28
9694 33
9695 31
9696 32
9697 31
9698 37
9699 33
9700 32
9701 28
9702 27
9703 22
9704 20
9705 28
9706 23
9707 28
9708 12
9709 31
9710 30
9711 26
9712 29
9713 30
9714 31
9715 27
9716 32
9717 22
9718 26
9719 27
9720 33
9721 30
9722 32
9723 23
9724 26
9725 20
9726 26
9727 27
9728 31
9729 25
9730 39
9731 39
9732 28
9733 25
9734 24
9735 26
9736 28
9737 16
9738 36
9739 22
9740 29
9741 33
9742 25
9743 33
9744 27
9745 24
9746 26
9747 28
9748 21
9749 23
9750 34
9751 22
9752 23
9753 26
9754 23
9755 25
9756 30
9757 32
9758 28
9759 33
9760 25
9761 25
9762 19
9763 24
9764 31
9765 21
9766 25
9767 21
9768 27
9769 26
9770 17
9771 24
9772 37
9773 15
9774 34
9775 23
9776 31
9777 21
9778 27
9779 24
9780 28
9781 25
9782 30
9783 20
9784 29
9785 27
9786 32
9787 28
9788 29
9789 38
9790 30
9791 17
9792 16
9793 29
9794 33
9795 19
9796 21
9797 30
9798 27
9799 26
9800 33
9801 24
9802 23
9803 25
9804 33
9805 31
9806 33
9807 12
9808 22
9809 29
9810 25
9811 24
9812 26
9813 21
9814 26
9815 27
9816 25
9817 34
9818 32
9819 17
9820 31
9821 28
9822 28
9823 27
9824 32
9825 27
9826 27
9827 20
9828 27
9829 21
9830 29
9831 17
9832 31
9833 31
9834 23
9835 18
9836 18
9837 30
9838 34
9839 23
9840 23
9841 27
9842 25
9843 26
9844 23
9845 30
9846 25
9847 30
9848 29
9849 20
9850 26
9851 20
9852 29
9853 25
9854 25
9855 26
9856 17
9857 32
9858 28
9859 23
9860 25
9861 22
9862 23
9863 33
9864 26
9865 29
9866 31
9867 34
9868 17
9869 26
9870 20
9871 33
9872 28
9873 20
9874 25
9875 26
9876 26
9877 29
9878 22
9879 24
9880 22
9881 21
9882 25
9883 27
9884 18
9885 23
9886 27
9887 42
9888 32
9889 18
9890 20
9891 33
9892 28
9893 27
9894 22
9895 19
9896 24
9897 26
9898 23
9899 29
9900 28
9901 24
9902 31
9903 24
9904 30
9905 25
9906 16
9907 33
9908 24
9909 20
9910 23
9911 33
9912 19
9913 27
9914 23
9915 26
9916 20
9917 28
9918 23
9919 22
9920 21
9921 28
9922 22
9923 27
9924 20
9925 24
9926 28
9927 29
9928 33
9929 27
9930 25
9931 33
9932 28
9933 32
9934 27
9935 17
9936 32
9937 19
9938 22
9939 22
9940 22
9941 16
9942 30
9943 20
9944 32
9945 27
9946 33
9947 23
9948 24
9949 20
9950 26
9951 24
9952 19
9953 28
9954 24
9955 33
9956 22
9957 32
9958 19
9959 24
9960 32
9961 34
9962 24
9963 28
9964 25
9965 27
9966 30
9967 26
9968 22
9969 25
9970 23
9971 32
9972 29
9973 27
9974 26
9975 20
9976 20
9977 19
9978 22
9979 28
9980 25
9981 19
9982 16
9983 24
9984 25
9985 37
9986 34
9987 23
9988 21
9989 31
9990 30
9991 25
9992 27
9993 35
9994 23
9995 24
9996 31
9997 37
9998 23
9999 34
10000 14
10001 361473
