# Title:27-mer spectra for: 63
# XLabel:27-mer frequency
# YLabel:# distinct 27-mers
# Kmer value:27
# Input 1:<pipe>
###
1 4968342175
2 378445174
3 119551130
4 58124832
5 34575406
6 23361712
7 16951236
8 12939204
9 10219892
10 8284181
11 6874399
12 5791728
13 4950529
14 4278938
15 3735477
16 3285068
17 2913408
18 2609357
19 2356164
20 2140225
21 1966202
22 1812440
23 1680592
24 1573781
25 1474668
26 1375590
27 1292848
28 1209677
29 1134320
30 1055975
31 985689
32 918715
33 857107
34 804470
35 757303
36 715109
37 684959
38 663815
39 651306
40 648965
41 661617
42 680878
43 712774
44 757868
45 813852
46 884861
47 966302
48 1061934
49 1159258
50 1272028
51 1387268
52 1512663
53 1641991
54 1774861
55 1908667
56 2029939
57 2153715
58 2256975
59 2363054
60 2447408
61 2516065
62 2580751
63 2613391
64 2636285
65 2640259
66 2622333
67 2584991
68 2534462
69 2464599
70 2383080
71 2292392
72 2190877
73 2090133
74 1978335
75 1860116
76 1745261
77 1630339
78 1517740
79 1411382
80 1304485
81 1203974
82 1110467
83 1027645
84 953845
85 883739
86 822899
87 773882
88 735756
89 700131
90 678591
91 665789
92 657894
93 660454
94 671358
95 688378
96 715385
97 749942
98 791961
99 843460
100 897348
101 963974
102 1030528
103 1109032
104 1188866
105 1277285
106 1368194
107 1464132
108 1567532
109 1677638
110 1784275
111 1892830
112 2000076
113 2109279
114 2223800
115 2333149
116 2439292
117 2538374
118 2638596
119 2729154
120 2818050
121 2902127
122 2969018
123 3033712
124 3083155
125 3128286
126 3164253
127 3190040
128 3204527
129 3210247
130 3208069
131 3195550
132 3172721
133 3139591
134 3099196
135 3042695
136 2991995
137 2922237
138 2850061
139 2767056
140 2687656
141 2600186
142 2506534
143 2410192
144 2314495
145 2219217
146 2123089
147 2022189
148 1927946
149 1829048
150 1733958
151 1640344
152 1546199
153 1456834
154 1366922
155 1283251
156 1201024
157 1125343
158 1050193
159 979673
160 912497
161 848536
162 789988
163 736493
164 682552
165 635854
166 591390
167 550258
168 511914
169 480058
170 446599
171 417816
172 389983
173 366333
174 342827
175 322682
176 306605
177 289625
178 274521
179 263625
180 251343
181 240845
182 231129
183 223525
184 216549
185 210942
186 204877
187 200196
188 195540
189 192521
190 188770
191 185871
192 183465
193 181055
194 179365
195 176907
196 175802
197 173549
198 172625
199 170136
200 170099
201 168820
202 168009
203 166584
204 164861
205 163420
206 161840
207 160599
208 157936
209 157378
210 155351
211 154697
212 152761
213 150910
214 150641
215 148349
216 145736
217 144156
218 142176
219 140151
220 139571
221 138385
222 137432
223 135839
224 134847
225 134211
226 133196
227 132274
228 131508
229 130700
230 130547
231 129667
232 129150
233 128435
234 128413
235 127211
236 128031
237 128327
238 128705
239 128342
240 128894
241 129362
242 128657
243 129952
244 130616
245 131092
246 131208
247 132086
248 133172
249 132933
250 133182
251 133649
252 134034
253 134332
254 134655
255 135054
256 135439
257 135716
258 135029
259 136330
260 135790
261 135888
262 135957
263 135343
264 135483
265 134767
266 134573
267 133664
268 133744
269 133249
270 132267
271 131216
272 131060
273 130775
274 129539
275 128857
276 126637
277 124789
278 124672
279 122784
280 122290
281 121375
282 120336
283 120044
284 117655
285 115963
286 115514
287 112900
288 111134
289 109554
290 108418
291 106948
292 105480
293 103678
294 101838
295 100470
296 98501
297 97369
298 96339
299 95212
300 93904
301 92224
302 90445
303 89586
304 88148
305 86374
306 85427
307 84047
308 82477
309 81151
310 79661
311 78584
312 78672
313 77229
314 76104
315 74953
316 73463
317 72555
318 71573
319 70959
320 69822
321 69474
322 68083
323 67150
324 67265
325 66222
326 65256
327 65260
328 64185
329 63267
330 62304
331 61641
332 60667
333 60301
334 59247
335 58752
336 58728
337 57747
338 57874
339 57208
340 56634
341 56175
342 56450
343 55201
344 55316
345 55285
346 54912
347 54099
348 54357
349 53297
350 52985
351 53315
352 52726
353 52894
354 52107
355 51830
356 51343
357 51434
358 50747
359 50502
360 50063
361 49451
362 49409
363 49048
364 49305
365 48579
366 48581
367 48029
368 48350
369 47954
370 47315
371 46890
372 47254
373 46719
374 46387
375 46143
376 45756
377 45937
378 45653
379 45372
380 44894
381 45103
382 45068
383 44546
384 44749
385 44824
386 44830
387 44298
388 44048
389 43866
390 43996
391 43709
392 43921
393 43515
394 43211
395 43109
396 42881
397 42876
398 43077
399 42768
400 42702
401 42453
402 41853
403 41455
404 41815
405 41284
406 41429
407 41237
408 41038
409 40914
410 40397
411 40063
412 40390
413 40300
414 39671
415 39367
416 39315
417 39023
418 39212
419 38756
420 38802
421 38341
422 38158
423 37811
424 37984
425 37736
426 37603
427 37278
428 36803
429 36807
430 36594
431 36105
432 36178
433 36008
434 35923
435 35857
436 35370
437 35123
438 35189
439 34771
440 34590
441 33794
442 34225
443 33777
444 33388
445 33605
446 33554
447 33001
448 32936
449 32869
450 32119
451 32281
452 32187
453 31619
454 31184
455 31398
456 31118
457 31012
458 31109
459 30390
460 30979
461 30544
462 30621
463 30253
464 30140
465 29708
466 29673
467 29282
468 29048
469 29298
470 28828
471 28861
472 28414
473 28443
474 28535
475 28239
476 27995
477 27813
478 27675
479 27617
480 27235
481 27069
482 27056
483 27040
484 26995
485 26772
486 26582
487 26673
488 26354
489 26227
490 25928
491 25855
492 25797
493 25755
494 25589
495 25327
496 25410
497 25338
498 25417
499 25061
500 24833
501 24765
502 25013
503 24375
504 24378
505 24278
506 24299
507 23673
508 23725
509 23930
510 23661
511 23689
512 23404
513 23462
514 22988
515 23214
516 23253
517 22885
518 22732
519 22532
520 22915
521 22854
522 22887
523 22630
524 22683
525 22983
526 22684
527 22504
528 22264
529 22395
530 22274
531 22244
532 21956
533 21806
534 21942
535 21700
536 21443
537 21622
538 21534
539 21503
540 21542
541 21436
542 21111
543 21301
544 21194
545 20865
546 20872
547 20723
548 20799
549 20684
550 20391
551 20393
552 20353
553 20143
554 20008
555 20292
556 19707
557 19644
558 19533
559 19685
560 19341
561 19398
562 19583
563 19183
564 19198
565 18892
566 19139
567 19058
568 18954
569 18950
570 18738
571 18812
572 18624
573 18327
574 18515
575 18375
576 18249
577 18237
578 18240
579 18167
580 18141
581 18139
582 18029
583 17854
584 17851
585 17680
586 17669
587 17696
588 17530
589 17413
590 17523
591 17346
592 17360
593 17431
594 17285
595 17387
596 17219
597 17023
598 17271
599 16918
600 16796
601 16927
602 16886
603 16705
604 16433
605 16353
606 16385
607 16086
608 16058
609 16055
610 16176
611 15871
612 15839
613 15640
614 15988
615 15746
616 15970
617 15560
618 15528
619 15580
620 15283
621 15409
622 15302
623 15224
624 15195
625 15436
626 15136
627 15093
628 15284
629 15108
630 14878
631 15038
632 14964
633 15032
634 14706
635 14951
636 14608
637 14598
638 14162
639 14222
640 14290
641 14143
642 14135
643 14088
644 14152
645 13942
646 13577
647 13751
648 13763
649 13682
650 13675
651 13956
652 13925
653 13873
654 13691
655 13504
656 13793
657 13880
658 13616
659 13456
660 13411
661 13571
662 13308
663 13528
664 13117
665 13204
666 13082
667 13097
668 13044
669 12945
670 12892
671 12928
672 12814
673 12930
674 12968
675 13025
676 13040
677 12841
678 12909
679 12670
680 12605
681 12573
682 12485
683 12564
684 12475
685 12357
686 12295
687 12458
688 12139
689 12371
690 12177
691 11898
692 11937
693 11907
694 11971
695 11765
696 11605
697 11643
698 11463
699 11579
700 11514
701 11425
702 11602
703 11446
704 11577
705 11412
706 11421
707 11455
708 11525
709 11428
710 11340
711 11372
712 11560
713 11348
714 11308
715 11362
716 11501
717 11042
718 11315
719 11051
720 11048
721 11045
722 10939
723 10998
724 11086
725 10734
726 10888
727 10961
728 10807
729 10770
730 10728
731 10700
732 10636
733 10466
734 10546
735 10524
736 10434
737 10541
738 10494
739 10518
740 10513
741 10510
742 10297
743 10392
744 10289
745 10202
746 10111
747 10194
748 10165
749 10145
750 10253
751 10021
752 10218
753 9843
754 10157
755 9919
756 9711
757 10194
758 9818
759 9773
760 9670
761 9752
762 9523
763 9697
764 9591
765 9510
766 9757
767 9452
768 9355
769 9459
770 9556
771 9521
772 9376
773 9420
774 9307
775 9453
776 9192
777 9207
778 9449
779 9323
780 9178
781 9468
782 9422
783 9226
784 9166
785 9091
786 9169
787 9077
788 9128
789 9010
790 8997
791 8984
792 8734
793 8871
794 8851
795 8828
796 8687
797 8798
798 8763
799 8770
800 8780
801 8700
802 8610
803 8690
804 8753
805 8740
806 8727
807 8576
808 8662
809 8610
810 8519
811 8399
812 8446
813 8376
814 8584
815 8373
816 8360
817 8296
818 8135
819 8343
820 8224
821 8297
822 8413
823 8168
824 8185
825 8187
826 8204
827 8065
828 8150
829 8189
830 8126
831 8008
832 7894
833 7988
834 7914
835 7994
836 8115
837 7986
838 7816
839 7618
840 7840
841 7678
842 7613
843 7650
844 7772
845 7793
846 7558
847 7689
848 7731
849 7564
850 7719
851 7673
852 7730
853 7784
854 7746
855 7558
856 7586
857 7519
858 7730
859 7462
860 7433
861 7513
862 7558
863 7327
864 7307
865 7282
866 7449
867 7341
868 7443
869 7486
870 7346
871 7361
872 7386
873 7426
874 7315
875 7310
876 7417
877 7417
878 7365
879 7408
880 7294
881 7210
882 7351
883 7382
884 7237
885 7294
886 7209
887 7227
888 7163
889 7014
890 7181
891 7036
892 7002
893 6945
894 7005
895 6855
896 6962
897 6812
898 6969
899 7023
900 6880
901 6762
902 6823
903 6716
904 6666
905 6796
906 6635
907 6758
908 6682
909 6648
910 6789
911 6834
912 6806
913 6868
914 6718
915 6603
916 6677
917 6792
918 6551
919 6629
920 6568
921 6677
922 6561
923 6540
924 6478
925 6531
926 6549
927 6433
928 6531
929 6504
930 6477
931 6453
932 6449
933 6329
934 6107
935 6365
936 6564
937 6341
938 6393
939 6398
940 6387
941 6253
942 6287
943 6156
944 5924
945 6198
946 6288
947 6113
948 6248
949 6189
950 6102
951 6335
952 6061
953 6007
954 6029
955 5986
956 6133
957 6124
958 6027
959 5935
960 6094
961 5980
962 5876
963 5986
964 5975
965 6071
966 6018
967 5949
968 5858
969 5800
970 5737
971 5714
972 5750
973 5808
974 5803
975 5865
976 5907
977 5685
978 5859
979 5642
980 5752
981 5727
982 5620
983 5740
984 5680
985 5854
986 5694
987 5659
988 5646
989 5617
990 5683
991 5508
992 5540
993 5550
994 5449
995 5526
996 5544
997 5520
998 5555
999 5577
1000 5552
1001 5441
1002 5437
1003 5406
1004 5308
1005 5299
1006 5447
1007 5512
1008 5292
1009 5390
1010 5371
1011 5458
1012 5332
1013 5286
1014 5297
1015 5287
1016 5437
1017 5311
1018 5308
1019 5224
1020 5268
1021 5093
1022 5193
1023 5133
1024 5180
1025 5276
1026 5206
1027 5200
1028 5176
1029 5184
1030 5209
1031 5054
1032 5026
1033 5203
1034 5071
1035 5150
1036 5107
1037 5240
1038 5233
1039 5018
1040 5008
1041 5122
1042 5040
1043 5034
1044 5033
1045 4976
1046 5036
1047 4954
1048 4943
1049 5019
1050 4924
1051 4940
1052 5005
1053 4885
1054 5001
1055 4966
1056 4690
1057 5015
1058 4887
1059 4762
1060 4755
1061 4786
1062 4851
1063 4768
1064 4783
1065 4700
1066 4720
1067 4682
1068 4696
1069 4773
1070 4612
1071 4666
1072 4814
1073 4696
1074 4636
1075 4570
1076 4672
1077 4567
1078 4553
1079 4525
1080 4586
1081 4554
1082 4492
1083 4588
1084 4509
1085 4437
1086 4668
1087 4475
1088 4551
1089 4614
1090 4448
1091 4630
1092 4540
1093 4590
1094 4581
1095 4477
1096 4638
1097 4612
1098 4435
1099 4432
1100 4608
1101 4479
1102 4438
1103 4531
1104 4377
1105 4444
1106 4503
1107 4457
1108 4450
1109 4563
1110 4468
1111 4479
1112 4488
1113 4490
1114 4237
1115 4412
1116 4434
1117 4390
1118 4396
1119 4279
1120 4238
1121 4455
1122 4376
1123 4337
1124 4347
1125 4359
1126 4397
1127 4367
1128 4272
1129 4254
1130 4348
1131 4022
1132 4115
1133 4327
1134 4267
1135 4321
1136 4157
1137 4304
1138 4229
1139 4195
1140 4146
1141 4189
1142 4156
1143 4196
1144 3973
1145 4076
1146 4073
1147 4020
1148 4024
1149 4050
1150 4178
1151 3968
1152 4058
1153 4023
1154 3924
1155 3946
1156 3936
1157 3963
1158 4035
1159 3930
1160 3986
1161 4022
1162 3948
1163 3987
1164 4071
1165 3995
1166 3982
1167 3880
1168 3963
1169 3807
1170 3905
1171 3832
1172 3891
1173 3893
1174 3978
1175 3795
1176 3991
1177 3971
1178 3817
1179 3834
1180 3867
1181 3825
1182 3804
1183 3790
1184 3728
1185 3724
1186 3804
1187 3672
1188 3742
1189 3841
1190 3768
1191 3765
1192 3621
1193 3751
1194 3759
1195 3718
1196 3835
1197 3707
1198 3765
1199 3720
1200 3798
1201 3683
1202 3660
1203 3723
1204 3566
1205 3550
1206 3581
1207 3690
1208 3558
1209 3742
1210 3681
1211 3665
1212 3604
1213 3618
1214 3643
1215 3654
1216 3724
1217 3679
1218 3523
1219 3628
1220 3561
1221 3523
1222 3590
1223 3485
1224 3573
1225 3478
1226 3445
1227 3545
1228 3529
1229 3504
1230 3452
1231 3504
1232 3567
1233 3446
1234 3470
1235 3437
1236 3475
1237 3398
1238 3438
1239 3415
1240 3354
1241 3457
1242 3559
1243 3379
1244 3477
1245 3547
1246 3434
1247 3443
1248 3468
1249 3401
1250 3449
1251 3505
1252 3491
1253 3358
1254 3435
1255 3368
1256 3429
1257 3461
1258 3393
1259 3380
1260 3382
1261 3364
1262 3414
1263 3405
1264 3313
1265 3374
1266 3217
1267 3355
1268 3283
1269 3198
1270 3190
1271 3288
1272 3159
1273 3274
1274 3310
1275 3291
1276 3274
1277 3223
1278 3206
1279 3222
1280 3356
1281 3274
1282 3353
1283 3236
1284 3335
1285 3241
1286 3253
1287 3275
1288 3231
1289 3277
1290 3319
1291 3262
1292 3340
1293 3147
1294 3281
1295 3190
1296 3230
1297 3195
1298 3099
1299 3208
1300 3121
1301 3248
1302 3067
1303 3097
1304 3190
1305 3169
1306 3238
1307 3088
1308 3171
1309 3183
1310 3210
1311 3066
1312 3012
1313 3091
1314 3113
1315 2976
1316 2973
1317 3002
1318 3027
1319 2939
1320 3048
1321 2938
1322 3032
1323 3028
1324 2984
1325 3005
1326 2922
1327 2986
1328 3029
1329 3035
1330 3021
1331 3037
1332 2993
1333 2942
1334 2902
1335 2980
1336 2926
1337 3113
1338 3025
1339 3100
1340 3019
1341 2962
1342 3006
1343 2984
1344 2971
1345 2982
1346 2992
1347 2917
1348 2873
1349 2919
1350 2991
1351 2913
1352 2902
1353 2942
1354 2988
1355 2891
1356 2972
1357 2870
1358 2963
1359 2985
1360 2958
1361 2958
1362 2874
1363 2845
1364 2875
1365 2758
1366 2880
1367 2858
1368 2845
1369 2866
1370 2798
1371 2882
1372 2735
1373 2889
1374 2853
1375 2814
1376 2822
1377 2850
1378 2781
1379 2868
1380 2803
1381 2782
1382 2788
1383 2893
1384 2751
1385 2807
1386 2734
1387 2811
1388 2766
1389 2751
1390 2803
1391 2715
1392 2775
1393 2716
1394 2747
1395 2831
1396 2681
1397 2732
1398 2745
1399 2760
1400 2743
1401 2812
1402 2805
1403 2735
1404 2560
1405 2752
1406 2697
1407 2704
1408 2791
1409 2761
1410 2773
1411 2683
1412 2746
1413 2772
1414 2697
1415 2667
1416 2781
1417 2686
1418 2718
1419 2631
1420 2774
1421 2640
1422 2677
1423 2670
1424 2613
1425 2662
1426 2709
1427 2613
1428 2657
1429 2535
1430 2634
1431 2579
1432 2596
1433 2616
1434 2548
1435 2474
1436 2427
1437 2510
1438 2518
1439 2519
1440 2450
1441 2592
1442 2566
1443 2466
1444 2528
1445 2583
1446 2587
1447 2620
1448 2534
1449 2577
1450 2558
1451 2533
1452 2635
1453 2598
1454 2570
1455 2531
1456 2537
1457 2431
1458 2592
1459 2460
1460 2439
1461 2412
1462 2608
1463 2491
1464 2479
1465 2511
1466 2410
1467 2471
1468 2370
1469 2466
1470 2547
1471 2571
1472 2496
1473 2550
1474 2501
1475 2561
1476 2484
1477 2550
1478 2469
1479 2420
1480 2528
1481 2491
1482 2449
1483 2442
1484 2510
1485 2525
1486 2509
1487 2439
1488 2505
1489 2476
1490 2409
1491 2451
1492 2468
1493 2508
1494 2489
1495 2384
1496 2468
1497 2394
1498 2449
1499 2408
1500 2427
1501 2498
1502 2430
1503 2318
1504 2351
1505 2354
1506 2352
1507 2347
1508 2305
1509 2346
1510 2304
1511 2306
1512 2363
1513 2422
1514 2361
1515 2352
1516 2343
1517 2338
1518 2310
1519 2332
1520 2382
1521 2316
1522 2361
1523 2304
1524 2287
1525 2338
1526 2304
1527 2280
1528 2254
1529 2296
1530 2354
1531 2472
1532 2379
1533 2340
1534 2340
1535 2309
1536 2302
1537 2263
1538 2357
1539 2263
1540 2319
1541 2292
1542 2164
1543 2249
1544 2270
1545 2367
1546 2197
1547 2253
1548 2162
1549 2262
1550 2246
1551 2241
1552 2245
1553 2235
1554 2321
1555 2296
1556 2272
1557 2275
1558 2273
1559 2209
1560 2261
1561 2140
1562 2245
1563 2270
1564 2211
1565 2277
1566 2230
1567 2264
1568 2337
1569 2228
1570 2269
1571 2236
1572 2310
1573 2192
1574 2173
1575 2202
1576 2256
1577 2164
1578 2172
1579 2254
1580 2175
1581 2247
1582 2257
1583 2214
1584 2248
1585 2215
1586 2293
1587 2198
1588 2159
1589 2175
1590 2205
1591 2207
1592 2187
1593 2249
1594 2287
1595 2261
1596 2149
1597 2196
1598 2272
1599 2164
1600 2166
1601 2177
1602 2250
1603 2199
1604 2193
1605 2098
1606 2164
1607 2265
1608 2193
1609 2219
1610 2152
1611 2180
1612 2150
1613 2171
1614 2150
1615 2153
1616 2100
1617 2180
1618 2175
1619 2120
1620 2165
1621 2149
1622 2080
1623 2106
1624 2103
1625 2120
1626 2099
1627 2148
1628 2195
1629 2094
1630 2063
1631 2121
1632 2090
1633 2081
1634 2118
1635 2136
1636 2129
1637 2197
1638 2043
1639 2041
1640 2077
1641 2123
1642 2099
1643 2081
1644 2157
1645 2066
1646 2103
1647 2110
1648 2172
1649 2059
1650 2125
1651 2127
1652 2099
1653 2140
1654 2052
1655 2070
1656 2076
1657 2055
1658 2144
1659 2050
1660 2030
1661 2091
1662 1993
1663 2104
1664 2101
1665 2027
1666 2048
1667 2047
1668 2037
1669 2024
1670 2065
1671 2124
1672 2094
1673 2107
1674 2064
1675 2131
1676 2038
1677 2005
1678 2143
1679 2079
1680 2060
1681 2178
1682 2027
1683 2129
1684 2095
1685 2054
1686 2055
1687 2039
1688 2041
1689 2039
1690 2026
1691 2024
1692 1936
1693 2017
1694 1955
1695 1924
1696 1925
1697 1951
1698 1973
1699 1929
1700 1903
1701 1891
1702 1907
1703 1834
1704 1938
1705 1907
1706 1919
1707 1966
1708 1869
1709 1884
1710 1917
1711 1917
1712 1894
1713 1939
1714 1899
1715 1845
1716 1935
1717 1952
1718 1927
1719 1888
1720 1866
1721 1831
1722 1857
1723 1885
1724 1908
1725 1830
1726 1962
1727 1836
1728 1905
1729 1916
1730 1927
1731 1918
1732 1919
1733 1953
1734 1919
1735 1941
1736 1926
1737 2008
1738 1984
1739 2002
1740 1948
1741 1953
1742 1973
1743 1991
1744 1993
1745 1925
1746 1950
1747 1967
1748 1973
1749 1905
1750 2014
1751 1893
1752 1911
1753 1935
1754 1957
1755 1956
1756 1944
1757 1790
1758 1942
1759 1987
1760 1897
1761 1909
1762 1935
1763 1918
1764 1780
1765 1940
1766 1917
1767 1946
1768 1910
1769 1918
1770 2001
1771 1971
1772 1991
1773 1921
1774 1976
1775 1954
1776 1965
1777 1889
1778 1959
1779 1984
1780 1889
1781 1904
1782 1876
1783 1785
1784 1897
1785 1875
1786 1906
1787 1909
1788 1944
1789 1857
1790 1876
1791 1899
1792 1890
1793 1889
1794 1838
1795 1855
1796 1856
1797 1917
1798 1867
1799 1856
1800 1973
1801 1835
1802 1873
1803 1891
1804 1966
1805 1839
1806 1877
1807 1853
1808 1916
1809 1827
1810 1894
1811 1759
1812 1910
1813 1939
1814 1854
1815 1927
1816 1896
1817 1892
1818 1961
1819 1936
1820 1944
1821 1884
1822 1852
1823 1869
1824 1834
1825 1877
1826 1866
1827 1811
1828 1887
1829 1867
1830 1928
1831 1833
1832 1792
1833 1898
1834 1826
1835 1815
1836 1884
1837 1784
1838 1891
1839 1799
1840 1839
1841 1803
1842 1842
1843 1842
1844 1884
1845 1801
1846 1796
1847 1905
1848 1835
1849 1939
1850 1874
1851 1877
1852 1869
1853 1852
1854 1828
1855 1855
1856 1852
1857 1759
1858 1865
1859 1817
1860 1858
1861 1817
1862 1827
1863 1875
1864 1911
1865 1852
1866 1795
1867 1849
1868 1855
1869 1834
1870 1853
1871 1786
1872 1875
1873 1796
1874 1858
1875 1916
1876 1861
1877 1810
1878 1971
1879 1794
1880 1863
1881 1867
1882 1995
1883 1901
1884 1954
1885 1904
1886 1805
1887 1925
1888 1822
1889 1873
1890 1883
1891 1874
1892 1870
1893 1888
1894 1867
1895 1887
1896 1924
1897 1927
1898 1909
1899 1966
1900 1912
1901 1910
1902 1835
1903 1903
1904 1891
1905 1853
1906 1898
1907 1805
1908 1827
1909 1734
1910 1915
1911 1884
1912 1900
1913 1780
1914 1878
1915 1865
1916 1793
1917 1891
1918 1869
1919 1826
1920 1899
1921 1855
1922 1887
1923 1853
1924 1813
1925 1889
1926 1860
1927 1851
1928 1896
1929 1870
1930 1915
1931 1893
1932 1867
1933 1886
1934 1862
1935 1830
1936 1908
1937 1864
1938 1906
1939 1827
1940 1885
1941 1905
1942 1920
1943 1913
1944 1886
1945 1851
1946 1849
1947 1854
1948 1863
1949 1876
1950 1971
1951 1916
1952 1867
1953 1922
1954 1924
1955 1936
1956 1867
1957 1958
1958 1987
1959 1975
1960 1930
1961 1995
1962 1934
1963 2027
1964 2005
1965 1913
1966 1919
1967 1876
1968 1922
1969 1975
1970 1917
1971 1857
1972 1868
1973 1941
1974 1940
1975 1908
1976 2033
1977 1943
1978 1981
1979 1969
1980 1994
1981 1947
1982 1969
1983 1941
1984 1976
1985 1967
1986 1924
1987 1942
1988 1988
1989 1953
1990 1893
1991 1931
1992 1902
1993 1915
1994 1959
1995 1961
1996 2031
1997 1951
1998 1974
1999 2011
2000 1920
2001 1950
2002 1993
2003 2017
2004 1903
2005 2040
2006 1952
2007 1966
2008 1993
2009 2004
2010 1981
2011 1973
2012 2016
2013 1937
2014 1959
2015 1962
2016 1932
2017 2097
2018 1991
2019 1912
2020 2008
2021 2006
2022 1996
2023 2032
2024 1988
2025 1948
2026 1992
2027 1906
2028 2033
2029 1976
2030 2021
2031 1955
2032 1966
2033 1999
2034 1951
2035 1879
2036 2070
2037 1917
2038 1995
2039 1897
2040 1920
2041 1988
2042 1959
2043 2011
2044 1986
2045 1887
2046 1935
2047 2001
2048 1852
2049 1894
2050 1979
2051 1931
2052 1980
2053 1931
2054 1908
2055 1944
2056 1962
2057 2017
2058 1996
2059 2010
2060 1944
2061 1963
2062 1913
2063 1977
2064 1986
2065 1918
2066 1883
2067 1853
2068 1877
2069 1924
2070 1935
2071 1885
2072 1927
2073 1956
2074 1950
2075 1998
2076 1951
2077 1955
2078 1851
2079 1962
2080 1971
2081 1905
2082 2008
2083 1958
2084 1982
2085 1913
2086 1872
2087 1902
2088 1894
2089 1945
2090 1975
2091 1926
2092 1886
2093 1867
2094 1950
2095 1957
2096 1900
2097 1900
2098 1818
2099 1835
2100 1927
2101 1899
2102 1915
2103 1945
2104 1904
2105 1954
2106 1950
2107 1832
2108 1863
2109 1909
2110 1852
2111 1919
2112 1866
2113 1862
2114 1891
2115 1905
2116 1802
2117 1852
2118 1845
2119 1938
2120 1937
2121 1776
2122 1828
2123 1911
2124 1851
2125 1845
2126 1856
2127 1862
2128 1898
2129 1874
2130 1844
2131 1808
2132 1874
2133 1825
2134 1768
2135 1809
2136 1790
2137 1820
2138 1857
2139 1796
2140 1810
2141 1819
2142 1829
2143 1800
2144 1811
2145 1807
2146 1826
2147 1809
2148 1827
2149 1860
2150 1789
2151 1790
2152 1791
2153 1749
2154 1833
2155 1865
2156 1800
2157 1793
2158 1796
2159 1776
2160 1825
2161 1773
2162 1749
2163 1776
2164 1815
2165 1770
2166 1731
2167 1722
2168 1725
2169 1724
2170 1738
2171 1734
2172 1681
2173 1711
2174 1830
2175 1758
2176 1780
2177 1752
2178 1709
2179 1810
2180 1796
2181 1750
2182 1718
2183 1760
2184 1778
2185 1765
2186 1717
2187 1769
2188 1711
2189 1668
2190 1734
2191 1850
2192 1842
2193 1698
2194 1744
2195 1754
2196 1829
2197 1728
2198 1758
2199 1796
2200 1758
2201 1765
2202 1806
2203 1709
2204 1694
2205 1786
2206 1764
2207 1709
2208 1705
2209 1690
2210 1694
2211 1727
2212 1724
2213 1784
2214 1699
2215 1768
2216 1708
2217 1705
2218 1715
2219 1753
2220 1689
2221 1707
2222 1679
2223 1687
2224 1712
2225 1753
2226 1736
2227 1736
2228 1748
2229 1663
2230 1695
2231 1775
2232 1751
2233 1744
2234 1714
2235 1647
2236 1702
2237 1685
2238 1664
2239 1675
2240 1672
2241 1662
2242 1682
2243 1642
2244 1682
2245 1648
2246 1702
2247 1687
2248 1679
2249 1665
2250 1610
2251 1653
2252 1720
2253 1657
2254 1625
2255 1694
2256 1729
2257 1649
2258 1629
2259 1653
2260 1681
2261 1691
2262 1594
2263 1668
2264 1581
2265 1651
2266 1665
2267 1653
2268 1656
2269 1656
2270 1634
2271 1632
2272 1629
2273 1569
2274 1688
2275 1623
2276 1625
2277 1578
2278 1561
2279 1628
2280 1559
2281 1598
2282 1534
2283 1570
2284 1653
2285 1560
2286 1602
2287 1660
2288 1640
2289 1704
2290 1598
2291 1565
2292 1609
2293 1663
2294 1697
2295 1629
2296 1683
2297 1573
2298 1603
2299 1634
2300 1605
2301 1624
2302 1566
2303 1555
2304 1577
2305 1488
2306 1597
2307 1586
2308 1553
2309 1535
2310 1492
2311 1512
2312 1517
2313 1418
2314 1483
2315 1484
2316 1499
2317 1430
2318 1542
2319 1516
2320 1530
2321 1418
2322 1521
2323 1471
2324 1488
2325 1487
2326 1489
2327 1455
2328 1463
2329 1427
2330 1472
2331 1493
2332 1477
2333 1422
2334 1458
2335 1441
2336 1391
2337 1490
2338 1441
2339 1512
2340 1474
2341 1496
2342 1446
2343 1368
2344 1482
2345 1422
2346 1548
2347 1429
2348 1420
2349 1449
2350 1517
2351 1429
2352 1419
2353 1371
2354 1450
2355 1403
2356 1392
2357 1374
2358 1358
2359 1331
2360 1355
2361 1374
2362 1351
2363 1412
2364 1378
2365 1407
2366 1353
2367 1353
2368 1340
2369 1399
2370 1335
2371 1302
2372 1331
2373 1374
2374 1358
2375 1340
2376 1350
2377 1331
2378 1357
2379 1302
2380 1338
2381 1277
2382 1388
2383 1303
2384 1326
2385 1354
2386 1303
2387 1256
2388 1337
2389 1356
2390 1327
2391 1275
2392 1315
2393 1395
2394 1303
2395 1291
2396 1273
2397 1289
2398 1348
2399 1270
2400 1345
2401 1305
2402 1289
2403 1283
2404 1311
2405 1272
2406 1193
2407 1251
2408 1249
2409 1258
2410 1270
2411 1303
2412 1287
2413 1276
2414 1269
2415 1218
2416 1262
2417 1249
2418 1231
2419 1226
2420 1283
2421 1262
2422 1248
2423 1239
2424 1176
2425 1232
2426 1191
2427 1222
2428 1205
2429 1223
2430 1259
2431 1188
2432 1138
2433 1197
2434 1105
2435 1160
2436 1224
2437 1191
2438 1157
2439 1169
2440 1210
2441 1166
2442 1185
2443 1160
2444 1116
2445 1192
2446 1174
2447 1175
2448 1194
2449 1225
2450 1187
2451 1150
2452 1171
2453 1153
2454 1176
2455 1141
2456 1165
2457 1151
2458 1079
2459 1112
2460 1108
2461 1056
2462 1174
2463 1098
2464 1098
2465 1111
2466 1165
2467 1106
2468 1094
2469 1127
2470 1148
2471 1075
2472 1092
2473 1133
2474 1141
2475 1136
2476 1085
2477 1065
2478 1106
2479 1091
2480 1149
2481 1067
2482 1159
2483 1178
2484 1147
2485 1099
2486 1046
2487 1103
2488 1157
2489 1156
2490 1112
2491 1144
2492 1120
2493 1074
2494 1092
2495 1069
2496 1108
2497 1156
2498 1092
2499 1066
2500 1132
2501 1049
2502 1040
2503 1063
2504 1132
2505 1077
2506 1080
2507 1109
2508 1085
2509 1054
2510 1082
2511 1059
2512 1064
2513 1061
2514 1021
2515 1072
2516 1015
2517 1050
2518 1076
2519 1073
2520 1014
2521 1089
2522 1061
2523 1083
2524 1053
2525 1033
2526 1058
2527 1078
2528 1076
2529 1013
2530 1053
2531 1088
2532 1000
2533 1006
2534 1016
2535 998
2536 1024
2537 984
2538 1003
2539 1060
2540 1002
2541 1018
2542 998
2543 1059
2544 1011
2545 1057
2546 947
2547 990
2548 1040
2549 1023
2550 934
2551 896
2552 970
2553 918
2554 982
2555 996
2556 950
2557 920
2558 1001
2559 1000
2560 992
2561 969
2562 911
2563 1011
2564 990
2565 1044
2566 997
2567 1006
2568 1005
2569 978
2570 972
2571 974
2572 992
2573 982
2574 999
2575 955
2576 957
2577 920
2578 991
2579 902
2580 899
2581 934
2582 913
2583 929
2584 982
2585 995
2586 931
2587 932
2588 908
2589 921
2590 931
2591 927
2592 939
2593 997
2594 918
2595 950
2596 966
2597 920
2598 956
2599 956
2600 947
2601 933
2602 930
2603 984
2604 926
2605 964
2606 938
2607 961
2608 917
2609 912
2610 974
2611 879
2612 982
2613 913
2614 934
2615 900
2616 941
2617 890
2618 896
2619 898
2620 859
2621 880
2622 883
2623 863
2624 870
2625 910
2626 802
2627 872
2628 893
2629 907
2630 901
2631 895
2632 858
2633 853
2634 867
2635 865
2636 913
2637 859
2638 902
2639 868
2640 842
2641 852
2642 910
2643 913
2644 886
2645 914
2646 871
2647 815
2648 861
2649 896
2650 881
2651 843
2652 922
2653 835
2654 917
2655 817
2656 857
2657 927
2658 869
2659 954
2660 889
2661 877
2662 878
2663 855
2664 872
2665 862
2666 901
2667 868
2668 824
2669 862
2670 847
2671 846
2672 873
2673 831
2674 807
2675 888
2676 830
2677 896
2678 865
2679 860
2680 841
2681 837
2682 934
2683 910
2684 871
2685 834
2686 837
2687 846
2688 912
2689 857
2690 851
2691 848
2692 852
2693 827
2694 843
2695 803
2696 813
2697 830
2698 846
2699 822
2700 826
2701 857
2702 821
2703 795
2704 784
2705 818
2706 803
2707 772
2708 788
2709 787
2710 807
2711 761
2712 796
2713 754
2714 805
2715 807
2716 817
2717 754
2718 818
2719 805
2720 804
2721 788
2722 812
2723 792
2724 795
2725 759
2726 749
2727 802
2728 790
2729 772
2730 748
2731 783
2732 862
2733 777
2734 743
2735 783
2736 768
2737 755
2738 775
2739 827
2740 743
2741 772
2742 792
2743 829
2744 769
2745 787
2746 804
2747 762
2748 774
2749 744
2750 753
2751 803
2752 734
2753 785
2754 734
2755 777
2756 757
2757 718
2758 743
2759 788
2760 788
2761 788
2762 746
2763 689
2764 695
2765 766
2766 710
2767 715
2768 739
2769 732
2770 739
2771 743
2772 759
2773 775
2774 732
2775 725
2776 742
2777 741
2778 710
2779 751
2780 743
2781 750
2782 760
2783 734
2784 749
2785 736
2786 698
2787 744
2788 714
2789 758
2790 738
2791 742
2792 708
2793 724
2794 715
2795 689
2796 725
2797 673
2798 694
2799 738
2800 749
2801 781
2802 716
2803 756
2804 721
2805 721
2806 729
2807 732
2808 719
2809 710
2810 727
2811 763
2812 755
2813 746
2814 700
2815 697
2816 679
2817 705
2818 704
2819 733
2820 747
2821 704
2822 722
2823 717
2824 727
2825 765
2826 812
2827 751
2828 734
2829 669
2830 718
2831 647
2832 710
2833 734
2834 702
2835 692
2836 751
2837 697
2838 667
2839 727
2840 717
2841 712
2842 728
2843 659
2844 695
2845 703
2846 744
2847 756
2848 717
2849 738
2850 682
2851 727
2852 742
2853 703
2854 694
2855 701
2856 704
2857 684
2858 672
2859 718
2860 695
2861 681
2862 669
2863 669
2864 677
2865 652
2866 680
2867 667
2868 656
2869 690
2870 663
2871 626
2872 685
2873 690
2874 662
2875 637
2876 672
2877 727
2878 683
2879 680
2880 667
2881 666
2882 679
2883 643
2884 654
2885 654
2886 659
2887 695
2888 669
2889 655
2890 594
2891 696
2892 636
2893 693
2894 641
2895 694
2896 646
2897 659
2898 635
2899 686
2900 634
2901 686
2902 689
2903 592
2904 676
2905 637
2906 667
2907 644
2908 688
2909 666
2910 675
2911 648
2912 642
2913 663
2914 665
2915 688
2916 656
2917 678
2918 649
2919 674
2920 668
2921 640
2922 641
2923 631
2924 700
2925 618
2926 643
2927 663
2928 631
2929 636
2930 658
2931 671
2932 619
2933 655
2934 609
2935 582
2936 669
2937 664
2938 634
2939 630
2940 670
2941 635
2942 656
2943 625
2944 643
2945 667
2946 642
2947 609
2948 605
2949 678
2950 623
2951 653
2952 627
2953 620
2954 673
2955 663
2956 656
2957 660
2958 688
2959 628
2960 632
2961 612
2962 634
2963 627
2964 682
2965 700
2966 653
2967 631
2968 632
2969 630
2970 646
2971 622
2972 668
2973 639
2974 621
2975 642
2976 610
2977 634
2978 648
2979 634
2980 584
2981 634
2982 607
2983 614
2984 670
2985 638
2986 627
2987 668
2988 586
2989 620
2990 627
2991 571
2992 634
2993 617
2994 651
2995 592
2996 638
2997 658
2998 632
2999 647
3000 571
3001 597
3002 609
3003 576
3004 600
3005 612
3006 609
3007 582
3008 618
3009 607
3010 635
3011 582
3012 627
3013 611
3014 612
3015 562
3016 604
3017 640
3018 616
3019 579
3020 558
3021 591
3022 623
3023 597
3024 579
3025 618
3026 610
3027 607
3028 582
3029 629
3030 615
3031 600
3032 633
3033 608
3034 589
3035 585
3036 648
3037 617
3038 579
3039 627
3040 633
3041 626
3042 601
3043 600
3044 600
3045 606
3046 563
3047 592
3048 591
3049 581
3050 590
3051 617
3052 579
3053 631
3054 560
3055 593
3056 581
3057 594
3058 623
3059 566
3060 587
3061 584
3062 610
3063 597
3064 635
3065 610
3066 594
3067 560
3068 568
3069 592
3070 578
3071 635
3072 629
3073 563
3074 599
3075 597
3076 564
3077 550
3078 547
3079 597
3080 597
3081 568
3082 564
3083 558
3084 571
3085 602
3086 513
3087 582
3088 566
3089 627
3090 594
3091 596
3092 537
3093 528
3094 547
3095 569
3096 585
3097 609
3098 561
3099 558
3100 564
3101 580
3102 552
3103 529
3104 608
3105 539
3106 603
3107 595
3108 586
3109 558
3110 563
3111 595
3112 518
3113 545
3114 580
3115 575
3116 520
3117 599
3118 574
3119 586
3120 579
3121 573
3122 590
3123 545
3124 511
3125 580
3126 552
3127 523
3128 568
3129 606
3130 541
3131 593
3132 542
3133 584
3134 574
3135 544
3136 567
3137 560
3138 557
3139 535
3140 572
3141 521
3142 536
3143 561
3144 537
3145 539
3146 554
3147 541
3148 556
3149 552
3150 550
3151 542
3152 545
3153 534
3154 568
3155 535
3156 575
3157 550
3158 571
3159 528
3160 555
3161 528
3162 544
3163 535
3164 512
3165 526
3166 510
3167 532
3168 581
3169 554
3170 566
3171 559
3172 572
3173 519
3174 534
3175 560
3176 568
3177 538
3178 538
3179 536
3180 569
3181 501
3182 532
3183 527
3184 530
3185 547
3186 562
3187 483
3188 532
3189 537
3190 484
3191 509
3192 555
3193 528
3194 511
3195 555
3196 547
3197 543
3198 533
3199 522
3200 549
3201 537
3202 521
3203 521
3204 527
3205 509
3206 497
3207 537
3208 541
3209 525
3210 501
3211 514
3212 556
3213 573
3214 525
3215 571
3216 502
3217 544
3218 487
3219 508
3220 544
3221 551
3222 575
3223 528
3224 475
3225 515
3226 532
3227 515
3228 536
3229 525
3230 487
3231 523
3232 525
3233 512
3234 512
3235 514
3236 542
3237 530
3238 495
3239 532
3240 532
3241 559
3242 509
3243 499
3244 505
3245 520
3246 490
3247 535
3248 529
3249 516
3250 498
3251 548
3252 546
3253 529
3254 517
3255 487
3256 532
3257 518
3258 518
3259 522
3260 541
3261 491
3262 501
3263 531
3264 514
3265 541
3266 467
3267 499
3268 491
3269 513
3270 499
3271 484
3272 492
3273 489
3274 502
3275 524
3276 538
3277 479
3278 522
3279 502
3280 499
3281 525
3282 555
3283 481
3284 529
3285 533
3286 499
3287 519
3288 501
3289 523
3290 508
3291 478
3292 490
3293 509
3294 504
3295 442
3296 543
3297 505
3298 487
3299 470
3300 456
3301 483
3302 519
3303 490
3304 503
3305 480
3306 499
3307 479
3308 512
3309 479
3310 486
3311 498
3312 510
3313 471
3314 476
3315 482
3316 482
3317 515
3318 491
3319 479
3320 518
3321 514
3322 445
3323 466
3324 520
3325 459
3326 480
3327 445
3328 463
3329 460
3330 477
3331 451
3332 499
3333 441
3334 514
3335 488
3336 488
3337 447
3338 448
3339 471
3340 527
3341 514
3342 450
3343 484
3344 466
3345 477
3346 471
3347 442
3348 454
3349 500
3350 453
3351 477
3352 484
3353 455
3354 465
3355 522
3356 440
3357 478
3358 487
3359 494
3360 459
3361 488
3362 467
3363 474
3364 509
3365 500
3366 509
3367 462
3368 467
3369 500
3370 506
3371 506
3372 506
3373 489
3374 474
3375 478
3376 511
3377 479
3378 484
3379 495
3380 500
3381 450
3382 483
3383 501
3384 467
3385 473
3386 472
3387 472
3388 433
3389 441
3390 457
3391 488
3392 473
3393 471
3394 457
3395 433
3396 471
3397 474
3398 466
3399 456
3400 455
3401 448
3402 465
3403 513
3404 464
3405 504
3406 507
3407 456
3408 517
3409 506
3410 440
3411 498
3412 524
3413 496
3414 463
3415 462
3416 492
3417 514
3418 477
3419 481
3420 495
3421 463
3422 476
3423 472
3424 507
3425 438
3426 448
3427 503
3428 461
3429 508
3430 505
3431 478
3432 471
3433 469
3434 464
3435 475
3436 483
3437 476
3438 451
3439 464
3440 464
3441 488
3442 535
3443 491
3444 480
3445 506
3446 447
3447 437
3448 472
3449 486
3450 469
3451 486
3452 438
3453 441
3454 459
3455 432
3456 474
3457 487
3458 436
3459 429
3460 476
3461 482
3462 470
3463 459
3464 457
3465 417
3466 454
3467 443
3468 418
3469 424
3470 460
3471 455
3472 445
3473 429
3474 496
3475 458
3476 427
3477 441
3478 481
3479 483
3480 446
3481 429
3482 443
3483 480
3484 433
3485 485
3486 438
3487 438
3488 451
3489 438
3490 445
3491 423
3492 474
3493 473
3494 472
3495 492
3496 480
3497 468
3498 489
3499 526
3500 428
3501 451
3502 453
3503 486
3504 415
3505 464
3506 423
3507 461
3508 458
3509 477
3510 416
3511 443
3512 426
3513 429
3514 480
3515 457
3516 422
3517 430
3518 478
3519 437
3520 440
3521 467
3522 445
3523 450
3524 424
3525 459
3526 468
3527 433
3528 463
3529 422
3530 487
3531 473
3532 437
3533 413
3534 431
3535 442
3536 405
3537 442
3538 437
3539 417
3540 466
3541 393
3542 468
3543 476
3544 434
3545 411
3546 446
3547 428
3548 422
3549 437
3550 436
3551 424
3552 389
3553 425
3554 448
3555 416
3556 422
3557 435
3558 427
3559 439
3560 427
3561 464
3562 443
3563 426
3564 459
3565 464
3566 446
3567 449
3568 403
3569 417
3570 451
3571 426
3572 433
3573 466
3574 430
3575 428
3576 410
3577 444
3578 413
3579 463
3580 436
3581 453
3582 438
3583 469
3584 436
3585 415
3586 411
3587 393
3588 435
3589 426
3590 439
3591 408
3592 405
3593 426
3594 429
3595 438
3596 421
3597 414
3598 445
3599 420
3600 415
3601 408
3602 432
3603 414
3604 422
3605 406
3606 383
3607 442
3608 414
3609 451
3610 416
3611 422
3612 408
3613 420
3614 409
3615 472
3616 415
3617 425
3618 446
3619 401
3620 408
3621 436
3622 450
3623 415
3624 397
3625 418
3626 418
3627 400
3628 429
3629 407
3630 377
3631 399
3632 392
3633 420
3634 434
3635 424
3636 392
3637 439
3638 400
3639 437
3640 416
3641 452
3642 417
3643 465
3644 419
3645 412
3646 391
3647 436
3648 440
3649 438
3650 434
3651 449
3652 404
3653 409
3654 399
3655 426
3656 389
3657 379
3658 422
3659 429
3660 413
3661 420
3662 392
3663 439
3664 421
3665 394
3666 412
3667 424
3668 399
3669 424
3670 384
3671 440
3672 404
3673 425
3674 417
3675 458
3676 414
3677 427
3678 401
3679 426
3680 403
3681 446
3682 412
3683 456
3684 428
3685 409
3686 409
3687 402
3688 436
3689 421
3690 375
3691 407
3692 436
3693 391
3694 398
3695 420
3696 433
3697 456
3698 425
3699 457
3700 431
3701 448
3702 392
3703 404
3704 424
3705 408
3706 430
3707 393
3708 396
3709 374
3710 417
3711 399
3712 409
3713 423
3714 415
3715 442
3716 428
3717 422
3718 404
3719 434
3720 423
3721 402
3722 388
3723 402
3724 418
3725 444
3726 410
3727 399
3728 433
3729 385
3730 440
3731 435
3732 406
3733 431
3734 417
3735 421
3736 410
3737 411
3738 381
3739 359
3740 435
3741 435
3742 418
3743 407
3744 415
3745 420
3746 392
3747 409
3748 420
3749 401
3750 423
3751 426
3752 398
3753 435
3754 371
3755 390
3756 430
3757 445
3758 425
3759 401
3760 448
3761 422
3762 420
3763 405
3764 389
3765 360
3766 390
3767 388
3768 395
3769 410
3770 404
3771 397
3772 378
3773 411
3774 417
3775 398
3776 374
3777 428
3778 455
3779 426
3780 428
3781 426
3782 420
3783 380
3784 422
3785 409
3786 399
3787 428
3788 393
3789 385
3790 431
3791 403
3792 407
3793 351
3794 439
3795 392
3796 465
3797 414
3798 431
3799 429
3800 404
3801 417
3802 402
3803 443
3804 368
3805 448
3806 408
3807 395
3808 405
3809 403
3810 387
3811 414
3812 402
3813 427
3814 411
3815 385
3816 427
3817 380
3818 382
3819 414
3820 416
3821 380
3822 393
3823 412
3824 390
3825 382
3826 410
3827 396
3828 386
3829 425
3830 387
3831 361
3832 389
3833 371
3834 406
3835 409
3836 388
3837 401
3838 396
3839 413
3840 403
3841 424
3842 431
3843 387
3844 412
3845 447
3846 409
3847 393
3848 365
3849 399
3850 384
3851 413
3852 415
3853 373
3854 402
3855 370
3856 409
3857 356
3858 381
3859 391
3860 361
3861 378
3862 364
3863 410
3864 413
3865 413
3866 375
3867 407
3868 389
3869 374
3870 377
3871 393
3872 367
3873 371
3874 384
3875 352
3876 349
3877 349
3878 353
3879 400
3880 349
3881 356
3882 341
3883 372
3884 412
3885 399
3886 393
3887 391
3888 367
3889 374
3890 359
3891 385
3892 384
3893 398
3894 324
3895 391
3896 369
3897 359
3898 367
3899 370
3900 375
3901 385
3902 363
3903 355
3904 413
3905 387
3906 379
3907 340
3908 377
3909 392
3910 361
3911 402
3912 383
3913 375
3914 363
3915 348
3916 367
3917 389
3918 349
3919 383
3920 365
3921 372
3922 375
3923 415
3924 365
3925 377
3926 423
3927 367
3928 348
3929 422
3930 341
3931 364
3932 350
3933 370
3934 365
3935 364
3936 377
3937 364
3938 387
3939 378
3940 375
3941 371
3942 354
3943 388
3944 370
3945 404
3946 396
3947 370
3948 317
3949 401
3950 379
3951 359
3952 361
3953 337
3954 379
3955 400
3956 366
3957 354
3958 359
3959 351
3960 348
3961 374
3962 340
3963 384
3964 366
3965 384
3966 388
3967 356
3968 395
3969 344
3970 397
3971 422
3972 335
3973 345
3974 354
3975 348
3976 367
3977 353
3978 406
3979 384
3980 351
3981 409
3982 346
3983 385
3984 369
3985 386
3986 394
3987 361
3988 361
3989 361
3990 368
3991 370
3992 395
3993 373
3994 352
3995 400
3996 392
3997 357
3998 343
3999 387
4000 373
4001 336
4002 335
4003 386
4004 351
4005 346
4006 340
4007 349
4008 363
4009 373
4010 388
4011 368
4012 336
4013 355
4014 348
4015 362
4016 349
4017 367
4018 367
4019 321
4020 329
4021 343
4022 325
4023 386
4024 348
4025 358
4026 343
4027 310
4028 326
4029 371
4030 355
4031 331
4032 374
4033 385
4034 371
4035 333
4036 356
4037 351
4038 354
4039 367
4040 355
4041 351
4042 345
4043 363
4044 376
4045 382
4046 343
4047 354
4048 367
4049 367
4050 356
4051 323
4052 376
4053 358
4054 344
4055 378
4056 371
4057 348
4058 381
4059 362
4060 351
4061 351
4062 321
4063 363
4064 364
4065 343
4066 325
4067 334
4068 324
4069 358
4070 324
4071 332
4072 387
4073 343
4074 361
4075 350
4076 368
4077 354
4078 343
4079 308
4080 365
4081 329
4082 302
4083 348
4084 363
4085 327
4086 366
4087 327
4088 364
4089 354
4090 354
4091 365
4092 356
4093 396
4094 347
4095 331
4096 359
4097 355
4098 339
4099 359
4100 315
4101 346
4102 344
4103 342
4104 386
4105 356
4106 347
4107 342
4108 330
4109 373
4110 339
4111 349
4112 340
4113 377
4114 367
4115 339
4116 325
4117 362
4118 316
4119 334
4120 320
4121 356
4122 402
4123 324
4124 332
4125 306
4126 306
4127 317
4128 313
4129 310
4130 331
4131 327
4132 322
4133 308
4134 341
4135 347
4136 319
4137 319
4138 342
4139 352
4140 363
4141 338
4142 316
4143 326
4144 333
4145 338
4146 352
4147 351
4148 330
4149 288
4150 333
4151 331
4152 325
4153 328
4154 342
4155 336
4156 349
4157 335
4158 344
4159 321
4160 318
4161 332
4162 295
4163 349
4164 323
4165 298
4166 340
4167 326
4168 313
4169 320
4170 342
4171 338
4172 312
4173 312
4174 300
4175 327
4176 345
4177 300
4178 299
4179 304
4180 338
4181 339
4182 286
4183 326
4184 301
4185 326
4186 304
4187 326
4188 316
4189 317
4190 311
4191 325
4192 340
4193 297
4194 285
4195 321
4196 340
4197 310
4198 306
4199 288
4200 297
4201 302
4202 301
4203 310
4204 304
4205 311
4206 326
4207 289
4208 316
4209 305
4210 328
4211 298
4212 314
4213 302
4214 311
4215 315
4216 326
4217 289
4218 283
4219 318
4220 298
4221 317
4222 339
4223 323
4224 268
4225 293
4226 271
4227 303
4228 344
4229 334
4230 302
4231 280
4232 323
4233 340
4234 300
4235 301
4236 317
4237 303
4238 289
4239 296
4240 260
4241 290
4242 323
4243 314
4244 311
4245 309
4246 340
4247 305
4248 279
4249 298
4250 301
4251 280
4252 287
4253 281
4254 314
4255 296
4256 314
4257 304
4258 310
4259 293
4260 321
4261 293
4262 274
4263 323
4264 286
4265 296
4266 311
4267 314
4268 305
4269 299
4270 301
4271 304
4272 283
4273 333
4274 289
4275 303
4276 294
4277 297
4278 307
4279 278
4280 305
4281 296
4282 279
4283 326
4284 313
4285 301
4286 325
4287 323
4288 311
4289 317
4290 301
4291 289
4292 323
4293 270
4294 337
4295 303
4296 302
4297 326
4298 343
4299 299
4300 291
4301 294
4302 277
4303 340
4304 303
4305 293
4306 323
4307 307
4308 288
4309 317
4310 306
4311 305
4312 300
4313 313
4314 294
4315 290
4316 317
4317 328
4318 297
4319 301
4320 270
4321 280
4322 292
4323 311
4324 301
4325 309
4326 279
4327 302
4328 284
4329 298
4330 328
4331 301
4332 294
4333 293
4334 289
4335 283
4336 301
4337 334
4338 291
4339 283
4340 266
4341 306
4342 291
4343 311
4344 289
4345 276
4346 314
4347 304
4348 294
4349 283
4350 278
4351 278
4352 332
4353 286
4354 304
4355 279
4356 309
4357 297
4358 295
4359 295
4360 301
4361 302
4362 310
4363 302
4364 282
4365 286
4366 275
4367 302
4368 306
4369 268
4370 300
4371 283
4372 303
4373 271
4374 295
4375 333
4376 302
4377 318
4378 301
4379 330
4380 294
4381 266
4382 289
4383 315
4384 283
4385 271
4386 293
4387 251
4388 281
4389 305
4390 288
4391 299
4392 285
4393 268
4394 301
4395 314
4396 280
4397 324
4398 297
4399 322
4400 309
4401 292
4402 294
4403 330
4404 301
4405 310
4406 316
4407 286
4408 322
4409 301
4410 317
4411 313
4412 258
4413 281
4414 299
4415 278
4416 295
4417 289
4418 316
4419 276
4420 293
4421 269
4422 278
4423 276
4424 305
4425 310
4426 287
4427 282
4428 313
4429 291
4430 283
4431 276
4432 309
4433 300
4434 275
4435 311
4436 302
4437 271
4438 247
4439 302
4440 290
4441 258
4442 269
4443 302
4444 278
4445 282
4446 263
4447 272
4448 258
4449 281
4450 247
4451 286
4452 248
4453 278
4454 266
4455 280
4456 272
4457 278
4458 290
4459 278
4460 258
4461 266
4462 289
4463 257
4464 295
4465 271
4466 314
4467 272
4468 286
4469 280
4470 259
4471 282
4472 284
4473 274
4474 290
4475 305
4476 296
4477 313
4478 323
4479 296
4480 253
4481 288
4482 306
4483 249
4484 268
4485 261
4486 276
4487 275
4488 287
4489 270
4490 274
4491 306
4492 270
4493 316
4494 282
4495 267
4496 273
4497 270
4498 287
4499 280
4500 278
4501 266
4502 267
4503 278
4504 276
4505 260
4506 260
4507 292
4508 259
4509 276
4510 306
4511 308
4512 284
4513 281
4514 299
4515 271
4516 241
4517 260
4518 254
4519 278
4520 261
4521 253
4522 249
4523 268
4524 279
4525 290
4526 283
4527 292
4528 266
4529 261
4530 287
4531 262
4532 282
4533 264
4534 287
4535 265
4536 320
4537 279
4538 259
4539 254
4540 320
4541 260
4542 291
4543 280
4544 246
4545 271
4546 284
4547 282
4548 260
4549 290
4550 269
4551 272
4552 315
4553 260
4554 269
4555 322
4556 283
4557 287
4558 274
4559 268
4560 269
4561 300
4562 310
4563 238
4564 278
4565 204
4566 260
4567 244
4568 271
4569 239
4570 264
4571 248
4572 249
4573 268
4574 235
4575 234
4576 246
4577 255
4578 267
4579 254
4580 255
4581 252
4582 261
4583 266
4584 265
4585 277
4586 240
4587 255
4588 230
4589 249
4590 258
4591 282
4592 244
4593 279
4594 257
4595 276
4596 269
4597 285
4598 235
4599 244
4600 263
4601 262
4602 261
4603 241
4604 266
4605 270
4606 278
4607 270
4608 249
4609 282
4610 270
4611 283
4612 276
4613 257
4614 258
4615 290
4616 287
4617 261
4618 243
4619 246
4620 257
4621 261
4622 269
4623 269
4624 234
4625 253
4626 259
4627 253
4628 283
4629 262
4630 258
4631 268
4632 247
4633 250
4634 252
4635 261
4636 222
4637 268
4638 238
4639 256
4640 221
4641 244
4642 256
4643 239
4644 271
4645 244
4646 240
4647 278
4648 230
4649 250
4650 259
4651 235
4652 248
4653 233
4654 217
4655 255
4656 249
4657 254
4658 271
4659 261
4660 234
4661 249
4662 241
4663 255
4664 313
4665 250
4666 260
4667 262
4668 264
4669 249
4670 262
4671 255
4672 257
4673 246
4674 271
4675 234
4676 235
4677 252
4678 245
4679 237
4680 225
4681 245
4682 251
4683 284
4684 283
4685 232
4686 233
4687 247
4688 261
4689 239
4690 269
4691 253
4692 227
4693 251
4694 253
4695 222
4696 256
4697 224
4698 229
4699 273
4700 248
4701 230
4702 248
4703 266
4704 244
4705 236
4706 228
4707 251
4708 237
4709 261
4710 255
4711 242
4712 207
4713 193
4714 248
4715 239
4716 243
4717 227
4718 229
4719 225
4720 220
4721 236
4722 244
4723 256
4724 206
4725 242
4726 253
4727 240
4728 221
4729 216
4730 234
4731 213
4732 228
4733 225
4734 254
4735 241
4736 262
4737 248
4738 217
4739 234
4740 229
4741 247
4742 235
4743 231
4744 224
4745 242
4746 245
4747 225
4748 237
4749 255
4750 238
4751 217
4752 208
4753 208
4754 214
4755 240
4756 245
4757 237
4758 224
4759 249
4760 210
4761 246
4762 224
4763 245
4764 233
4765 216
4766 240
4767 247
4768 234
4769 258
4770 226
4771 216
4772 224
4773 235
4774 228
4775 213
4776 203
4777 244
4778 251
4779 228
4780 213
4781 224
4782 225
4783 207
4784 239
4785 242
4786 233
4787 235
4788 218
4789 234
4790 227
4791 242
4792 218
4793 257
4794 224
4795 246
4796 218
4797 220
4798 221
4799 218
4800 247
4801 222
4802 249
4803 206
4804 215
4805 217
4806 248
4807 218
4808 254
4809 224
4810 233
4811 224
4812 226
4813 246
4814 229
4815 211
4816 221
4817 245
4818 231
4819 238
4820 244
4821 225
4822 243
4823 240
4824 271
4825 226
4826 228
4827 259
4828 224
4829 254
4830 213
4831 236
4832 219
4833 231
4834 240
4835 261
4836 205
4837 209
4838 229
4839 247
4840 251
4841 226
4842 216
4843 233
4844 223
4845 209
4846 241
4847 228
4848 230
4849 189
4850 244
4851 218
4852 207
4853 215
4854 195
4855 195
4856 214
4857 227
4858 233
4859 231
4860 248
4861 231
4862 206
4863 214
4864 218
4865 211
4866 223
4867 240
4868 217
4869 252
4870 225
4871 210
4872 245
4873 224
4874 212
4875 198
4876 267
4877 218
4878 227
4879 240
4880 237
4881 240
4882 234
4883 238
4884 224
4885 233
4886 235
4887 220
4888 203
4889 211
4890 215
4891 219
4892 198
4893 222
4894 210
4895 244
4896 217
4897 183
4898 195
4899 234
4900 229
4901 240
4902 233
4903 214
4904 215
4905 226
4906 242
4907 218
4908 248
4909 190
4910 213
4911 204
4912 225
4913 230
4914 221
4915 213
4916 202
4917 220
4918 221
4919 208
4920 204
4921 210
4922 228
4923 215
4924 211
4925 210
4926 197
4927 193
4928 212
4929 236
4930 211
4931 207
4932 226
4933 228
4934 227
4935 226
4936 229
4937 203
4938 192
4939 223
4940 200
4941 204
4942 218
4943 213
4944 237
4945 219
4946 206
4947 229
4948 220
4949 217
4950 221
4951 212
4952 205
4953 242
4954 225
4955 233
4956 219
4957 213
4958 215
4959 229
4960 212
4961 213
4962 203
4963 225
4964 170
4965 214
4966 202
4967 232
4968 234
4969 196
4970 189
4971 220
4972 211
4973 217
4974 227
4975 210
4976 240
4977 206
4978 228
4979 199
4980 219
4981 208
4982 222
4983 210
4984 203
4985 210
4986 197
4987 232
4988 235
4989 212
4990 232
4991 207
4992 200
4993 209
4994 208
4995 214
4996 225
4997 222
4998 201
4999 224
5000 213
5001 243
5002 209
5003 216
5004 232
5005 214
5006 212
5007 223
5008 216
5009 216
5010 231
5011 211
5012 240
5013 205
5014 218
5015 256
5016 219
5017 214
5018 215
5019 225
5020 223
5021 212
5022 198
5023 195
5024 235
5025 246
5026 207
5027 238
5028 230
5029 210
5030 225
5031 196
5032 191
5033 218
5034 210
5035 224
5036 218
5037 235
5038 205
5039 225
5040 228
5041 211
5042 177
5043 230
5044 234
5045 216
5046 201
5047 223
5048 197
5049 208
5050 219
5051 208
5052 191
5053 193
5054 211
5055 206
5056 210
5057 200
5058 216
5059 211
5060 203
5061 217
5062 199
5063 196
5064 188
5065 235
5066 219
5067 230
5068 243
5069 189
5070 209
5071 212
5072 218
5073 212
5074 241
5075 226
5076 205
5077 202
5078 237
5079 199
5080 203
5081 243
5082 210
5083 230
5084 212
5085 240
5086 225
5087 205
5088 185
5089 193
5090 202
5091 199
5092 208
5093 200
5094 177
5095 215
5096 208
5097 221
5098 190
5099 210
5100 213
5101 194
5102 201
5103 178
5104 197
5105 187
5106 204
5107 189
5108 197
5109 206
5110 194
5111 215
5112 186
5113 210
5114 186
5115 183
5116 194
5117 197
5118 186
5119 201
5120 198
5121 183
5122 196
5123 189
5124 188
5125 197
5126 188
5127 191
5128 215
5129 184
5130 179
5131 220
5132 216
5133 166
5134 195
5135 213
5136 196
5137 186
5138 167
5139 193
5140 203
5141 219
5142 192
5143 187
5144 196
5145 203
5146 210
5147 196
5148 211
5149 206
5150 203
5151 206
5152 178
5153 186
5154 228
5155 195
5156 199
5157 214
5158 199
5159 223
5160 205
5161 204
5162 205
5163 183
5164 192
5165 179
5166 205
5167 200
5168 188
5169 209
5170 172
5171 204
5172 218
5173 230
5174 194
5175 208
5176 199
5177 197
5178 195
5179 205
5180 202
5181 204
5182 203
5183 196
5184 208
5185 182
5186 177
5187 197
5188 213
5189 205
5190 176
5191 194
5192 211
5193 206
5194 211
5195 222
5196 208
5197 190
5198 200
5199 172
5200 177
5201 188
5202 218
5203 191
5204 205
5205 170
5206 190
5207 205
5208 196
5209 177
5210 178
5211 195
5212 195
5213 186
5214 212
5215 194
5216 193
5217 200
5218 193
5219 195
5220 210
5221 221
5222 199
5223 170
5224 208
5225 185
5226 195
5227 195
5228 250
5229 222
5230 183
5231 251
5232 220
5233 181
5234 184
5235 205
5236 204
5237 187
5238 194
5239 192
5240 190
5241 204
5242 209
5243 196
5244 216
5245 203
5246 197
5247 220
5248 194
5249 221
5250 196
5251 212
5252 222
5253 187
5254 193
5255 205
5256 181
5257 187
5258 162
5259 178
5260 181
5261 181
5262 205
5263 197
5264 186
5265 205
5266 185
5267 202
5268 219
5269 208
5270 187
5271 195
5272 201
5273 189
5274 164
5275 219
5276 204
5277 171
5278 176
5279 190
5280 201
5281 205
5282 226
5283 177
5284 175
5285 194
5286 194
5287 199
5288 185
5289 194
5290 169
5291 183
5292 192
5293 196
5294 193
5295 185
5296 193
5297 196
5298 174
5299 193
5300 217
5301 183
5302 200
5303 197
5304 150
5305 215
5306 220
5307 183
5308 162
5309 192
5310 192
5311 203
5312 223
5313 199
5314 175
5315 217
5316 180
5317 181
5318 190
5319 203
5320 219
5321 199
5322 203
5323 202
5324 204
5325 196
5326 202
5327 177
5328 204
5329 208
5330 209
5331 225
5332 173
5333 189
5334 194
5335 183
5336 195
5337 190
5338 195
5339 196
5340 193
5341 179
5342 182
5343 201
5344 159
5345 194
5346 196
5347 210
5348 181
5349 184
5350 209
5351 190
5352 188
5353 180
5354 182
5355 179
5356 188
5357 211
5358 179
5359 174
5360 184
5361 192
5362 198
5363 194
5364 185
5365 193
5366 192
5367 181
5368 204
5369 192
5370 196
5371 165
5372 181
5373 184
5374 192
5375 189
5376 185
5377 198
5378 199
5379 171
5380 186
5381 203
5382 175
5383 202
5384 180
5385 228
5386 227
5387 192
5388 189
5389 211
5390 202
5391 202
5392 187
5393 195
5394 172
5395 205
5396 208
5397 177
5398 186
5399 173
5400 198
5401 180
5402 180
5403 178
5404 195
5405 200
5406 182
5407 221
5408 175
5409 189
5410 192
5411 198
5412 193
5413 211
5414 177
5415 198
5416 203
5417 176
5418 199
5419 211
5420 164
5421 189
5422 181
5423 192
5424 189
5425 186
5426 160
5427 191
5428 185
5429 180
5430 180
5431 194
5432 185
5433 187
5434 170
5435 184
5436 181
5437 205
5438 174
5439 166
5440 185
5441 172
5442 182
5443 189
5444 181
5445 184
5446 186
5447 198
5448 175
5449 158
5450 184
5451 199
5452 161
5453 176
5454 194
5455 199
5456 209
5457 192
5458 170
5459 183
5460 192
5461 165
5462 182
5463 170
5464 199
5465 165
5466 181
5467 195
5468 196
5469 169
5470 171
5471 184
5472 180
5473 184
5474 183
5475 189
5476 190
5477 177
5478 187
5479 173
5480 181
5481 175
5482 174
5483 182
5484 185
5485 204
5486 190
5487 180
5488 206
5489 196
5490 172
5491 154
5492 155
5493 176
5494 165
5495 191
5496 180
5497 182
5498 187
5499 184
5500 182
5501 154
5502 192
5503 179
5504 170
5505 191
5506 201
5507 166
5508 177
5509 161
5510 183
5511 188
5512 187
5513 196
5514 170
5515 172
5516 164
5517 191
5518 178
5519 170
5520 184
5521 183
5522 168
5523 151
5524 184
5525 187
5526 182
5527 175
5528 195
5529 183
5530 161
5531 213
5532 158
5533 179
5534 166
5535 155
5536 181
5537 176
5538 169
5539 155
5540 167
5541 184
5542 188
5543 181
5544 175
5545 184
5546 185
5547 176
5548 172
5549 173
5550 153
5551 180
5552 191
5553 158
5554 192
5555 181
5556 176
5557 182
5558 191
5559 182
5560 181
5561 184
5562 173
5563 190
5564 184
5565 222
5566 164
5567 185
5568 187
5569 225
5570 198
5571 178
5572 203
5573 192
5574 193
5575 190
5576 176
5577 168
5578 178
5579 185
5580 192
5581 194
5582 177
5583 169
5584 188
5585 188
5586 185
5587 146
5588 191
5589 185
5590 174
5591 180
5592 199
5593 166
5594 181
5595 152
5596 195
5597 179
5598 188
5599 176
5600 178
5601 167
5602 165
5603 180
5604 191
5605 182
5606 177
5607 202
5608 155
5609 186
5610 152
5611 163
5612 189
5613 184
5614 208
5615 172
5616 164
5617 143
5618 208
5619 175
5620 199
5621 183
5622 191
5623 187
5624 195
5625 178
5626 180
5627 171
5628 160
5629 172
5630 188
5631 153
5632 166
5633 185
5634 178
5635 175
5636 162
5637 190
5638 176
5639 166
5640 143
5641 184
5642 170
5643 182
5644 177
5645 119
5646 166
5647 160
5648 174
5649 178
5650 167
5651 201
5652 169
5653 183
5654 168
5655 163
5656 151
5657 180
5658 180
5659 171
5660 173
5661 194
5662 182
5663 181
5664 179
5665 165
5666 134
5667 160
5668 166
5669 160
5670 159
5671 156
5672 171
5673 180
5674 147
5675 160
5676 176
5677 179
5678 167
5679 168
5680 180
5681 187
5682 157
5683 174
5684 143
5685 166
5686 175
5687 153
5688 168
5689 166
5690 180
5691 169
5692 160
5693 160
5694 166
5695 168
5696 176
5697 178
5698 166
5699 156
5700 162
5701 183
5702 199
5703 185
5704 193
5705 180
5706 175
5707 176
5708 195
5709 156
5710 178
5711 179
5712 166
5713 195
5714 153
5715 165
5716 185
5717 165
5718 189
5719 157
5720 183
5721 179
5722 153
5723 152
5724 180
5725 192
5726 174
5727 181
5728 179
5729 168
5730 168
5731 176
5732 185
5733 168
5734 151
5735 163
5736 164
5737 191
5738 161
5739 182
5740 173
5741 180
5742 172
5743 161
5744 161
5745 165
5746 167
5747 158
5748 181
5749 181
5750 143
5751 190
5752 171
5753 181
5754 163
5755 179
5756 141
5757 164
5758 170
5759 168
5760 148
5761 154
5762 187
5763 175
5764 174
5765 157
5766 171
5767 159
5768 183
5769 169
5770 159
5771 141
5772 167
5773 147
5774 163
5775 145
5776 173
5777 159
5778 152
5779 157
5780 164
5781 159
5782 159
5783 185
5784 143
5785 160
5786 147
5787 140
5788 177
5789 158
5790 163
5791 155
5792 174
5793 159
5794 156
5795 157
5796 141
5797 155
5798 159
5799 157
5800 145
5801 174
5802 155
5803 164
5804 150
5805 149
5806 162
5807 145
5808 164
5809 145
5810 151
5811 172
5812 155
5813 166
5814 159
5815 177
5816 150
5817 172
5818 174
5819 194
5820 155
5821 165
5822 138
5823 142
5824 147
5825 146
5826 134
5827 127
5828 151
5829 159
5830 169
5831 149
5832 147
5833 168
5834 188
5835 164
5836 164
5837 151
5838 142
5839 168
5840 151
5841 147
5842 171
5843 180
5844 180
5845 170
5846 154
5847 167
5848 171
5849 169
5850 163
5851 170
5852 173
5853 182
5854 171
5855 172
5856 176
5857 192
5858 173
5859 167
5860 196
5861 164
5862 154
5863 154
5864 177
5865 164
5866 157
5867 154
5868 156
5869 152
5870 183
5871 130
5872 176
5873 143
5874 149
5875 150
5876 174
5877 160
5878 186
5879 150
5880 144
5881 167
5882 155
5883 174
5884 162
5885 184
5886 160
5887 157
5888 147
5889 183
5890 167
5891 151
5892 157
5893 140
5894 149
5895 168
5896 148
5897 152
5898 159
5899 149
5900 171
5901 165
5902 145
5903 150
5904 145
5905 157
5906 168
5907 153
5908 147
5909 143
5910 166
5911 137
5912 158
5913 164
5914 170
5915 145
5916 170
5917 148
5918 155
5919 164
5920 139
5921 136
5922 162
5923 138
5924 164
5925 134
5926 146
5927 165
5928 141
5929 147
5930 168
5931 160
5932 153
5933 168
5934 137
5935 146
5936 173
5937 152
5938 140
5939 157
5940 149
5941 127
5942 160
5943 161
5944 156
5945 145
5946 150
5947 162
5948 168
5949 146
5950 163
5951 135
5952 135
5953 144
5954 130
5955 156
5956 135
5957 166
5958 148
5959 141
5960 148
5961 142
5962 179
5963 176
5964 150
5965 167
5966 129
5967 158
5968 137
5969 150
5970 145
5971 170
5972 140
5973 146
5974 156
5975 172
5976 152
5977 164
5978 152
5979 142
5980 151
5981 148
5982 142
5983 151
5984 142
5985 141
5986 153
5987 154
5988 146
5989 134
5990 152
5991 134
5992 162
5993 152
5994 146
5995 159
5996 161
5997 134
5998 179
5999 151
6000 175
6001 173
6002 163
6003 148
6004 173
6005 169
6006 158
6007 161
6008 164
6009 177
6010 148
6011 158
6012 159
6013 145
6014 149
6015 149
6016 156
6017 151
6018 167
6019 135
6020 156
6021 166
6022 136
6023 152
6024 124
6025 141
6026 135
6027 152
6028 140
6029 156
6030 153
6031 146
6032 144
6033 158
6034 162
6035 144
6036 149
6037 152
6038 158
6039 147
6040 144
6041 137
6042 133
6043 154
6044 148
6045 153
6046 168
6047 153
6048 146
6049 162
6050 146
6051 167
6052 162
6053 172
6054 167
6055 149
6056 173
6057 164
6058 150
6059 156
6060 144
6061 151
6062 149
6063 152
6064 145
6065 154
6066 155
6067 149
6068 130
6069 163
6070 151
6071 138
6072 153
6073 134
6074 148
6075 148
6076 166
6077 147
6078 153
6079 126
6080 138
6081 148
6082 160
6083 129
6084 143
6085 163
6086 157
6087 158
6088 166
6089 156
6090 150
6091 150
6092 137
6093 135
6094 152
6095 144
6096 152
6097 162
6098 131
6099 137
6100 172
6101 145
6102 149
6103 148
6104 148
6105 147
6106 137
6107 143
6108 142
6109 155
6110 120
6111 137
6112 144
6113 150
6114 153
6115 163
6116 133
6117 134
6118 141
6119 162
6120 160
6121 139
6122 130
6123 137
6124 148
6125 155
6126 134
6127 157
6128 151
6129 138
6130 143
6131 146
6132 142
6133 160
6134 145
6135 134
6136 152
6137 140
6138 147
6139 147
6140 142
6141 156
6142 164
6143 143
6144 122
6145 147
6146 147
6147 128
6148 145
6149 161
6150 141
6151 151
6152 148
6153 128
6154 134
6155 158
6156 169
6157 153
6158 146
6159 165
6160 140
6161 137
6162 160
6163 156
6164 154
6165 140
6166 144
6167 154
6168 158
6169 146
6170 149
6171 143
6172 149
6173 168
6174 163
6175 140
6176 127
6177 152
6178 161
6179 155
6180 156
6181 182
6182 149
6183 171
6184 156
6185 159
6186 150
6187 155
6188 143
6189 146
6190 157
6191 153
6192 167
6193 150
6194 172
6195 168
6196 161
6197 149
6198 163
6199 165
6200 145
6201 126
6202 149
6203 157
6204 125
6205 148
6206 139
6207 135
6208 159
6209 148
6210 149
6211 131
6212 141
6213 156
6214 148
6215 137
6216 138
6217 136
6218 164
6219 146
6220 146
6221 140
6222 150
6223 158
6224 151
6225 138
6226 145
6227 131
6228 139
6229 138
6230 150
6231 147
6232 142
6233 144
6234 148
6235 132
6236 146
6237 137
6238 142
6239 150
6240 136
6241 143
6242 143
6243 148
6244 155
6245 145
6246 147
6247 155
6248 137
6249 121
6250 133
6251 147
6252 139
6253 153
6254 141
6255 136
6256 149
6257 136
6258 157
6259 136
6260 140
6261 151
6262 134
6263 162
6264 143
6265 149
6266 134
6267 138
6268 133
6269 132
6270 133
6271 160
6272 145
6273 144
6274 116
6275 154
6276 135
6277 124
6278 184
6279 131
6280 144
6281 148
6282 135
6283 127
6284 139
6285 152
6286 166
6287 145
6288 148
6289 133
6290 124
6291 131
6292 155
6293 138
6294 149
6295 138
6296 155
6297 131
6298 148
6299 149
6300 139
6301 142
6302 128
6303 143
6304 148
6305 126
6306 146
6307 141
6308 154
6309 127
6310 129
6311 156
6312 136
6313 151
6314 147
6315 150
6316 121
6317 139
6318 146
6319 147
6320 145
6321 129
6322 111
6323 127
6324 136
6325 146
6326 133
6327 126
6328 148
6329 130
6330 152
6331 148
6332 152
6333 138
6334 126
6335 165
6336 148
6337 146
6338 138
6339 149
6340 147
6341 159
6342 152
6343 134
6344 141
6345 136
6346 149
6347 148
6348 129
6349 135
6350 149
6351 153
6352 152
6353 133
6354 152
6355 169
6356 160
6357 140
6358 133
6359 150
6360 136
6361 124
6362 124
6363 118
6364 145
6365 133
6366 135
6367 122
6368 138
6369 155
6370 134
6371 156
6372 134
6373 139
6374 152
6375 156
6376 125
6377 140
6378 152
6379 149
6380 136
6381 118
6382 144
6383 140
6384 144
6385 141
6386 134
6387 140
6388 150
6389 157
6390 145
6391 164
6392 167
6393 126
6394 142
6395 140
6396 146
6397 144
6398 139
6399 148
6400 121
6401 131
6402 145
6403 148
6404 143
6405 128
6406 144
6407 129
6408 135
6409 150
6410 129
6411 148
6412 125
6413 144
6414 135
6415 142
6416 144
6417 139
6418 136
6419 131
6420 154
6421 149
6422 129
6423 144
6424 140
6425 129
6426 120
6427 157
6428 146
6429 141
6430 159
6431 132
6432 135
6433 136
6434 129
6435 115
6436 142
6437 133
6438 135
6439 127
6440 134
6441 153
6442 123
6443 160
6444 140
6445 130
6446 142
6447 123
6448 117
6449 152
6450 154
6451 147
6452 139
6453 133
6454 139
6455 140
6456 145
6457 138
6458 143
6459 183
6460 129
6461 141
6462 128
6463 141
6464 128
6465 163
6466 165
6467 140
6468 129
6469 129
6470 137
6471 157
6472 132
6473 144
6474 143
6475 127
6476 150
6477 143
6478 130
6479 149
6480 130
6481 156
6482 167
6483 147
6484 160
6485 148
6486 129
6487 133
6488 140
6489 160
6490 151
6491 126
6492 141
6493 152
6494 139
6495 127
6496 140
6497 118
6498 126
6499 140
6500 120
6501 131
6502 142
6503 134
6504 136
6505 137
6506 135
6507 149
6508 145
6509 132
6510 155
6511 133
6512 137
6513 160
6514 152
6515 146
6516 139
6517 155
6518 137
6519 149
6520 133
6521 107
6522 132
6523 135
6524 139
6525 144
6526 161
6527 134
6528 137
6529 128
6530 122
6531 147
6532 126
6533 147
6534 137
6535 139
6536 142
6537 147
6538 128
6539 114
6540 140
6541 133
6542 134
6543 138
6544 139
6545 140
6546 128
6547 136
6548 134
6549 130
6550 127
6551 120
6552 145
6553 114
6554 131
6555 132
6556 142
6557 132
6558 160
6559 151
6560 124
6561 129
6562 129
6563 154
6564 137
6565 138
6566 149
6567 113
6568 145
6569 147
6570 136
6571 161
6572 142
6573 120
6574 125
6575 132
6576 136
6577 140
6578 122
6579 152
6580 118
6581 146
6582 151
6583 124
6584 136
6585 131
6586 127
6587 133
6588 138
6589 128
6590 139
6591 159
6592 143
6593 127
6594 151
6595 131
6596 147
6597 137
6598 143
6599 151
6600 143
6601 133
6602 134
6603 132
6604 123
6605 119
6606 141
6607 130
6608 113
6609 133
6610 152
6611 145
6612 132
6613 144
6614 128
6615 122
6616 137
6617 148
6618 138
6619 135
6620 142
6621 136
6622 119
6623 140
6624 120
6625 142
6626 120
6627 121
6628 140
6629 134
6630 132
6631 129
6632 138
6633 131
6634 141
6635 117
6636 119
6637 119
6638 126
6639 122
6640 140
6641 120
6642 135
6643 136
6644 120
6645 127
6646 133
6647 119
6648 139
6649 121
6650 113
6651 127
6652 117
6653 140
6654 122
6655 127
6656 145
6657 126
6658 108
6659 122
6660 129
6661 115
6662 116
6663 127
6664 119
6665 146
6666 130
6667 117
6668 123
6669 141
6670 138
6671 124
6672 131
6673 133
6674 107
6675 119
6676 123
6677 123
6678 116
6679 125
6680 131
6681 131
6682 131
6683 133
6684 145
6685 134
6686 125
6687 121
6688 125
6689 126
6690 118
6691 123
6692 121
6693 126
6694 129
6695 130
6696 104
6697 138
6698 126
6699 116
6700 128
6701 140
6702 118
6703 114
6704 133
6705 133
6706 114
6707 113
6708 124
6709 125
6710 128
6711 124
6712 131
6713 129
6714 136
6715 141
6716 133
6717 128
6718 128
6719 119
6720 127
6721 134
6722 132
6723 135
6724 136
6725 128
6726 138
6727 125
6728 161
6729 105
6730 131
6731 127
6732 125
6733 114
6734 130
6735 120
6736 123
6737 144
6738 140
6739 114
6740 132
6741 147
6742 124
6743 129
6744 140
6745 146
6746 147
6747 131
6748 125
6749 154
6750 110
6751 124
6752 122
6753 127
6754 134
6755 111
6756 133
6757 148
6758 131
6759 109
6760 136
6761 122
6762 103
6763 142
6764 136
6765 105
6766 115
6767 125
6768 137
6769 115
6770 117
6771 120
6772 112
6773 149
6774 129
6775 145
6776 138
6777 121
6778 123
6779 129
6780 125
6781 99
6782 128
6783 135
6784 130
6785 111
6786 138
6787 129
6788 138
6789 114
6790 132
6791 109
6792 121
6793 116
6794 142
6795 117
6796 95
6797 103
6798 110
6799 127
6800 155
6801 117
6802 114
6803 118
6804 122
6805 143
6806 126
6807 122
6808 129
6809 127
6810 109
6811 118
6812 107
6813 112
6814 130
6815 146
6816 149
6817 129
6818 120
6819 120
6820 103
6821 129
6822 137
6823 118
6824 142
6825 109
6826 97
6827 134
6828 118
6829 132
6830 162
6831 136
6832 103
6833 139
6834 126
6835 126
6836 118
6837 109
6838 130
6839 128
6840 108
6841 110
6842 136
6843 134
6844 115
6845 117
6846 109
6847 126
6848 138
6849 138
6850 115
6851 132
6852 139
6853 129
6854 120
6855 121
6856 119
6857 131
6858 131
6859 121
6860 139
6861 133
6862 136
6863 107
6864 138
6865 157
6866 119
6867 124
6868 119
6869 117
6870 126
6871 127
6872 111
6873 123
6874 129
6875 135
6876 150
6877 119
6878 136
6879 117
6880 108
6881 120
6882 117
6883 130
6884 108
6885 125
6886 102
6887 119
6888 129
6889 125
6890 132
6891 133
6892 132
6893 111
6894 118
6895 125
6896 104
6897 149
6898 121
6899 133
6900 126
6901 113
6902 150
6903 103
6904 111
6905 132
6906 125
6907 127
6908 133
6909 121
6910 124
6911 141
6912 118
6913 128
6914 127
6915 139
6916 125
6917 116
6918 110
6919 133
6920 124
6921 108
6922 120
6923 117
6924 131
6925 115
6926 116
6927 103
6928 116
6929 110
6930 126
6931 106
6932 126
6933 139
6934 114
6935 114
6936 119
6937 128
6938 121
6939 141
6940 121
6941 146
6942 119
6943 120
6944 131
6945 93
6946 135
6947 121
6948 113
6949 109
6950 134
6951 130
6952 103
6953 128
6954 125
6955 117
6956 118
6957 125
6958 121
6959 110
6960 117
6961 134
6962 133
6963 124
6964 117
6965 129
6966 108
6967 120
6968 117
6969 113
6970 106
6971 113
6972 118
6973 112
6974 119
6975 122
6976 126
6977 135
6978 125
6979 114
6980 120
6981 97
6982 123
6983 130
6984 143
6985 99
6986 104
6987 138
6988 105
6989 109
6990 99
6991 114
6992 107
6993 108
6994 134
6995 116
6996 128
6997 121
6998 129
6999 97
7000 127
7001 109
7002 152
7003 131
7004 103
7005 120
7006 150
7007 132
7008 93
7009 114
7010 112
7011 118
7012 126
7013 114
7014 103
7015 110
7016 123
7017 121
7018 117
7019 114
7020 138
7021 119
7022 130
7023 123
7024 97
7025 115
7026 129
7027 104
7028 131
7029 134
7030 122
7031 117
7032 116
7033 114
7034 120
7035 113
7036 100
7037 122
7038 123
7039 108
7040 131
7041 129
7042 113
7043 145
7044 100
7045 110
7046 124
7047 104
7048 94
7049 123
7050 127
7051 115
7052 129
7053 128
7054 103
7055 118
7056 120
7057 131
7058 133
7059 117
7060 117
7061 115
7062 116
7063 120
7064 137
7065 116
7066 112
7067 130
7068 127
7069 145
7070 96
7071 129
7072 126
7073 132
7074 143
7075 112
7076 111
7077 103
7078 121
7079 111
7080 107
7081 121
7082 120
7083 120
7084 124
7085 106
7086 118
7087 117
7088 120
7089 131
7090 126
7091 130
7092 93
7093 102
7094 110
7095 110
7096 106
7097 110
7098 99
7099 108
7100 103
7101 129
7102 138
7103 117
7104 104
7105 128
7106 118
7107 109
7108 137
7109 118
7110 127
7111 122
7112 126
7113 108
7114 138
7115 136
7116 111
7117 119
7118 128
7119 102
7120 113
7121 135
7122 132
7123 107
7124 96
7125 110
7126 113
7127 111
7128 113
7129 112
7130 127
7131 137
7132 112
7133 128
7134 117
7135 121
7136 100
7137 109
7138 122
7139 115
7140 122
7141 122
7142 96
7143 122
7144 119
7145 124
7146 105
7147 93
7148 90
7149 119
7150 130
7151 126
7152 131
7153 130
7154 93
7155 119
7156 110
7157 106
7158 108
7159 107
7160 119
7161 116
7162 111
7163 97
7164 109
7165 98
7166 118
7167 106
7168 133
7169 116
7170 108
7171 127
7172 128
7173 121
7174 101
7175 107
7176 101
7177 126
7178 104
7179 116
7180 114
7181 116
7182 121
7183 119
7184 123
7185 120
7186 114
7187 112
7188 135
7189 115
7190 104
7191 116
7192 105
7193 111
7194 117
7195 134
7196 109
7197 108
7198 131
7199 119
7200 110
7201 125
7202 113
7203 115
7204 106
7205 92
7206 126
7207 107
7208 101
7209 116
7210 126
7211 114
7212 144
7213 110
7214 110
7215 87
7216 106
7217 121
7218 120
7219 106
7220 108
7221 115
7222 116
7223 104
7224 107
7225 116
7226 107
7227 121
7228 124
7229 111
7230 119
7231 101
7232 91
7233 107
7234 107
7235 108
7236 108
7237 118
7238 111
7239 110
7240 110
7241 105
7242 117
7243 111
7244 122
7245 132
7246 137
7247 112
7248 122
7249 121
7250 129
7251 117
7252 108
7253 108
7254 109
7255 116
7256 115
7257 126
7258 109
7259 106
7260 108
7261 113
7262 107
7263 116
7264 114
7265 124
7266 118
7267 128
7268 120
7269 126
7270 129
7271 135
7272 112
7273 121
7274 111
7275 115
7276 138
7277 117
7278 129
7279 133
7280 123
7281 146
7282 131
7283 98
7284 131
7285 115
7286 123
7287 113
7288 115
7289 110
7290 131
7291 108
7292 132
7293 110
7294 115
7295 104
7296 115
7297 117
7298 125
7299 122
7300 128
7301 150
7302 113
7303 120
7304 122
7305 111
7306 108
7307 130
7308 122
7309 106
7310 118
7311 102
7312 126
7313 120
7314 124
7315 118
7316 118
7317 99
7318 107
7319 99
7320 121
7321 113
7322 129
7323 130
7324 110
7325 107
7326 121
7327 116
7328 117
7329 122
7330 107
7331 121
7332 135
7333 113
7334 101
7335 114
7336 130
7337 145
7338 124
7339 139
7340 117
7341 116
7342 122
7343 126
7344 120
7345 110
7346 114
7347 106
7348 108
7349 108
7350 121
7351 129
7352 104
7353 120
7354 92
7355 115
7356 137
7357 116
7358 135
7359 113
7360 114
7361 109
7362 121
7363 122
7364 113
7365 115
7366 120
7367 125
7368 107
7369 106
7370 121
7371 117
7372 107
7373 111
7374 125
7375 119
7376 89
7377 109
7378 139
7379 133
7380 109
7381 116
7382 137
7383 120
7384 110
7385 109
7386 117
7387 124
7388 113
7389 118
7390 119
7391 123
7392 111
7393 103
7394 113
7395 109
7396 107
7397 126
7398 125
7399 128
7400 109
7401 108
7402 125
7403 128
7404 110
7405 102
7406 114
7407 125
7408 125
7409 129
7410 111
7411 113
7412 116
7413 121
7414 104
7415 103
7416 104
7417 99
7418 120
7419 124
7420 113
7421 106
7422 106
7423 108
7424 135
7425 99
7426 113
7427 107
7428 103
7429 109
7430 103
7431 107
7432 121
7433 141
7434 124
7435 107
7436 119
7437 122
7438 139
7439 139
7440 114
7441 108
7442 131
7443 111
7444 133
7445 130
7446 112
7447 112
7448 129
7449 118
7450 109
7451 129
7452 107
7453 120
7454 114
7455 128
7456 121
7457 121
7458 108
7459 136
7460 123
7461 135
7462 121
7463 126
7464 122
7465 118
7466 125
7467 113
7468 119
7469 96
7470 114
7471 117
7472 117
7473 101
7474 129
7475 120
7476 105
7477 120
7478 100
7479 111
7480 118
7481 109
7482 107
7483 109
7484 109
7485 126
7486 119
7487 118
7488 115
7489 116
7490 105
7491 119
7492 120
7493 128
7494 124
7495 99
7496 116
7497 117
7498 90
7499 117
7500 114
7501 123
7502 130
7503 117
7504 98
7505 114
7506 102
7507 118
7508 96
7509 115
7510 111
7511 117
7512 106
7513 98
7514 122
7515 109
7516 100
7517 102
7518 118
7519 98
7520 115
7521 122
7522 121
7523 114
7524 110
7525 102
7526 95
7527 126
7528 93
7529 129
7530 98
7531 103
7532 112
7533 116
7534 117
7535 109
7536 123
7537 97
7538 102
7539 98
7540 107
7541 108
7542 118
7543 99
7544 99
7545 101
7546 88
7547 103
7548 124
7549 109
7550 108
7551 95
7552 87
7553 85
7554 114
7555 104
7556 119
7557 110
7558 116
7559 90
7560 101
7561 139
7562 126
7563 116
7564 108
7565 125
7566 114
7567 110
7568 107
7569 101
7570 123
7571 111
7572 117
7573 121
7574 119
7575 99
7576 109
7577 118
7578 108
7579 114
7580 100
7581 102
7582 140
7583 135
7584 116
7585 120
7586 100
7587 97
7588 102
7589 119
7590 110
7591 112
7592 120
7593 130
7594 88
7595 133
7596 106
7597 109
7598 126
7599 128
7600 108
7601 117
7602 111
7603 117
7604 98
7605 100
7606 87
7607 106
7608 99
7609 105
7610 100
7611 101
7612 105
7613 113
7614 123
7615 119
7616 98
7617 104
7618 98
7619 123
7620 122
7621 102
7622 106
7623 101
7624 102
7625 103
7626 104
7627 113
7628 122
7629 113
7630 93
7631 111
7632 121
7633 98
7634 120
7635 106
7636 111
7637 99
7638 112
7639 126
7640 127
7641 106
7642 114
7643 104
7644 103
7645 110
7646 97
7647 116
7648 113
7649 95
7650 114
7651 96
7652 103
7653 103
7654 116
7655 109
7656 105
7657 97
7658 108
7659 133
7660 106
7661 94
7662 107
7663 109
7664 89
7665 110
7666 115
7667 113
7668 95
7669 113
7670 108
7671 99
7672 107
7673 103
7674 106
7675 120
7676 110
7677 118
7678 110
7679 109
7680 110
7681 112
7682 118
7683 106
7684 119
7685 105
7686 113
7687 115
7688 104
7689 107
7690 116
7691 120
7692 94
7693 108
7694 110
7695 105
7696 89
7697 149
7698 112
7699 103
7700 112
7701 104
7702 95
7703 112
7704 94
7705 112
7706 115
7707 108
7708 84
7709 103
7710 121
7711 97
7712 108
7713 94
7714 106
7715 106
7716 124
7717 109
7718 117
7719 106
7720 91
7721 100
7722 131
7723 111
7724 117
7725 107
7726 128
7727 114
7728 97
7729 112
7730 110
7731 108
7732 114
7733 127
7734 127
7735 130
7736 113
7737 112
7738 117
7739 90
7740 108
7741 112
7742 106
7743 121
7744 105
7745 102
7746 108
7747 102
7748 106
7749 121
7750 106
7751 98
7752 112
7753 118
7754 103
7755 99
7756 98
7757 107
7758 114
7759 101
7760 111
7761 113
7762 95
7763 91
7764 97
7765 92
7766 133
7767 85
7768 99
7769 114
7770 104
7771 92
7772 106
7773 110
7774 112
7775 98
7776 112
7777 113
7778 115
7779 94
7780 123
7781 121
7782 111
7783 107
7784 99
7785 100
7786 133
7787 96
7788 107
7789 120
7790 107
7791 111
7792 107
7793 95
7794 117
7795 108
7796 107
7797 100
7798 91
7799 112
7800 117
7801 100
7802 100
7803 111
7804 103
7805 132
7806 117
7807 115
7808 111
7809 116
7810 107
7811 113
7812 112
7813 98
7814 129
7815 99
7816 117
7817 113
7818 116
7819 123
7820 103
7821 108
7822 106
7823 128
7824 113
7825 99
7826 98
7827 109
7828 119
7829 92
7830 103
7831 107
7832 113
7833 122
7834 113
7835 94
7836 109
7837 100
7838 123
7839 110
7840 108
7841 107
7842 81
7843 110
7844 82
7845 101
7846 103
7847 99
7848 99
7849 87
7850 104
7851 88
7852 104
7853 105
7854 97
7855 108
7856 104
7857 93
7858 116
7859 118
7860 92
7861 103
7862 90
7863 110
7864 96
7865 102
7866 119
7867 107
7868 115
7869 115
7870 102
7871 122
7872 123
7873 106
7874 108
7875 99
7876 104
7877 117
7878 89
7879 91
7880 122
7881 90
7882 116
7883 98
7884 108
7885 117
7886 105
7887 122
7888 101
7889 95
7890 98
7891 104
7892 118
7893 108
7894 100
7895 109
7896 102
7897 109
7898 115
7899 122
7900 87
7901 112
7902 94
7903 103
7904 111
7905 108
7906 101
7907 96
7908 97
7909 123
7910 100
7911 99
7912 110
7913 99
7914 105
7915 102
7916 105
7917 102
7918 84
7919 110
7920 109
7921 99
7922 112
7923 96
7924 97
7925 103
7926 105
7927 93
7928 111
7929 109
7930 94
7931 101
7932 118
7933 84
7934 85
7935 99
7936 110
7937 110
7938 104
7939 114
7940 114
7941 103
7942 109
7943 103
7944 101
7945 99
7946 106
7947 87
7948 114
7949 122
7950 101
7951 92
7952 91
7953 113
7954 92
7955 97
7956 100
7957 107
7958 98
7959 102
7960 97
7961 114
7962 98
7963 95
7964 94
7965 104
7966 112
7967 94
7968 114
7969 96
7970 105
7971 112
7972 91
7973 88
7974 100
7975 90
7976 86
7977 94
7978 115
7979 87
7980 113
7981 90
7982 101
7983 103
7984 87
7985 109
7986 107
7987 113
7988 97
7989 94
7990 109
7991 115
7992 124
7993 87
7994 104
7995 104
7996 94
7997 96
7998 96
7999 112
8000 110
8001 97
8002 105
8003 114
8004 100
8005 98
8006 105
8007 101
8008 119
8009 91
8010 108
8011 93
8012 96
8013 90
8014 96
8015 105
8016 101
8017 114
8018 89
8019 85
8020 99
8021 73
8022 92
8023 85
8024 94
8025 110
8026 112
8027 99
8028 99
8029 110
8030 87
8031 94
8032 105
8033 110
8034 118
8035 109
8036 102
8037 89
8038 98
8039 98
8040 121
8041 120
8042 120
8043 116
8044 104
8045 112
8046 90
8047 101
8048 82
8049 97
8050 109
8051 107
8052 111
8053 111
8054 98
8055 96
8056 99
8057 114
8058 100
8059 110
8060 90
8061 97
8062 93
8063 92
8064 126
8065 98
8066 93
8067 94
8068 115
8069 103
8070 103
8071 91
8072 96
8073 90
8074 97
8075 106
8076 98
8077 96
8078 103
8079 95
8080 108
8081 102
8082 70
8083 91
8084 89
8085 99
8086 104
8087 92
8088 78
8089 94
8090 106
8091 109
8092 107
8093 93
8094 101
8095 102
8096 86
8097 102
8098 99
8099 112
8100 99
8101 110
8102 102
8103 100
8104 109
8105 112
8106 100
8107 96
8108 95
8109 84
8110 97
8111 106
8112 94
8113 97
8114 92
8115 86
8116 84
8117 99
8118 110
8119 99
8120 103
8121 104
8122 109
8123 89
8124 111
8125 100
8126 93
8127 99
8128 104
8129 107
8130 87
8131 127
8132 100
8133 99
8134 87
8135 85
8136 92
8137 92
8138 100
8139 92
8140 105
8141 106
8142 110
8143 88
8144 107
8145 109
8146 81
8147 97
8148 88
8149 89
8150 100
8151 101
8152 68
8153 90
8154 114
8155 82
8156 102
8157 97
8158 79
8159 85
8160 103
8161 110
8162 96
8163 98
8164 119
8165 96
8166 120
8167 87
8168 81
8169 94
8170 84
8171 84
8172 103
8173 91
8174 105
8175 72
8176 97
8177 81
8178 99
8179 99
8180 87
8181 81
8182 108
8183 102
8184 95
8185 95
8186 97
8187 90
8188 105
8189 104
8190 89
8191 116
8192 82
8193 98
8194 97
8195 92
8196 94
8197 98
8198 80
8199 74
8200 105
8201 80
8202 89
8203 106
8204 108
8205 95
8206 103
8207 116
8208 108
8209 108
8210 94
8211 117
8212 105
8213 105
8214 97
8215 96
8216 97
8217 104
8218 100
8219 102
8220 112
8221 91
8222 86
8223 96
8224 92
8225 96
8226 98
8227 100
8228 99
8229 91
8230 100
8231 98
8232 109
8233 100
8234 89
8235 96
8236 87
8237 91
8238 100
8239 104
8240 90
8241 106
8242 109
8243 96
8244 100
8245 88
8246 94
8247 108
8248 122
8249 106
8250 94
8251 83
8252 93
8253 93
8254 101
8255 96
8256 95
8257 90
8258 85
8259 95
8260 86
8261 97
8262 99
8263 89
8264 86
8265 89
8266 86
8267 91
8268 112
8269 108
8270 99
8271 100
8272 128
8273 96
8274 101
8275 92
8276 114
8277 105
8278 95
8279 98
8280 100
8281 88
8282 101
8283 99
8284 86
8285 93
8286 93
8287 112
8288 118
8289 100
8290 112
8291 91
8292 100
8293 90
8294 84
8295 102
8296 93
8297 110
8298 98
8299 104
8300 79
8301 97
8302 96
8303 116
8304 116
8305 90
8306 86
8307 81
8308 82
8309 100
8310 99
8311 98
8312 84
8313 102
8314 83
8315 89
8316 92
8317 94
8318 88
8319 91
8320 110
8321 95
8322 76
8323 87
8324 77
8325 99
8326 104
8327 100
8328 110
8329 81
8330 81
8331 76
8332 97
8333 99
8334 101
8335 87
8336 105
8337 86
8338 81
8339 93
8340 75
8341 86
8342 94
8343 103
8344 93
8345 100
8346 81
8347 107
8348 102
8349 102
8350 81
8351 87
8352 93
8353 95
8354 107
8355 93
8356 85
8357 101
8358 106
8359 88
8360 84
8361 109
8362 92
8363 102
8364 102
8365 95
8366 105
8367 98
8368 90
8369 103
8370 97
8371 86
8372 104
8373 101
8374 86
8375 96
8376 112
8377 88
8378 109
8379 99
8380 76
8381 99
8382 100
8383 96
8384 94
8385 76
8386 88
8387 120
8388 113
8389 80
8390 88
8391 93
8392 97
8393 96
8394 123
8395 100
8396 85
8397 101
8398 88
8399 86
8400 121
8401 102
8402 82
8403 78
8404 96
8405 103
8406 99
8407 99
8408 111
8409 120
8410 104
8411 110
8412 101
8413 102
8414 86
8415 101
8416 91
8417 101
8418 102
8419 83
8420 104
8421 90
8422 91
8423 89
8424 87
8425 109
8426 103
8427 100
8428 105
8429 96
8430 121
8431 107
8432 91
8433 89
8434 99
8435 110
8436 103
8437 79
8438 89
8439 121
8440 94
8441 112
8442 94
8443 96
8444 88
8445 93
8446 103
8447 86
8448 94
8449 111
8450 103
8451 116
8452 99
8453 109
8454 111
8455 103
8456 92
8457 92
8458 80
8459 84
8460 111
8461 108
8462 87
8463 91
8464 82
8465 92
8466 109
8467 124
8468 84
8469 101
8470 94
8471 95
8472 97
8473 83
8474 86
8475 89
8476 106
8477 95
8478 106
8479 98
8480 107
8481 90
8482 88
8483 90
8484 89
8485 102
8486 89
8487 89
8488 88
8489 101
8490 82
8491 105
8492 95
8493 98
8494 94
8495 97
8496 104
8497 83
8498 89
8499 101
8500 111
8501 82
8502 102
8503 101
8504 89
8505 99
8506 99
8507 92
8508 111
8509 93
8510 83
8511 94
8512 108
8513 92
8514 86
8515 88
8516 106
8517 88
8518 112
8519 96
8520 85
8521 109
8522 108
8523 106
8524 107
8525 86
8526 96
8527 85
8528 83
8529 98
8530 82
8531 97
8532 88
8533 87
8534 95
8535 101
8536 83
8537 88
8538 105
8539 96
8540 77
8541 69
8542 106
8543 91
8544 94
8545 98
8546 87
8547 95
8548 105
8549 103
8550 104
8551 74
8552 116
8553 100
8554 102
8555 99
8556 88
8557 81
8558 81
8559 72
8560 91
8561 98
8562 97
8563 94
8564 96
8565 92
8566 84
8567 92
8568 97
8569 87
8570 85
8571 97
8572 90
8573 86
8574 79
8575 78
8576 93
8577 85
8578 81
8579 96
8580 95
8581 75
8582 91
8583 96
8584 110
8585 79
8586 85
8587 82
8588 95
8589 86
8590 93
8591 97
8592 92
8593 82
8594 102
8595 79
8596 93
8597 100
8598 93
8599 96
8600 81
8601 77
8602 66
8603 87
8604 91
8605 82
8606 97
8607 101
8608 105
8609 80
8610 87
8611 114
8612 84
8613 108
8614 99
8615 120
8616 87
8617 87
8618 90
8619 84
8620 99
8621 94
8622 93
8623 76
8624 81
8625 96
8626 80
8627 86
8628 87
8629 89
8630 84
8631 88
8632 79
8633 98
8634 73
8635 96
8636 89
8637 67
8638 93
8639 80
8640 88
8641 93
8642 101
8643 95
8644 73
8645 101
8646 77
8647 79
8648 83
8649 79
8650 91
8651 92
8652 99
8653 101
8654 76
8655 92
8656 93
8657 72
8658 94
8659 110
8660 100
8661 87
8662 98
8663 87
8664 93
8665 85
8666 92
8667 91
8668 79
8669 95
8670 82
8671 99
8672 78
8673 92
8674 72
8675 95
8676 77
8677 91
8678 99
8679 95
8680 97
8681 74
8682 86
8683 86
8684 96
8685 72
8686 77
8687 85
8688 89
8689 93
8690 96
8691 90
8692 85
8693 90
8694 82
8695 87
8696 89
8697 74
8698 74
8699 99
8700 81
8701 80
8702 79
8703 77
8704 92
8705 83
8706 86
8707 70
8708 98
8709 92
8710 94
8711 101
8712 90
8713 74
8714 71
8715 89
8716 82
8717 88
8718 87
8719 95
8720 87
8721 67
8722 88
8723 71
8724 90
8725 89
8726 92
8727 91
8728 72
8729 87
8730 89
8731 89
8732 79
8733 90
8734 81
8735 79
8736 85
8737 91
8738 105
8739 81
8740 80
8741 77
8742 100
8743 84
8744 71
8745 79
8746 88
8747 111
8748 86
8749 88
8750 71
8751 77
8752 88
8753 95
8754 85
8755 95
8756 96
8757 73
8758 86
8759 74
8760 98
8761 101
8762 90
8763 91
8764 78
8765 83
8766 75
8767 103
8768 83
8769 83
8770 89
8771 86
8772 82
8773 85
8774 86
8775 92
8776 99
8777 85
8778 83
8779 106
8780 75
8781 85
8782 70
8783 93
8784 87
8785 78
8786 96
8787 95
8788 84
8789 89
8790 77
8791 100
8792 82
8793 89
8794 75
8795 92
8796 83
8797 95
8798 77
8799 75
8800 98
8801 86
8802 87
8803 95
8804 76
8805 84
8806 79
8807 80
8808 75
8809 100
8810 77
8811 90
8812 93
8813 59
8814 77
8815 88
8816 83
8817 94
8818 76
8819 76
8820 92
8821 81
8822 84
8823 105
8824 86
8825 78
8826 95
8827 92
8828 94
8829 105
8830 85
8831 91
8832 73
8833 96
8834 92
8835 87
8836 94
8837 91
8838 83
8839 82
8840 66
8841 82
8842 103
8843 76
8844 92
8845 83
8846 91
8847 85
8848 92
8849 81
8850 81
8851 87
8852 78
8853 60
8854 82
8855 84
8856 83
8857 72
8858 81
8859 74
8860 80
8861 75
8862 83
8863 77
8864 87
8865 81
8866 84
8867 90
8868 78
8869 87
8870 76
8871 100
8872 95
8873 80
8874 75
8875 78
8876 72
8877 82
8878 77
8879 76
8880 88
8881 88
8882 73
8883 74
8884 103
8885 77
8886 88
8887 92
8888 80
8889 82
8890 104
8891 93
8892 94
8893 79
8894 83
8895 71
8896 85
8897 79
8898 87
8899 90
8900 82
8901 85
8902 84
8903 90
8904 102
8905 84
8906 75
8907 93
8908 91
8909 100
8910 71
8911 74
8912 86
8913 92
8914 92
8915 84
8916 95
8917 79
8918 79
8919 98
8920 88
8921 94
8922 83
8923 89
8924 84
8925 115
8926 72
8927 77
8928 109
8929 102
8930 76
8931 86
8932 78
8933 88
8934 83
8935 83
8936 71
8937 89
8938 73
8939 79
8940 71
8941 98
8942 92
8943 82
8944 87
8945 82
8946 88
8947 88
8948 80
8949 92
8950 92
8951 100
8952 76
8953 80
8954 80
8955 90
8956 90
8957 74
8958 77
8959 88
8960 80
8961 78
8962 80
8963 72
8964 82
8965 69
8966 89
8967 71
8968 71
8969 74
8970 87
8971 79
8972 87
8973 79
8974 87
8975 74
8976 77
8977 73
8978 82
8979 71
8980 91
8981 91
8982 91
8983 87
8984 91
8985 108
8986 89
8987 92
8988 78
8989 82
8990 77
8991 87
8992 78
8993 75
8994 90
8995 77
8996 87
8997 76
8998 79
8999 86
9000 82
9001 97
9002 80
9003 73
9004 68
9005 78
9006 77
9007 100
9008 85
9009 80
9010 76
9011 99
9012 94
9013 88
9014 87
9015 72
9016 90
9017 100
9018 81
9019 72
9020 76
9021 86
9022 81
9023 103
9024 97
9025 93
9026 88
9027 73
9028 88
9029 81
9030 74
9031 78
9032 80
9033 83
9034 74
9035 104
9036 88
9037 79
9038 78
9039 76
9040 81
9041 52
9042 70
9043 91
9044 71
9045 85
9046 83
9047 107
9048 77
9049 83
9050 82
9051 72
9052 77
9053 93
9054 79
9055 82
9056 81
9057 80
9058 83
9059 91
9060 90
9061 82
9062 79
9063 83
9064 83
9065 73
9066 90
9067 86
9068 77
9069 83
9070 84
9071 77
9072 96
9073 81
9074 83
9075 84
9076 73
9077 76
9078 87
9079 75
9080 90
9081 81
9082 98
9083 84
9084 74
9085 88
9086 92
9087 89
9088 68
9089 90
9090 70
9091 71
9092 80
9093 92
9094 81
9095 74
9096 99
9097 95
9098 77
9099 88
9100 89
9101 98
9102 88
9103 79
9104 79
9105 77
9106 90
9107 75
9108 94
9109 77
9110 60
9111 85
9112 69
9113 83
9114 70
9115 68
9116 63
9117 86
9118 91
9119 93
9120 86
9121 67
9122 83
9123 93
9124 80
9125 79
9126 75
9127 88
9128 63
9129 79
9130 75
9131 80
9132 84
9133 82
9134 75
9135 85
9136 70
9137 74
9138 77
9139 74
9140 79
9141 75
9142 63
9143 79
9144 89
9145 83
9146 81
9147 86
9148 78
9149 83
9150 89
9151 81
9152 77
9153 81
9154 85
9155 77
9156 88
9157 80
9158 78
9159 69
9160 82
9161 73
9162 72
9163 83
9164 74
9165 76
9166 57
9167 74
9168 78
9169 83
9170 97
9171 76
9172 75
9173 75
9174 76
9175 70
9176 90
9177 75
9178 68
9179 78
9180 70
9181 94
9182 94
9183 96
9184 82
9185 94
9186 74
9187 104
9188 68
9189 75
9190 73
9191 81
9192 86
9193 90
9194 74
9195 58
9196 86
9197 81
9198 71
9199 77
9200 70
9201 82
9202 88
9203 67
9204 72
9205 80
9206 73
9207 81
9208 88
9209 84
9210 81
9211 79
9212 101
9213 89
9214 70
9215 82
9216 83
9217 91
9218 69
9219 86
9220 74
9221 76
9222 64
9223 78
9224 63
9225 81
9226 64
9227 69
9228 75
9229 75
9230 76
9231 85
9232 78
9233 71
9234 76
9235 72
9236 76
9237 80
9238 88
9239 89
9240 84
9241 90
9242 76
9243 78
9244 61
9245 80
9246 74
9247 75
9248 61
9249 72
9250 73
9251 76
9252 75
9253 63
9254 81
9255 65
9256 71
9257 65
9258 71
9259 67
9260 70
9261 76
9262 95
9263 63
9264 72
9265 79
9266 63
9267 79
9268 75
9269 78
9270 61
9271 77
9272 68
9273 81
9274 75
9275 91
9276 73
9277 71
9278 49
9279 68
9280 81
9281 72
9282 78
9283 68
9284 78
9285 73
9286 86
9287 79
9288 73
9289 77
9290 64
9291 75
9292 90
9293 71
9294 74
9295 72
9296 79
9297 61
9298 71
9299 66
9300 67
9301 77
9302 83
9303 75
9304 72
9305 82
9306 70
9307 82
9308 86
9309 79
9310 65
9311 88
9312 66
9313 77
9314 73
9315 85
9316 82
9317 80
9318 83
9319 68
9320 73
9321 80
9322 72
9323 77
9324 59
9325 75
9326 73
9327 80
9328 83
9329 67
9330 79
9331 77
9332 79
9333 70
9334 71
9335 66
9336 76
9337 70
9338 72
9339 83
9340 86
9341 74
9342 67
9343 81
9344 83
9345 77
9346 86
9347 95
9348 88
9349 81
9350 77
9351 65
9352 78
9353 62
9354 85
9355 83
9356 82
9357 83
9358 77
9359 83
9360 80
9361 82
9362 81
9363 62
9364 78
9365 78
9366 82
9367 76
9368 71
9369 91
9370 75
9371 76
9372 79
9373 84
9374 71
9375 70
9376 71
9377 92
9378 61
9379 67
9380 85
9381 65
9382 64
9383 77
9384 62
9385 68
9386 70
9387 71
9388 72
9389 72
9390 76
9391 71
9392 74
9393 65
9394 73
9395 68
9396 76
9397 77
9398 63
9399 84
9400 78
9401 66
9402 81
9403 73
9404 77
9405 78
9406 75
9407 66
9408 82
9409 68
9410 79
9411 65
9412 77
9413 74
9414 71
9415 88
9416 82
9417 76
9418 74
9419 76
9420 69
9421 75
9422 86
9423 82
9424 59
9425 93
9426 77
9427 72
9428 70
9429 68
9430 61
9431 68
9432 76
9433 76
9434 77
9435 58
9436 82
9437 66
9438 75
9439 73
9440 60
9441 63
9442 62
9443 73
9444 76
9445 90
9446 76
9447 78
9448 73
9449 72
9450 92
9451 81
9452 94
9453 84
9454 77
9455 63
9456 71
9457 83
9458 78
9459 67
9460 71
9461 63
9462 54
9463 80
9464 54
9465 54
9466 78
9467 68
9468 80
9469 65
9470 71
9471 72
9472 86
9473 60
9474 83
9475 77
9476 76
9477 75
9478 71
9479 77
9480 72
9481 84
9482 72
9483 88
9484 83
9485 68
9486 76
9487 71
9488 90
9489 55
9490 76
9491 82
9492 79
9493 89
9494 72
9495 73
9496 72
9497 64
9498 83
9499 75
9500 68
9501 66
9502 61
9503 57
9504 64
9505 88
9506 85
9507 81
9508 59
9509 66
9510 82
9511 63
9512 63
9513 80
9514 82
9515 73
9516 73
9517 62
9518 70
9519 64
9520 73
9521 71
9522 53
9523 67
9524 67
9525 71
9526 67
9527 75
9528 73
9529 86
9530 83
9531 74
9532 78
9533 73
9534 84
9535 77
9536 88
9537 62
9538 64
9539 76
9540 60
9541 70
9542 61
9543 63
9544 69
9545 79
9546 71
9547 57
9548 76
9549 66
9550 66
9551 61
9552 77
9553 65
9554 65
9555 82
9556 70
9557 63
9558 64
9559 75
9560 70
9561 89
9562 69
9563 74
9564 72
9565 78
9566 58
9567 71
9568 70
9569 71
9570 74
9571 84
9572 69
9573 62
9574 49
9575 54
9576 71
9577 71
9578 61
9579 66
9580 71
9581 67
9582 70
9583 61
9584 77
9585 51
9586 65
9587 77
9588 77
9589 78
9590 63
9591 73
9592 75
9593 69
9594 67
9595 65
9596 76
9597 78
9598 70
9599 81
9600 80
9601 64
9602 71
9603 68
9604 73
9605 56
9606 74
9607 73
9608 90
9609 52
9610 71
9611 73
9612 63
9613 84
9614 64
9615 65
9616 71
9617 79
9618 58
9619 75
9620 73
9621 78
9622 65
9623 79
9624 77
9625 72
9626 68
9627 62
9628 57
9629 75
9630 75
9631 70
9632 63
9633 61
9634 56
9635 59
9636 67
9637 72
9638 80
9639 71
9640 83
9641 79
9642 57
9643 72
9644 75
9645 67
9646 70
9647 75
9648 71
9649 69
9650 71
9651 61
9652 76
9653 56
9654 56
9655 53
9656 64
9657 59
9658 70
9659 72
9660 72
9661 66
9662 82
9663 73
9664 73
9665 62
9666 66
9667 64
9668 65
9669 71
9670 73
9671 59
9672 81
9673 66
9674 66
9675 64
9676 64
9677 78
9678 66
9679 78
9680 88
9681 92
9682 68
9683 60
9684 71
9685 59
9686 57
9687 73
9688 50
9689 61
9690 81
9691 65
9692 75
9693 71
9694 73
9695 68
9696 66
9697 64
9698 78
9699 63
9700 89
9701 65
9702 61
9703 76
9704 66
9705 62
9706 69
9707 59
9708 69
9709 67
9710 67
9711 65
9712 63
9713 70
9714 75
9715 56
9716 75
9717 67
9718 60
9719 71
9720 67
9721 62
9722 62
9723 59
9724 68
9725 67
9726 73
9727 76
9728 66
9729 64
9730 78
9731 64
9732 61
9733 62
9734 65
9735 60
9736 49
9737 64
9738 72
9739 85
9740 70
9741 73
9742 76
9743 61
9744 83
9745 57
9746 75
9747 52
9748 65
9749 55
9750 51
9751 62
9752 81
9753 79
9754 59
9755 75
9756 49
9757 72
9758 67
9759 56
9760 56
9761 62
9762 70
9763 73
9764 71
9765 70
9766 75
9767 80
9768 68
9769 57
9770 62
9771 70
9772 77
9773 62
9774 65
9775 70
9776 60
9777 74
9778 58
9779 67
9780 61
9781 66
9782 73
9783 51
9784 68
9785 52
9786 59
9787 75
9788 64
9789 52
9790 67
9791 66
9792 54
9793 62
9794 76
9795 58
9796 68
9797 63
9798 73
9799 53
9800 64
9801 63
9802 62
9803 71
9804 60
9805 76
9806 72
9807 70
9808 59
9809 61
9810 63
9811 62
9812 61
9813 63
9814 60
9815 71
9816 77
9817 70
9818 53
9819 66
9820 80
9821 72
9822 55
9823 75
9824 55
9825 47
9826 86
9827 67
9828 41
9829 73
9830 62
9831 68
9832 70
9833 77
9834 65
9835 67
9836 64
9837 60
9838 73
9839 67
9840 63
9841 63
9842 73
9843 44
9844 55
9845 66
9846 85
9847 60
9848 74
9849 44
9850 67
9851 60
9852 67
9853 81
9854 62
9855 56
9856 58
9857 67
9858 68
9859 68
9860 57
9861 63
9862 81
9863 73
9864 45
9865 60
9866 57
9867 54
9868 52
9869 72
9870 59
9871 67
9872 64
9873 61
9874 60
9875 69
9876 52
9877 65
9878 56
9879 55
9880 73
9881 74
9882 74
9883 61
9884 71
9885 70
9886 75
9887 53
9888 66
9889 50
9890 63
9891 60
9892 68
9893 73
9894 63
9895 72
9896 57
9897 48
9898 54
9899 63
9900 74
9901 70
9902 60
9903 66
9904 75
9905 66
9906 68
9907 57
9908 67
9909 67
9910 59
9911 58
9912 73
9913 59
9914 65
9915 60
9916 60
9917 65
9918 68
9919 52
9920 65
9921 57
9922 65
9923 50
9924 64
9925 61
9926 74
9927 57
9928 50
9929 63
9930 61
9931 64
9932 51
9933 56
9934 63
9935 64
9936 72
9937 73
9938 68
9939 61
9940 61
9941 77
9942 45
9943 61
9944 53
9945 58
9946 53
9947 61
9948 62
9949 61
9950 53
9951 49
9952 63
9953 63
9954 61
9955 54
9956 56
9957 64
9958 71
9959 50
9960 77
9961 47
9962 50
9963 49
9964 64
9965 65
9966 62
9967 70
9968 58
9969 47
9970 68
9971 69
9972 65
9973 54
9974 69
9975 62
9976 67
9977 49
9978 70
9979 58
9980 70
9981 47
9982 68
9983 55
9984 59
9985 63
9986 71
9987 64
9988 54
9989 66
9990 80
9991 51
9992 51
9993 76
9994 55
9995 65
9996 55
9997 69
9998 55
9999 56
10000 65
10001 673784
