# Title:27-mer spectra for: 63
# XLabel:27-mer frequency
# YLabel:# distinct 27-mers
# Kmer value:27
# Input 1:<pipe>
###
1 3173035891
2 238553666
3 66603320
4 30368115
5 17303277
6 11221383
7 7796133
8 5697091
9 4342341
10 3404417
11 2734070
12 2249271
13 1873884
14 1591521
15 1365392
16 1186674
17 1039398
18 917768
19 815387
20 732342
21 662783
22 602413
23 554280
24 510934
25 476894
26 444615
27 417841
28 396918
29 377816
30 362698
31 351605
32 343828
33 338869
34 335262
35 336433
36 341175
37 349776
38 362929
39 381254
40 402643
41 429041
42 460991
43 500817
44 546720
45 594898
46 656016
47 723115
48 795774
49 872903
50 961270
51 1055543
52 1160070
53 1270316
54 1387700
55 1514566
56 1647334
57 1789245
58 1934019
59 2082335
60 2237550
61 2395423
62 2557923
63 2727111
64 2889650
65 3064592
66 3232179
67 3397500
68 3562274
69 3719315
70 3867965
71 4010603
72 4135054
73 4253537
74 4349567
75 4439779
76 4517543
77 4565068
78 4605001
79 4622835
80 4618534
81 4596309
82 4559452
83 4503360
84 4432165
85 4336393
86 4230139
87 4110870
88 3980562
89 3844532
90 3694582
91 3540713
92 3381097
93 3218359
94 3052956
95 2890071
96 2723329
97 2561166
98 2401176
99 2247906
100 2097061
101 1952425
102 1810263
103 1679548
104 1554545
105 1433579
106 1323450
107 1222280
108 1123458
109 1030373
110 944722
111 868276
112 798547
113 733744
114 671254
115 617441
116 568583
117 524718
118 483699
119 447599
120 413394
121 383849
122 358631
123 334804
124 314465
125 296427
126 281554
127 269061
128 255460
129 246477
130 238304
131 230694
132 223654
133 218157
134 213151
135 210694
136 209746
137 205641
138 204671
139 203913
140 203838
141 202897
142 203759
143 203873
144 204210
145 203891
146 205224
147 206887
148 207056
149 208191
150 208844
151 208465
152 208784
153 209485
154 210548
155 210414
156 210970
157 210709
158 209489
159 209620
160 208417
161 207894
162 206055
163 205760
164 204274
165 202850
166 200598
167 199871
168 198077
169 195181
170 193618
171 190872
172 188304
173 184657
174 182637
175 178694
176 176662
177 174911
178 170701
179 167766
180 165264
181 161940
182 159871
183 156707
184 152817
185 150442
186 147759
187 145458
188 142109
189 140032
190 136995
191 134766
192 132219
193 130022
194 127873
195 125380
196 122379
197 120585
198 118042
199 115403
200 113913
201 110656
202 109021
203 106508
204 105231
205 102841
206 101940
207 100533
208 99219
209 97194
210 95355
211 94003
212 92670
213 91216
214 90165
215 89236
216 87418
217 86892
218 84850
219 83810
220 82835
221 81392
222 80629
223 79931
224 79411
225 77748
226 77381
227 76831
228 75422
229 74751
230 73790
231 73141
232 72101
233 71567
234 70863
235 70419
236 69543
237 69025
238 68291
239 67672
240 66339
241 65675
242 65024
243 64967
244 64452
245 63825
246 63137
247 62460
248 61782
249 61421
250 60895
251 60400
252 60057
253 59675
254 59426
255 58639
256 58719
257 57901
258 57510
259 56908
260 56423
261 55725
262 55086
263 54649
264 54149
265 53520
266 53162
267 52851
268 52283
269 52146
270 51513
271 51058
272 50529
273 49880
274 49479
275 49272
276 49010
277 48257
278 48656
279 47953
280 47486
281 46841
282 46425
283 46516
284 46260
285 45454
286 45442
287 44776
288 44552
289 43990
290 43542
291 43302
292 42591
293 42501
294 42386
295 41976
296 41662
297 41275
298 41076
299 40685
300 40266
301 39564
302 39245
303 39130
304 39218
305 38821
306 38348
307 38334
308 37897
309 37945
310 37457
311 37504
312 37266
313 36645
314 36548
315 36597
316 36169
317 36185
318 36021
319 35724
320 35570
321 35358
322 34973
323 35154
324 34692
325 33831
326 33561
327 33434
328 33134
329 33396
330 33036
331 32558
332 32373
333 32340
334 31931
335 32030
336 31710
337 31500
338 31329
339 31325
340 30699
341 30409
342 30218
343 29863
344 29723
345 29724
346 29505
347 29387
348 28877
349 28488
350 28136
351 28408
352 27958
353 27618
354 27554
355 27472
356 27211
357 26780
358 27004
359 26878
360 26804
361 26590
362 26373
363 26208
364 25673
365 25696
366 25656
367 25595
368 25087
369 24922
370 24671
371 24702
372 24456
373 24411
374 24007
375 23716
376 23473
377 23621
378 23325
379 22841
380 22725
381 22385
382 22548
383 22447
384 22393
385 22158
386 22272
387 21746
388 21774
389 21599
390 21814
391 21417
392 21496
393 21061
394 20857
395 21123
396 20714
397 20974
398 20744
399 20842
400 20501
401 20260
402 20268
403 20421
404 20159
405 20178
406 19986
407 20108
408 19635
409 19504
410 19342
411 19479
412 19253
413 19458
414 19040
415 19244
416 18956
417 18901
418 19021
419 18711
420 18740
421 18830
422 18443
423 18421
424 18187
425 18316
426 18052
427 17695
428 17826
429 17586
430 17625
431 17437
432 17511
433 17107
434 16979
435 17016
436 16963
437 17093
438 16841
439 16768
440 16591
441 16514
442 16635
443 16632
444 16215
445 15987
446 16179
447 15988
448 15874
449 15956
450 16014
451 15606
452 15536
453 15603
454 15393
455 15368
456 15346
457 15194
458 15047
459 15237
460 14993
461 14721
462 15018
463 14903
464 14814
465 14429
466 14465
467 14541
468 14366
469 14177
470 14376
471 14022
472 14302
473 14351
474 13727
475 13921
476 13905
477 13751
478 13623
479 13698
480 13629
481 13302
482 13356
483 13321
484 13293
485 13034
486 13035
487 12899
488 12845
489 12823
490 12679
491 12409
492 12578
493 12323
494 12591
495 12365
496 12319
497 12225
498 12245
499 12147
500 12137
501 11934
502 12067
503 12149
504 11754
505 11618
506 11792
507 11690
508 11656
509 11770
510 11646
511 11527
512 11579
513 11540
514 11403
515 11386
516 11423
517 11402
518 11518
519 11351
520 11236
521 11081
522 11220
523 11056
524 10903
525 11015
526 10906
527 11111
528 10942
529 10826
530 10858
531 10665
532 10753
533 10825
534 10874
535 10783
536 10691
537 10730
538 10572
539 10661
540 10526
541 10494
542 10411
543 10386
544 10314
545 10503
546 10355
547 10136
548 10140
549 10036
550 10116
551 10067
552 10071
553 10104
554 9963
555 9937
556 9857
557 9892
558 9802
559 9669
560 9644
561 9677
562 9789
563 9819
564 9713
565 9491
566 9472
567 9390
568 9298
569 9327
570 9175
571 9111
572 9162
573 9232
574 8834
575 9153
576 9099
577 8812
578 8996
579 8852
580 8863
581 8606
582 8697
583 8616
584 8571
585 8590
586 8504
587 8640
588 8364
589 8475
590 8164
591 8278
592 8333
593 8023
594 8240
595 8148
596 8168
597 8010
598 7992
599 8140
600 8128
601 8083
602 8075
603 8034
604 7897
605 7950
606 7845
607 7763
608 7929
609 7813
610 7854
611 7832
612 7749
613 7652
614 7748
615 7667
616 7662
617 7563
618 7669
619 7530
620 7421
621 7409
622 7538
623 7472
624 7296
625 7399
626 7243
627 7135
628 7322
629 7306
630 7406
631 7209
632 7217
633 7049
634 7153
635 7246
636 7281
637 7096
638 7287
639 7038
640 7205
641 7118
642 6982
643 7077
644 7087
645 7109
646 7015
647 7102
648 6875
649 6893
650 7023
651 6756
652 6910
653 6879
654 6817
655 6906
656 6708
657 6733
658 6711
659 6707
660 6680
661 6765
662 6619
663 6715
664 6705
665 6635
666 6530
667 6541
668 6527
669 6299
670 6384
671 6375
672 6458
673 6321
674 6515
675 6317
676 6428
677 6338
678 6424
679 6364
680 6207
681 6228
682 6164
683 6308
684 6168
685 6142
686 6065
687 6070
688 5959
689 5952
690 6213
691 6089
692 5934
693 6062
694 5994
695 6106
696 5987
697 5921
698 5863
699 5963
700 5884
701 5996
702 5917
703 5944
704 5889
705 5858
706 5857
707 5798
708 5833
709 5764
710 5719
711 5696
712 5704
713 5746
714 5700
715 5745
716 5670
717 5708
718 5625
719 5464
720 5447
721 5412
722 5437
723 5539
724 5418
725 5333
726 5388
727 5352
728 5287
729 5401
730 5301
731 5316
732 5286
733 5196
734 5343
735 5246
736 5191
737 5242
738 5101
739 5157
740 5305
741 5262
742 5149
743 5166
744 4991
745 5181
746 5033
747 5103
748 5146
749 5015
750 5221
751 5066
752 5090
753 5064
754 5135
755 5010
756 4948
757 4888
758 4973
759 4890
760 4862
761 4905
762 4864
763 4888
764 4837
765 4990
766 4980
767 4931
768 4878
769 4872
770 4756
771 4795
772 4625
773 4727
774 4564
775 4706
776 4640
777 4648
778 4569
779 4679
780 4591
781 4611
782 4605
783 4660
784 4569
785 4677
786 4667
787 4644
788 4557
789 4563
790 4584
791 4485
792 4583
793 4567
794 4426
795 4419
796 4441
797 4481
798 4400
799 4368
800 4449
801 4495
802 4480
803 4471
804 4305
805 4480
806 4389
807 4395
808 4298
809 4271
810 4319
811 4331
812 4344
813 4257
814 4317
815 4306
816 4276
817 4174
818 4166
819 4294
820 4220
821 4266
822 4407
823 4314
824 4162
825 4175
826 4172
827 4149
828 4111
829 4207
830 4148
831 4048
832 4109
833 4068
834 4150
835 4045
836 4043
837 4092
838 3983
839 3930
840 3934
841 4038
842 3972
843 3914
844 4014
845 3999
846 4150
847 4030
848 4027
849 4113
850 3844
851 3928
852 3843
853 3969
854 3971
855 4011
856 3926
857 3793
858 3905
859 3910
860 3839
861 3889
862 3820
863 3829
864 3834
865 3832
866 3849
867 3848
868 3881
869 3840
870 3806
871 3833
872 3657
873 3656
874 3745
875 3770
876 3669
877 3603
878 3675
879 3722
880 3640
881 3769
882 3742
883 3652
884 3609
885 3569
886 3633
887 3584
888 3618
889 3537
890 3622
891 3637
892 3562
893 3522
894 3463
895 3614
896 3556
897 3492
898 3520
899 3449
900 3532
901 3541
902 3527
903 3435
904 3396
905 3460
906 3479
907 3373
908 3416
909 3347
910 3453
911 3484
912 3425
913 3440
914 3399
915 3493
916 3465
917 3395
918 3483
919 3448
920 3356
921 3438
922 3343
923 3309
924 3312
925 3362
926 3357
927 3345
928 3341
929 3264
930 3313
931 3313
932 3253
933 3299
934 3247
935 3328
936 3302
937 3280
938 3226
939 3219
940 3313
941 3257
942 3333
943 3264
944 3346
945 3223
946 3175
947 3237
948 3257
949 3196
950 3296
951 3213
952 3321
953 3107
954 3131
955 3127
956 3156
957 3158
958 3147
959 3169
960 3068
961 3080
962 3118
963 3061
964 3153
965 3084
966 3096
967 3156
968 3024
969 3081
970 2979
971 3073
972 3009
973 3106
974 3087
975 3005
976 3109
977 3116
978 3061
979 3078
980 3056
981 2895
982 2988
983 3010
984 2866
985 2988
986 2883
987 2957
988 2897
989 2918
990 2918
991 2951
992 2817
993 2885
994 2847
995 2736
996 2845
997 2952
998 2877
999 2968
1000 2831
1001 2823
1002 2843
1003 2885
1004 2824
1005 2862
1006 2872
1007 2930
1008 3033
1009 2778
1010 2878
1011 2816
1012 2817
1013 2815
1014 2879
1015 2816
1016 2899
1017 2811
1018 2868
1019 2782
1020 2792
1021 2942
1022 2802
1023 2713
1024 2759
1025 2833
1026 2772
1027 2792
1028 2790
1029 2756
1030 2763
1031 2741
1032 2748
1033 2763
1034 2710
1035 2733
1036 2613
1037 2709
1038 2720
1039 2637
1040 2622
1041 2737
1042 2715
1043 2647
1044 2647
1045 2558
1046 2571
1047 2631
1048 2520
1049 2592
1050 2593
1051 2605
1052 2554
1053 2582
1054 2596
1055 2523
1056 2585
1057 2515
1058 2580
1059 2499
1060 2504
1061 2545
1062 2501
1063 2492
1064 2560
1065 2525
1066 2494
1067 2477
1068 2495
1069 2492
1070 2473
1071 2487
1072 2460
1073 2476
1074 2452
1075 2417
1076 2450
1077 2479
1078 2364
1079 2461
1080 2421
1081 2396
1082 2487
1083 2418
1084 2442
1085 2397
1086 2385
1087 2357
1088 2526
1089 2407
1090 2457
1091 2350
1092 2408
1093 2433
1094 2326
1095 2328
1096 2360
1097 2383
1098 2418
1099 2382
1100 2330
1101 2385
1102 2314
1103 2359
1104 2360
1105 2390
1106 2457
1107 2406
1108 2344
1109 2293
1110 2329
1111 2335
1112 2353
1113 2326
1114 2418
1115 2340
1116 2326
1117 2316
1118 2322
1119 2254
1120 2299
1121 2285
1122 2211
1123 2261
1124 2315
1125 2342
1126 2259
1127 2344
1128 2336
1129 2284
1130 2272
1131 2265
1132 2281
1133 2401
1134 2181
1135 2275
1136 2239
1137 2266
1138 2231
1139 2213
1140 2211
1141 2272
1142 2213
1143 2235
1144 2242
1145 2113
1146 2141
1147 2211
1148 2158
1149 2191
1150 2194
1151 2205
1152 2267
1153 2188
1154 2193
1155 2216
1156 2194
1157 2139
1158 2092
1159 2123
1160 2071
1161 2140
1162 2086
1163 2100
1164 2039
1165 2120
1166 2069
1167 1994
1168 2136
1169 2102
1170 2071
1171 2145
1172 2127
1173 2044
1174 2009
1175 2204
1176 2009
1177 2152
1178 2061
1179 2000
1180 2056
1181 1984
1182 2071
1183 1989
1184 2112
1185 1986
1186 2020
1187 2073
1188 2055
1189 1951
1190 2044
1191 2008
1192 2085
1193 2011
1194 1992
1195 1981
1196 1943
1197 2033
1198 1917
1199 1976
1200 1934
1201 2044
1202 1963
1203 1960
1204 1979
1205 2000
1206 1993
1207 1894
1208 1945
1209 2025
1210 1960
1211 1955
1212 2017
1213 1970
1214 2001
1215 2023
1216 1985
1217 1909
1218 2003
1219 1968
1220 2002
1221 1969
1222 2008
1223 1915
1224 1969
1225 1998
1226 1950
1227 1952
1228 1944
1229 1993
1230 1912
1231 1901
1232 1932
1233 1910
1234 1957
1235 1896
1236 1869
1237 1857
1238 1904
1239 1896
1240 1874
1241 1959
1242 1909
1243 1796
1244 1832
1245 1895
1246 1876
1247 1853
1248 1876
1249 1894
1250 1935
1251 1863
1252 1829
1253 1889
1254 1824
1255 1891
1256 1810
1257 1820
1258 1864
1259 1924
1260 1868
1261 1829
1262 1854
1263 1913
1264 1916
1265 1808
1266 1893
1267 1874
1268 1926
1269 1887
1270 1831
1271 1834
1272 1934
1273 1931
1274 1799
1275 1847
1276 1811
1277 1846
1278 1833
1279 1882
1280 1852
1281 1845
1282 1866
1283 1857
1284 1828
1285 1868
1286 1835
1287 1851
1288 1903
1289 1859
1290 1862
1291 1848
1292 1843
1293 1805
1294 1827
1295 1885
1296 1812
1297 1782
1298 1868
1299 1845
1300 1776
1301 1892
1302 1840
1303 1816
1304 1814
1305 1831
1306 1789
1307 1901
1308 1852
1309 1896
1310 1879
1311 1792
1312 1850
1313 1839
1314 1893
1315 1817
1316 1772
1317 1809
1318 1833
1319 1754
1320 1840
1321 1840
1322 1741
1323 1899
1324 1859
1325 1812
1326 1788
1327 1886
1328 1857
1329 1814
1330 1908
1331 1853
1332 1820
1333 1865
1334 1820
1335 1776
1336 1880
1337 1818
1338 1786
1339 1893
1340 1911
1341 1849
1342 1856
1343 1895
1344 1933
1345 1875
1346 1916
1347 1929
1348 1880
1349 1855
1350 1907
1351 1905
1352 1928
1353 1929
1354 1885
1355 1893
1356 1885
1357 1934
1358 1919
1359 1868
1360 1997
1361 1883
1362 1957
1363 1861
1364 2021
1365 2033
1366 1955
1367 1995
1368 1894
1369 1910
1370 1950
1371 1896
1372 1904
1373 1987
1374 1880
1375 1895
1376 1933
1377 1959
1378 1831
1379 1881
1380 1955
1381 1936
1382 1934
1383 2004
1384 1857
1385 1903
1386 1899
1387 1922
1388 1992
1389 1972
1390 1932
1391 1945
1392 1945
1393 1884
1394 1953
1395 1919
1396 1914
1397 1953
1398 1894
1399 2016
1400 2007
1401 1894
1402 1940
1403 2030
1404 1922
1405 2020
1406 2005
1407 1981
1408 2007
1409 1893
1410 2005
1411 2040
1412 1950
1413 2019
1414 2060
1415 1931
1416 1992
1417 2030
1418 2044
1419 1958
1420 2005
1421 2080
1422 1997
1423 1993
1424 1978
1425 2075
1426 1972
1427 2041
1428 1990
1429 2032
1430 2067
1431 2040
1432 2090
1433 2035
1434 2033
1435 2063
1436 2063
1437 2083
1438 2108
1439 2064
1440 2065
1441 2157
1442 2220
1443 2138
1444 2128
1445 2071
1446 2147
1447 2171
1448 2080
1449 2049
1450 2094
1451 2104
1452 2100
1453 2185
1454 2117
1455 2194
1456 2145
1457 2124
1458 2156
1459 2155
1460 2260
1461 2275
1462 2187
1463 2259
1464 2123
1465 2182
1466 2192
1467 2170
1468 2182
1469 2215
1470 2108
1471 2180
1472 2179
1473 2169
1474 2190
1475 2192
1476 2167
1477 2168
1478 2117
1479 2175
1480 2200
1481 2189
1482 2096
1483 2119
1484 2213
1485 2108
1486 2199
1487 2191
1488 2159
1489 2036
1490 2116
1491 2063
1492 2060
1493 2205
1494 2145
1495 2134
1496 2173
1497 2051
1498 2150
1499 2044
1500 2108
1501 2147
1502 2094
1503 2093
1504 2129
1505 2088
1506 2136
1507 2149
1508 2146
1509 2141
1510 2035
1511 2072
1512 2020
1513 2103
1514 2184
1515 2060
1516 2071
1517 2195
1518 2136
1519 1959
1520 2102
1521 2047
1522 2077
1523 2094
1524 2149
1525 2089
1526 2114
1527 2052
1528 2120
1529 2102
1530 2069
1531 2107
1532 2155
1533 2075
1534 2049
1535 2034
1536 2066
1537 2105
1538 2171
1539 2075
1540 2161
1541 2137
1542 2135
1543 2096
1544 2121
1545 2086
1546 2014
1547 2059
1548 2141
1549 2104
1550 2133
1551 2115
1552 2067
1553 2019
1554 2042
1555 2082
1556 2054
1557 2106
1558 2111
1559 2143
1560 1947
1561 2047
1562 1978
1563 2020
1564 2055
1565 2083
1566 2101
1567 2044
1568 1935
1569 2058
1570 1966
1571 2091
1572 2003
1573 2071
1574 1989
1575 2073
1576 2095
1577 1982
1578 2090
1579 1985
1580 1979
1581 1979
1582 1993
1583 2055
1584 2050
1585 2034
1586 1986
1587 2048
1588 1979
1589 1970
1590 1905
1591 2084
1592 2031
1593 2066
1594 1910
1595 2006
1596 2014
1597 2013
1598 1976
1599 1915
1600 1980
1601 1915
1602 1902
1603 1957
1604 1888
1605 1981
1606 1981
1607 2003
1608 1986
1609 1963
1610 1851
1611 1954
1612 1980
1613 1866
1614 1935
1615 1920
1616 1841
1617 2034
1618 1980
1619 1933
1620 1938
1621 1851
1622 1893
1623 1856
1624 1848
1625 1931
1626 1950
1627 1894
1628 1845
1629 1862
1630 1903
1631 1798
1632 1823
1633 1835
1634 1717
1635 1814
1636 1807
1637 1858
1638 1739
1639 1760
1640 1829
1641 1814
1642 1807
1643 1839
1644 1756
1645 1703
1646 1871
1647 1808
1648 1776
1649 1786
1650 1845
1651 1722
1652 1790
1653 1859
1654 1844
1655 1778
1656 1750
1657 1805
1658 1670
1659 1790
1660 1770
1661 1727
1662 1703
1663 1730
1664 1767
1665 1683
1666 1725
1667 1678
1668 1779
1669 1727
1670 1666
1671 1658
1672 1719
1673 1653
1674 1680
1675 1689
1676 1644
1677 1714
1678 1737
1679 1638
1680 1669
1681 1685
1682 1666
1683 1663
1684 1622
1685 1613
1686 1640
1687 1614
1688 1653
1689 1672
1690 1637
1691 1565
1692 1553
1693 1586
1694 1511
1695 1667
1696 1620
1697 1578
1698 1580
1699 1574
1700 1530
1701 1562
1702 1593
1703 1653
1704 1577
1705 1551
1706 1524
1707 1538
1708 1544
1709 1511
1710 1595
1711 1613
1712 1552
1713 1490
1714 1603
1715 1487
1716 1545
1717 1565
1718 1492
1719 1493
1720 1529
1721 1524
1722 1471
1723 1530
1724 1542
1725 1516
1726 1466
1727 1505
1728 1465
1729 1443
1730 1463
1731 1433
1732 1455
1733 1440
1734 1480
1735 1480
1736 1430
1737 1401
1738 1395
1739 1411
1740 1440
1741 1473
1742 1398
1743 1382
1744 1391
1745 1361
1746 1420
1747 1328
1748 1364
1749 1430
1750 1423
1751 1396
1752 1367
1753 1405
1754 1349
1755 1345
1756 1340
1757 1411
1758 1344
1759 1373
1760 1321
1761 1388
1762 1316
1763 1381
1764 1403
1765 1391
1766 1396
1767 1368
1768 1344
1769 1314
1770 1336
1771 1321
1772 1425
1773 1309
1774 1387
1775 1332
1776 1370
1777 1307
1778 1349
1779 1282
1780 1275
1781 1273
1782 1225
1783 1270
1784 1344
1785 1244
1786 1308
1787 1385
1788 1269
1789 1320
1790 1254
1791 1270
1792 1265
1793 1258
1794 1272
1795 1293
1796 1230
1797 1254
1798 1169
1799 1205
1800 1241
1801 1231
1802 1234
1803 1209
1804 1240
1805 1225
1806 1160
1807 1240
1808 1257
1809 1187
1810 1284
1811 1266
1812 1182
1813 1184
1814 1235
1815 1255
1816 1226
1817 1170
1818 1275
1819 1242
1820 1211
1821 1195
1822 1175
1823 1168
1824 1224
1825 1169
1826 1137
1827 1218
1828 1223
1829 1179
1830 1150
1831 1234
1832 1225
1833 1150
1834 1160
1835 1177
1836 1174
1837 1167
1838 1117
1839 1153
1840 1207
1841 1081
1842 1162
1843 1225
1844 1169
1845 1128
1846 1209
1847 1125
1848 1166
1849 1120
1850 1103
1851 1135
1852 1099
1853 1053
1854 1142
1855 1120
1856 1094
1857 1123
1858 1165
1859 1102
1860 1135
1861 1109
1862 1078
1863 1117
1864 1059
1865 1149
1866 1072
1867 1074
1868 1078
1869 1117
1870 1101
1871 1087
1872 1092
1873 1082
1874 1079
1875 1101
1876 1068
1877 1072
1878 1080
1879 1024
1880 1092
1881 1035
1882 1097
1883 1077
1884 1098
1885 1044
1886 1005
1887 1069
1888 1026
1889 1027
1890 1065
1891 1077
1892 1038
1893 1059
1894 1027
1895 1056
1896 1069
1897 1067
1898 1032
1899 1111
1900 1022
1901 1028
1902 1021
1903 1028
1904 1046
1905 1059
1906 1002
1907 991
1908 993
1909 998
1910 1032
1911 1064
1912 1035
1913 1063
1914 1041
1915 1055
1916 996
1917 1028
1918 971
1919 968
1920 938
1921 978
1922 968
1923 930
1924 954
1925 1006
1926 1004
1927 1039
1928 1008
1929 968
1930 968
1931 989
1932 959
1933 970
1934 969
1935 951
1936 978
1937 933
1938 972
1939 940
1940 955
1941 923
1942 932
1943 962
1944 907
1945 936
1946 915
1947 959
1948 905
1949 868
1950 940
1951 874
1952 890
1953 929
1954 891
1955 899
1956 879
1957 942
1958 915
1959 899
1960 815
1961 885
1962 901
1963 891
1964 868
1965 859
1966 881
1967 882
1968 871
1969 860
1970 893
1971 881
1972 896
1973 890
1974 902
1975 933
1976 902
1977 903
1978 847
1979 864
1980 876
1981 897
1982 894
1983 916
1984 922
1985 864
1986 841
1987 884
1988 883
1989 826
1990 886
1991 820
1992 862
1993 817
1994 832
1995 860
1996 896
1997 807
1998 862
1999 895
2000 857
2001 800
2002 847
2003 917
2004 839
2005 841
2006 812
2007 868
2008 826
2009 821
2010 779
2011 829
2012 799
2013 811
2014 803
2015 773
2016 838
2017 830
2018 796
2019 775
2020 759
2021 836
2022 760
2023 812
2024 809
2025 822
2026 755
2027 746
2028 777
2029 775
2030 759
2031 732
2032 808
2033 787
2034 757
2035 803
2036 814
2037 766
2038 751
2039 776
2040 713
2041 747
2042 779
2043 799
2044 745
2045 746
2046 726
2047 749
2048 698
2049 761
2050 760
2051 743
2052 751
2053 770
2054 726
2055 742
2056 743
2057 768
2058 754
2059 748
2060 748
2061 699
2062 702
2063 730
2064 729
2065 725
2066 697
2067 711
2068 700
2069 738
2070 766
2071 686
2072 703
2073 666
2074 692
2075 752
2076 678
2077 713
2078 712
2079 743
2080 721
2081 702
2082 735
2083 732
2084 735
2085 711
2086 742
2087 728
2088 743
2089 717
2090 736
2091 710
2092 713
2093 678
2094 726
2095 691
2096 723
2097 744
2098 675
2099 696
2100 709
2101 719
2102 686
2103 674
2104 704
2105 724
2106 691
2107 675
2108 688
2109 752
2110 607
2111 681
2112 720
2113 634
2114 681
2115 676
2116 650
2117 709
2118 664
2119 662
2120 668
2121 676
2122 661
2123 649
2124 601
2125 638
2126 655
2127 635
2128 659
2129 671
2130 658
2131 630
2132 648
2133 629
2134 664
2135 645
2136 654
2137 718
2138 657
2139 646
2140 608
2141 666
2142 669
2143 669
2144 699
2145 659
2146 630
2147 629
2148 645
2149 659
2150 641
2151 627
2152 674
2153 613
2154 641
2155 613
2156 635
2157 637
2158 625
2159 593
2160 677
2161 649
2162 653
2163 610
2164 605
2165 627
2166 627
2167 596
2168 590
2169 606
2170 644
2171 669
2172 669
2173 682
2174 657
2175 713
2176 595
2177 627
2178 670
2179 662
2180 655
2181 718
2182 636
2183 702
2184 624
2185 603
2186 643
2187 628
2188 662
2189 636
2190 633
2191 672
2192 634
2193 608
2194 660
2195 611
2196 634
2197 674
2198 675
2199 649
2200 599
2201 609
2202 604
2203 582
2204 590
2205 616
2206 593
2207 627
2208 602
2209 589
2210 616
2211 582
2212 608
2213 613
2214 608
2215 601
2216 621
2217 623
2218 603
2219 634
2220 567
2221 623
2222 589
2223 627
2224 622
2225 625
2226 608
2227 599
2228 605
2229 619
2230 590
2231 568
2232 559
2233 597
2234 633
2235 577
2236 613
2237 619
2238 626
2239 582
2240 627
2241 588
2242 588
2243 604
2244 595
2245 560
2246 572
2247 580
2248 617
2249 573
2250 578
2251 564
2252 562
2253 612
2254 569
2255 569
2256 571
2257 561
2258 567
2259 588
2260 538
2261 570
2262 579
2263 583
2264 561
2265 558
2266 553
2267 560
2268 597
2269 580
2270 579
2271 549
2272 564
2273 551
2274 592
2275 567
2276 569
2277 576
2278 591
2279 599
2280 582
2281 577
2282 596
2283 565
2284 564
2285 600
2286 570
2287 574
2288 599
2289 558
2290 570
2291 575
2292 534
2293 559
2294 588
2295 555
2296 529
2297 579
2298 584
2299 539
2300 550
2301 597
2302 533
2303 546
2304 572
2305 582
2306 532
2307 562
2308 574
2309 560
2310 564
2311 558
2312 573
2313 550
2314 558
2315 534
2316 552
2317 556
2318 570
2319 557
2320 577
2321 533
2322 545
2323 544
2324 561
2325 524
2326 530
2327 541
2328 539
2329 551
2330 561
2331 556
2332 585
2333 546
2334 557
2335 528
2336 546
2337 525
2338 523
2339 542
2340 515
2341 547
2342 525
2343 523
2344 514
2345 556
2346 573
2347 518
2348 523
2349 567
2350 609
2351 542
2352 544
2353 559
2354 558
2355 543
2356 567
2357 565
2358 490
2359 520
2360 527
2361 567
2362 546
2363 575
2364 555
2365 528
2366 564
2367 566
2368 578
2369 544
2370 540
2371 531
2372 576
2373 497
2374 524
2375 525
2376 560
2377 505
2378 498
2379 550
2380 538
2381 525
2382 596
2383 528
2384 540
2385 500
2386 523
2387 491
2388 552
2389 508
2390 507
2391 516
2392 520
2393 546
2394 526
2395 503
2396 504
2397 504
2398 525
2399 555
2400 488
2401 527
2402 501
2403 497
2404 512
2405 539
2406 528
2407 499
2408 537
2409 517
2410 491
2411 536
2412 499
2413 487
2414 522
2415 504
2416 533
2417 466
2418 472
2419 513
2420 529
2421 519
2422 501
2423 471
2424 503
2425 504
2426 496
2427 459
2428 529
2429 511
2430 505
2431 519
2432 504
2433 524
2434 536
2435 539
2436 510
2437 514
2438 483
2439 488
2440 498
2441 522
2442 475
2443 504
2444 477
2445 508
2446 460
2447 504
2448 487
2449 496
2450 497
2451 502
2452 470
2453 477
2454 467
2455 497
2456 510
2457 471
2458 518
2459 473
2460 508
2461 471
2462 459
2463 501
2464 537
2465 496
2466 470
2467 485
2468 493
2469 540
2470 464
2471 473
2472 458
2473 485
2474 454
2475 500
2476 487
2477 476
2478 442
2479 462
2480 486
2481 476
2482 466
2483 495
2484 481
2485 445
2486 471
2487 507
2488 447
2489 510
2490 508
2491 495
2492 477
2493 450
2494 479
2495 480
2496 449
2497 474
2498 474
2499 420
2500 453
2501 459
2502 475
2503 461
2504 528
2505 488
2506 447
2507 463
2508 458
2509 474
2510 487
2511 468
2512 464
2513 441
2514 456
2515 480
2516 504
2517 469
2518 492
2519 462
2520 497
2521 462
2522 410
2523 436
2524 496
2525 462
2526 466
2527 458
2528 469
2529 455
2530 436
2531 483
2532 467
2533 461
2534 462
2535 440
2536 490
2537 424
2538 480
2539 512
2540 452
2541 452
2542 457
2543 422
2544 440
2545 435
2546 452
2547 426
2548 477
2549 457
2550 456
2551 476
2552 448
2553 440
2554 468
2555 434
2556 432
2557 453
2558 456
2559 441
2560 440
2561 441
2562 441
2563 463
2564 428
2565 467
2566 512
2567 463
2568 464
2569 475
2570 447
2571 472
2572 422
2573 445
2574 452
2575 418
2576 499
2577 424
2578 468
2579 436
2580 476
2581 474
2582 485
2583 442
2584 500
2585 463
2586 442
2587 441
2588 427
2589 462
2590 391
2591 473
2592 429
2593 426
2594 492
2595 457
2596 421
2597 478
2598 431
2599 446
2600 436
2601 433
2602 442
2603 434
2604 422
2605 453
2606 428
2607 457
2608 412
2609 428
2610 422
2611 422
2612 410
2613 450
2614 411
2615 396
2616 512
2617 435
2618 458
2619 462
2620 475
2621 427
2622 433
2623 455
2624 463
2625 454
2626 442
2627 470
2628 420
2629 497
2630 462
2631 429
2632 446
2633 428
2634 394
2635 416
2636 431
2637 435
2638 430
2639 422
2640 404
2641 408
2642 418
2643 456
2644 438
2645 456
2646 398
2647 442
2648 428
2649 443
2650 420
2651 394
2652 413
2653 428
2654 430
2655 426
2656 431
2657 450
2658 420
2659 384
2660 443
2661 441
2662 456
2663 435
2664 443
2665 443
2666 420
2667 434
2668 426
2669 430
2670 419
2671 459
2672 403
2673 447
2674 433
2675 407
2676 415
2677 390
2678 457
2679 422
2680 396
2681 424
2682 429
2683 482
2684 437
2685 426
2686 436
2687 391
2688 428
2689 452
2690 428
2691 464
2692 420
2693 410
2694 419
2695 448
2696 400
2697 439
2698 422
2699 455
2700 445
2701 430
2702 418
2703 442
2704 417
2705 396
2706 420
2707 391
2708 370
2709 420
2710 412
2711 396
2712 467
2713 382
2714 405
2715 424
2716 429
2717 440
2718 371
2719 388
2720 391
2721 413
2722 397
2723 432
2724 395
2725 396
2726 465
2727 376
2728 402
2729 381
2730 390
2731 419
2732 405
2733 411
2734 381
2735 390
2736 436
2737 403
2738 421
2739 406
2740 445
2741 393
2742 377
2743 373
2744 422
2745 387
2746 427
2747 413
2748 388
2749 398
2750 385
2751 419
2752 385
2753 404
2754 430
2755 394
2756 411
2757 384
2758 368
2759 404
2760 414
2761 401
2762 428
2763 404
2764 417
2765 407
2766 365
2767 361
2768 399
2769 436
2770 396
2771 409
2772 396
2773 414
2774 434
2775 424
2776 398
2777 413
2778 371
2779 354
2780 388
2781 411
2782 400
2783 395
2784 390
2785 364
2786 380
2787 370
2788 372
2789 407
2790 349
2791 400
2792 416
2793 408
2794 387
2795 419
2796 415
2797 338
2798 426
2799 414
2800 384
2801 388
2802 378
2803 395
2804 369
2805 403
2806 430
2807 380
2808 379
2809 358
2810 392
2811 359
2812 411
2813 423
2814 388
2815 384
2816 367
2817 367
2818 397
2819 364
2820 396
2821 363
2822 374
2823 389
2824 367
2825 395
2826 379
2827 379
2828 384
2829 393
2830 366
2831 352
2832 382
2833 363
2834 364
2835 356
2836 356
2837 372
2838 343
2839 405
2840 383
2841 363
2842 357
2843 383
2844 364
2845 352
2846 374
2847 367
2848 370
2849 367
2850 368
2851 343
2852 349
2853 315
2854 395
2855 389
2856 345
2857 351
2858 378
2859 368
2860 363
2861 388
2862 364
2863 358
2864 358
2865 370
2866 368
2867 378
2868 346
2869 354
2870 354
2871 359
2872 400
2873 362
2874 357
2875 376
2876 369
2877 368
2878 359
2879 351
2880 326
2881 391
2882 363
2883 355
2884 336
2885 347
2886 356
2887 358
2888 379
2889 356
2890 355
2891 376
2892 354
2893 348
2894 383
2895 371
2896 376
2897 389
2898 348
2899 337
2900 406
2901 383
2902 401
2903 366
2904 341
2905 330
2906 337
2907 379
2908 348
2909 397
2910 354
2911 336
2912 349
2913 377
2914 333
2915 363
2916 347
2917 346
2918 367
2919 342
2920 382
2921 396
2922 347
2923 371
2924 394
2925 378
2926 355
2927 345
2928 397
2929 367
2930 361
2931 338
2932 360
2933 388
2934 380
2935 376
2936 342
2937 339
2938 373
2939 380
2940 366
2941 381
2942 372
2943 377
2944 378
2945 365
2946 356
2947 355
2948 354
2949 362
2950 350
2951 369
2952 362
2953 335
2954 371
2955 345
2956 390
2957 364
2958 392
2959 324
2960 352
2961 370
2962 346
2963 360
2964 354
2965 343
2966 379
2967 345
2968 357
2969 361
2970 339
2971 311
2972 386
2973 371
2974 346
2975 341
2976 369
2977 338
2978 348
2979 349
2980 346
2981 333
2982 343
2983 330
2984 348
2985 314
2986 343
2987 329
2988 358
2989 344
2990 345
2991 347
2992 332
2993 339
2994 349
2995 327
2996 303
2997 338
2998 346
2999 350
3000 352
3001 369
3002 336
3003 297
3004 332
3005 359
3006 309
3007 338
3008 332
3009 329
3010 363
3011 335
3012 318
3013 304
3014 362
3015 322
3016 342
3017 352
3018 331
3019 311
3020 314
3021 304
3022 323
3023 325
3024 311
3025 339
3026 342
3027 337
3028 322
3029 318
3030 310
3031 330
3032 329
3033 289
3034 330
3035 342
3036 323
3037 327
3038 330
3039 290
3040 301
3041 350
3042 314
3043 314
3044 329
3045 368
3046 306
3047 335
3048 314
3049 327
3050 302
3051 332
3052 330
3053 335
3054 338
3055 354
3056 334
3057 345
3058 346
3059 308
3060 328
3061 317
3062 311
3063 311
3064 322
3065 342
3066 310
3067 322
3068 317
3069 324
3070 303
3071 304
3072 322
3073 327
3074 334
3075 342
3076 316
3077 334
3078 343
3079 331
3080 329
3081 301
3082 288
3083 323
3084 320
3085 312
3086 310
3087 271
3088 322
3089 300
3090 293
3091 309
3092 279
3093 290
3094 292
3095 299
3096 318
3097 317
3098 293
3099 317
3100 327
3101 296
3102 310
3103 335
3104 319
3105 296
3106 304
3107 318
3108 325
3109 312
3110 319
3111 297
3112 311
3113 308
3114 298
3115 295
3116 276
3117 342
3118 333
3119 330
3120 306
3121 283
3122 299
3123 303
3124 321
3125 284
3126 318
3127 293
3128 286
3129 293
3130 288
3131 305
3132 303
3133 312
3134 315
3135 295
3136 324
3137 315
3138 306
3139 341
3140 286
3141 302
3142 298
3143 304
3144 298
3145 326
3146 281
3147 301
3148 304
3149 338
3150 289
3151 298
3152 289
3153 301
3154 304
3155 294
3156 304
3157 308
3158 299
3159 297
3160 298
3161 281
3162 305
3163 315
3164 296
3165 277
3166 320
3167 278
3168 280
3169 299
3170 321
3171 287
3172 320
3173 320
3174 290
3175 290
3176 304
3177 299
3178 311
3179 306
3180 298
3181 275
3182 286
3183 307
3184 295
3185 298
3186 308
3187 277
3188 301
3189 281
3190 269
3191 287
3192 257
3193 294
3194 321
3195 270
3196 291
3197 309
3198 312
3199 329
3200 303
3201 302
3202 278
3203 270
3204 331
3205 261
3206 292
3207 294
3208 306
3209 276
3210 293
3211 257
3212 268
3213 289
3214 286
3215 302
3216 272
3217 279
3218 302
3219 307
3220 305
3221 284
3222 285
3223 291
3224 289
3225 291
3226 289
3227 271
3228 306
3229 289
3230 280
3231 314
3232 267
3233 276
3234 264
3235 277
3236 284
3237 275
3238 276
3239 303
3240 276
3241 293
3242 275
3243 315
3244 299
3245 273
3246 270
3247 293
3248 287
3249 305
3250 283
3251 267
3252 290
3253 314
3254 285
3255 268
3256 272
3257 279
3258 325
3259 259
3260 253
3261 262
3262 284
3263 273
3264 290
3265 269
3266 276
3267 300
3268 277
3269 255
3270 275
3271 277
3272 239
3273 310
3274 255
3275 271
3276 274
3277 270
3278 266
3279 267
3280 259
3281 256
3282 234
3283 279
3284 277
3285 261
3286 236
3287 270
3288 247
3289 265
3290 250
3291 289
3292 278
3293 269
3294 263
3295 260
3296 255
3297 284
3298 238
3299 222
3300 265
3301 276
3302 270
3303 269
3304 279
3305 272
3306 284
3307 277
3308 252
3309 258
3310 250
3311 268
3312 259
3313 256
3314 260
3315 245
3316 271
3317 234
3318 242
3319 264
3320 273
3321 280
3322 236
3323 272
3324 289
3325 275
3326 229
3327 245
3328 269
3329 281
3330 241
3331 270
3332 256
3333 242
3334 273
3335 268
3336 267
3337 267
3338 265
3339 261
3340 242
3341 250
3342 248
3343 250
3344 244
3345 252
3346 274
3347 237
3348 241
3349 264
3350 260
3351 245
3352 241
3353 256
3354 256
3355 248
3356 252
3357 223
3358 241
3359 243
3360 247
3361 257
3362 258
3363 241
3364 236
3365 290
3366 252
3367 255
3368 254
3369 238
3370 279
3371 256
3372 255
3373 254
3374 245
3375 300
3376 251
3377 235
3378 239
3379 269
3380 276
3381 239
3382 229
3383 262
3384 242
3385 229
3386 261
3387 264
3388 238
3389 236
3390 252
3391 221
3392 214
3393 259
3394 233
3395 248
3396 258
3397 226
3398 248
3399 246
3400 217
3401 220
3402 215
3403 232
3404 228
3405 271
3406 235
3407 223
3408 252
3409 232
3410 281
3411 229
3412 239
3413 256
3414 244
3415 221
3416 233
3417 255
3418 255
3419 252
3420 251
3421 236
3422 269
3423 272
3424 257
3425 239
3426 232
3427 223
3428 243
3429 256
3430 270
3431 250
3432 271
3433 286
3434 270
3435 232
3436 248
3437 260
3438 258
3439 248
3440 230
3441 258
3442 225
3443 242
3444 262
3445 242
3446 204
3447 233
3448 264
3449 240
3450 235
3451 224
3452 260
3453 235
3454 233
3455 279
3456 229
3457 242
3458 228
3459 231
3460 222
3461 228
3462 246
3463 246
3464 241
3465 233
3466 238
3467 243
3468 230
3469 259
3470 254
3471 241
3472 252
3473 221
3474 236
3475 269
3476 216
3477 242
3478 224
3479 271
3480 239
3481 228
3482 227
3483 224
3484 219
3485 239
3486 226
3487 261
3488 260
3489 263
3490 224
3491 216
3492 220
3493 210
3494 235
3495 213
3496 209
3497 237
3498 251
3499 219
3500 254
3501 243
3502 240
3503 246
3504 260
3505 262
3506 233
3507 223
3508 251
3509 210
3510 212
3511 274
3512 220
3513 226
3514 243
3515 238
3516 231
3517 238
3518 238
3519 250
3520 239
3521 234
3522 242
3523 218
3524 247
3525 207
3526 238
3527 214
3528 252
3529 255
3530 222
3531 251
3532 217
3533 222
3534 230
3535 249
3536 218
3537 246
3538 232
3539 255
3540 209
3541 251
3542 245
3543 226
3544 228
3545 239
3546 254
3547 249
3548 219
3549 221
3550 215
3551 245
3552 226
3553 234
3554 248
3555 227
3556 207
3557 231
3558 229
3559 231
3560 231
3561 206
3562 230
3563 219
3564 223
3565 232
3566 224
3567 213
3568 211
3569 246
3570 224
3571 225
3572 260
3573 229
3574 263
3575 231
3576 231
3577 196
3578 223
3579 250
3580 250
3581 205
3582 236
3583 211
3584 225
3585 228
3586 243
3587 226
3588 261
3589 207
3590 242
3591 254
3592 234
3593 238
3594 193
3595 228
3596 230
3597 235
3598 227
3599 206
3600 206
3601 221
3602 228
3603 223
3604 222
3605 221
3606 216
3607 210
3608 210
3609 209
3610 228
3611 231
3612 213
3613 220
3614 238
3615 236
3616 214
3617 215
3618 224
3619 221
3620 231
3621 222
3622 220
3623 214
3624 229
3625 197
3626 218
3627 213
3628 198
3629 236
3630 219
3631 200
3632 251
3633 222
3634 226
3635 219
3636 223
3637 209
3638 214
3639 212
3640 232
3641 205
3642 223
3643 208
3644 236
3645 236
3646 198
3647 216
3648 214
3649 180
3650 221
3651 214
3652 237
3653 212
3654 235
3655 232
3656 216
3657 201
3658 227
3659 225
3660 251
3661 212
3662 215
3663 231
3664 213
3665 217
3666 223
3667 235
3668 237
3669 220
3670 217
3671 224
3672 235
3673 220
3674 208
3675 203
3676 235
3677 215
3678 232
3679 208
3680 204
3681 203
3682 220
3683 194
3684 228
3685 231
3686 196
3687 228
3688 216
3689 191
3690 199
3691 209
3692 213
3693 221
3694 211
3695 208
3696 237
3697 203
3698 219
3699 179
3700 184
3701 220
3702 209
3703 210
3704 238
3705 208
3706 205
3707 191
3708 209
3709 198
3710 202
3711 216
3712 220
3713 196
3714 214
3715 225
3716 198
3717 187
3718 191
3719 219
3720 213
3721 220
3722 215
3723 229
3724 215
3725 194
3726 232
3727 211
3728 193
3729 189
3730 175
3731 218
3732 236
3733 217
3734 184
3735 210
3736 206
3737 214
3738 203
3739 207
3740 200
3741 230
3742 216
3743 194
3744 236
3745 217
3746 202
3747 203
3748 198
3749 200
3750 216
3751 220
3752 219
3753 196
3754 200
3755 210
3756 228
3757 210
3758 218
3759 239
3760 215
3761 203
3762 195
3763 193
3764 206
3765 226
3766 229
3767 191
3768 223
3769 188
3770 200
3771 194
3772 218
3773 183
3774 205
3775 186
3776 209
3777 175
3778 190
3779 206
3780 216
3781 189
3782 177
3783 185
3784 166
3785 198
3786 215
3787 217
3788 206
3789 196
3790 184
3791 194
3792 221
3793 191
3794 213
3795 185
3796 186
3797 203
3798 206
3799 207
3800 192
3801 195
3802 188
3803 201
3804 193
3805 215
3806 196
3807 183
3808 185
3809 213
3810 208
3811 185
3812 178
3813 188
3814 209
3815 188
3816 202
3817 190
3818 201
3819 202
3820 198
3821 214
3822 194
3823 189
3824 181
3825 188
3826 204
3827 215
3828 197
3829 204
3830 187
3831 198
3832 196
3833 200
3834 179
3835 205
3836 209
3837 192
3838 195
3839 183
3840 188
3841 176
3842 195
3843 203
3844 184
3845 195
3846 174
3847 193
3848 195
3849 201
3850 181
3851 202
3852 181
3853 202
3854 196
3855 199
3856 176
3857 175
3858 200
3859 182
3860 188
3861 179
3862 204
3863 190
3864 189
3865 202
3866 206
3867 227
3868 188
3869 204
3870 197
3871 177
3872 189
3873 203
3874 181
3875 178
3876 181
3877 174
3878 219
3879 198
3880 178
3881 214
3882 184
3883 154
3884 199
3885 197
3886 187
3887 190
3888 202
3889 184
3890 197
3891 192
3892 162
3893 169
3894 182
3895 187
3896 178
3897 201
3898 184
3899 187
3900 182
3901 190
3902 172
3903 192
3904 195
3905 179
3906 196
3907 180
3908 158
3909 185
3910 176
3911 192
3912 190
3913 202
3914 189
3915 183
3916 198
3917 194
3918 201
3919 207
3920 208
3921 191
3922 173
3923 193
3924 181
3925 204
3926 192
3927 176
3928 175
3929 217
3930 169
3931 164
3932 179
3933 199
3934 195
3935 184
3936 187
3937 213
3938 185
3939 177
3940 217
3941 198
3942 199
3943 158
3944 172
3945 168
3946 192
3947 198
3948 164
3949 190
3950 163
3951 188
3952 198
3953 191
3954 190
3955 203
3956 198
3957 186
3958 182
3959 202
3960 189
3961 195
3962 199
3963 193
3964 200
3965 191
3966 195
3967 194
3968 181
3969 200
3970 182
3971 157
3972 185
3973 197
3974 182
3975 185
3976 180
3977 197
3978 205
3979 187
3980 190
3981 204
3982 176
3983 193
3984 185
3985 192
3986 184
3987 198
3988 180
3989 169
3990 190
3991 173
3992 165
3993 202
3994 194
3995 207
3996 202
3997 176
3998 168
3999 210
4000 184
4001 206
4002 159
4003 181
4004 172
4005 195
4006 189
4007 195
4008 186
4009 181
4010 194
4011 178
4012 182
4013 140
4014 182
4015 193
4016 157
4017 210
4018 188
4019 173
4020 200
4021 218
4022 164
4023 179
4024 174
4025 203
4026 176
4027 198
4028 159
4029 198
4030 180
4031 192
4032 179
4033 177
4034 174
4035 178
4036 185
4037 190
4038 191
4039 193
4040 193
4041 197
4042 170
4043 183
4044 184
4045 199
4046 192
4047 161
4048 198
4049 168
4050 182
4051 183
4052 188
4053 197
4054 185
4055 180
4056 144
4057 165
4058 223
4059 195
4060 170
4061 172
4062 181
4063 180
4064 195
4065 168
4066 186
4067 193
4068 190
4069 188
4070 167
4071 191
4072 181
4073 153
4074 184
4075 147
4076 196
4077 166
4078 174
4079 158
4080 171
4081 180
4082 191
4083 161
4084 171
4085 195
4086 177
4087 161
4088 186
4089 168
4090 170
4091 192
4092 187
4093 174
4094 179
4095 175
4096 157
4097 172
4098 199
4099 194
4100 176
4101 165
4102 181
4103 173
4104 185
4105 161
4106 175
4107 171
4108 154
4109 185
4110 167
4111 180
4112 162
4113 144
4114 160
4115 175
4116 165
4117 183
4118 163
4119 190
4120 179
4121 172
4122 189
4123 169
4124 173
4125 182
4126 169
4127 155
4128 165
4129 188
4130 176
4131 174
4132 164
4133 176
4134 170
4135 172
4136 167
4137 138
4138 177
4139 182
4140 170
4141 200
4142 165
4143 188
4144 179
4145 177
4146 163
4147 154
4148 178
4149 157
4150 165
4151 159
4152 180
4153 183
4154 146
4155 191
4156 176
4157 170
4158 158
4159 168
4160 170
4161 159
4162 169
4163 181
4164 172
4165 175
4166 149
4167 158
4168 181
4169 193
4170 192
4171 181
4172 158
4173 170
4174 187
4175 167
4176 176
4177 172
4178 151
4179 159
4180 181
4181 168
4182 187
4183 137
4184 176
4185 171
4186 161
4187 143
4188 179
4189 189
4190 152
4191 172
4192 196
4193 173
4194 170
4195 177
4196 187
4197 172
4198 168
4199 148
4200 168
4201 168
4202 148
4203 193
4204 187
4205 177
4206 168
4207 158
4208 170
4209 166
4210 138
4211 153
4212 166
4213 178
4214 155
4215 162
4216 162
4217 196
4218 167
4219 168
4220 164
4221 136
4222 163
4223 186
4224 173
4225 155
4226 149
4227 160
4228 165
4229 148
4230 157
4231 165
4232 177
4233 155
4234 155
4235 153
4236 174
4237 145
4238 189
4239 170
4240 176
4241 150
4242 132
4243 172
4244 147
4245 187
4246 164
4247 181
4248 143
4249 159
4250 169
4251 169
4252 161
4253 168
4254 151
4255 172
4256 167
4257 168
4258 169
4259 162
4260 164
4261 161
4262 158
4263 161
4264 165
4265 148
4266 158
4267 174
4268 167
4269 174
4270 178
4271 143
4272 158
4273 155
4274 186
4275 185
4276 161
4277 151
4278 151
4279 164
4280 181
4281 177
4282 161
4283 158
4284 164
4285 157
4286 177
4287 179
4288 165
4289 173
4290 160
4291 147
4292 137
4293 178
4294 164
4295 144
4296 170
4297 161
4298 164
4299 140
4300 152
4301 149
4302 157
4303 171
4304 161
4305 165
4306 173
4307 164
4308 161
4309 156
4310 177
4311 153
4312 137
4313 183
4314 165
4315 170
4316 180
4317 167
4318 177
4319 187
4320 161
4321 156
4322 144
4323 192
4324 162
4325 162
4326 165
4327 159
4328 166
4329 178
4330 178
4331 172
4332 152
4333 159
4334 153
4335 145
4336 167
4337 157
4338 146
4339 162
4340 148
4341 164
4342 171
4343 145
4344 165
4345 146
4346 138
4347 167
4348 168
4349 173
4350 138
4351 147
4352 155
4353 163
4354 165
4355 150
4356 129
4357 150
4358 137
4359 127
4360 146
4361 148
4362 150
4363 141
4364 140
4365 144
4366 168
4367 151
4368 171
4369 150
4370 151
4371 149
4372 162
4373 133
4374 161
4375 174
4376 173
4377 175
4378 153
4379 153
4380 150
4381 175
4382 153
4383 137
4384 167
4385 140
4386 137
4387 161
4388 153
4389 170
4390 140
4391 154
4392 173
4393 163
4394 165
4395 150
4396 157
4397 134
4398 141
4399 143
4400 136
4401 120
4402 146
4403 147
4404 145
4405 151
4406 142
4407 156
4408 155
4409 160
4410 143
4411 147
4412 140
4413 146
4414 131
4415 129
4416 163
4417 157
4418 165
4419 137
4420 153
4421 157
4422 164
4423 143
4424 132
4425 146
4426 152
4427 143
4428 136
4429 148
4430 149
4431 155
4432 137
4433 140
4434 120
4435 162
4436 137
4437 156
4438 146
4439 161
4440 146
4441 156
4442 156
4443 136
4444 125
4445 156
4446 161
4447 169
4448 120
4449 145
4450 142
4451 166
4452 153
4453 163
4454 148
4455 152
4456 138
4457 153
4458 169
4459 129
4460 130
4461 147
4462 112
4463 129
4464 137
4465 142
4466 149
4467 149
4468 155
4469 137
4470 155
4471 155
4472 145
4473 144
4474 131
4475 130
4476 160
4477 148
4478 120
4479 125
4480 144
4481 136
4482 137
4483 151
4484 134
4485 154
4486 133
4487 146
4488 143
4489 151
4490 149
4491 129
4492 130
4493 134
4494 132
4495 137
4496 145
4497 149
4498 158
4499 139
4500 133
4501 133
4502 150
4503 147
4504 157
4505 150
4506 156
4507 151
4508 131
4509 145
4510 144
4511 135
4512 142
4513 148
4514 154
4515 111
4516 136
4517 136
4518 132
4519 143
4520 146
4521 131
4522 141
4523 149
4524 142
4525 147
4526 167
4527 138
4528 162
4529 152
4530 154
4531 152
4532 154
4533 121
4534 130
4535 163
4536 155
4537 143
4538 132
4539 154
4540 124
4541 141
4542 151
4543 158
4544 147
4545 116
4546 132
4547 138
4548 127
4549 141
4550 136
4551 165
4552 151
4553 153
4554 138
4555 120
4556 122
4557 144
4558 151
4559 130
4560 152
4561 160
4562 125
4563 134
4564 143
4565 130
4566 135
4567 165
4568 135
4569 130
4570 129
4571 154
4572 142
4573 157
4574 145
4575 133
4576 132
4577 146
4578 165
4579 121
4580 135
4581 133
4582 134
4583 100
4584 125
4585 141
4586 137
4587 135
4588 149
4589 136
4590 134
4591 155
4592 140
4593 146
4594 147
4595 124
4596 136
4597 139
4598 140
4599 139
4600 123
4601 152
4602 127
4603 149
4604 140
4605 151
4606 151
4607 128
4608 135
4609 149
4610 138
4611 139
4612 137
4613 132
4614 130
4615 134
4616 131
4617 137
4618 134
4619 141
4620 132
4621 148
4622 136
4623 125
4624 151
4625 137
4626 123
4627 133
4628 115
4629 130
4630 137
4631 131
4632 144
4633 137
4634 155
4635 165
4636 139
4637 157
4638 131
4639 130
4640 133
4641 145
4642 126
4643 136
4644 127
4645 131
4646 145
4647 125
4648 130
4649 119
4650 140
4651 136
4652 151
4653 116
4654 135
4655 147
4656 126
4657 144
4658 137
4659 134
4660 146
4661 131
4662 129
4663 125
4664 122
4665 137
4666 124
4667 146
4668 139
4669 144
4670 137
4671 123
4672 140
4673 127
4674 118
4675 145
4676 141
4677 120
4678 126
4679 114
4680 128
4681 124
4682 139
4683 111
4684 145
4685 137
4686 136
4687 137
4688 120
4689 131
4690 122
4691 140
4692 121
4693 131
4694 131
4695 132
4696 117
4697 170
4698 127
4699 99
4700 130
4701 126
4702 128
4703 130
4704 141
4705 137
4706 121
4707 140
4708 123
4709 109
4710 148
4711 115
4712 129
4713 121
4714 125
4715 138
4716 139
4717 140
4718 147
4719 136
4720 121
4721 126
4722 126
4723 112
4724 132
4725 132
4726 144
4727 123
4728 123
4729 110
4730 131
4731 134
4732 125
4733 116
4734 133
4735 117
4736 134
4737 140
4738 124
4739 133
4740 124
4741 121
4742 109
4743 140
4744 116
4745 134
4746 144
4747 107
4748 115
4749 107
4750 130
4751 104
4752 117
4753 107
4754 133
4755 135
4756 128
4757 106
4758 145
4759 131
4760 145
4761 131
4762 122
4763 148
4764 127
4765 144
4766 136
4767 132
4768 125
4769 126
4770 145
4771 107
4772 126
4773 125
4774 142
4775 126
4776 132
4777 155
4778 130
4779 146
4780 127
4781 112
4782 117
4783 132
4784 122
4785 132
4786 115
4787 135
4788 118
4789 127
4790 113
4791 138
4792 122
4793 129
4794 108
4795 140
4796 147
4797 135
4798 125
4799 118
4800 129
4801 139
4802 127
4803 129
4804 141
4805 141
4806 133
4807 127
4808 133
4809 118
4810 149
4811 155
4812 121
4813 127
4814 130
4815 132
4816 119
4817 116
4818 130
4819 134
4820 143
4821 134
4822 136
4823 123
4824 129
4825 112
4826 130
4827 118
4828 131
4829 120
4830 133
4831 133
4832 144
4833 119
4834 130
4835 113
4836 140
4837 130
4838 108
4839 130
4840 118
4841 133
4842 114
4843 123
4844 131
4845 122
4846 123
4847 131
4848 126
4849 97
4850 123
4851 129
4852 130
4853 123
4854 103
4855 122
4856 126
4857 107
4858 107
4859 139
4860 124
4861 125
4862 129
4863 121
4864 99
4865 111
4866 124
4867 141
4868 123
4869 122
4870 113
4871 127
4872 122
4873 138
4874 122
4875 121
4876 131
4877 126
4878 119
4879 127
4880 131
4881 100
4882 103
4883 120
4884 117
4885 121
4886 132
4887 102
4888 121
4889 129
4890 135
4891 124
4892 129
4893 114
4894 127
4895 103
4896 130
4897 118
4898 129
4899 121
4900 126
4901 125
4902 124
4903 145
4904 111
4905 121
4906 124
4907 119
4908 95
4909 113
4910 137
4911 110
4912 102
4913 119
4914 107
4915 119
4916 120
4917 113
4918 123
4919 128
4920 117
4921 113
4922 106
4923 131
4924 113
4925 122
4926 94
4927 122
4928 110
4929 105
4930 121
4931 132
4932 123
4933 116
4934 124
4935 120
4936 121
4937 125
4938 112
4939 116
4940 119
4941 118
4942 118
4943 105
4944 99
4945 126
4946 122
4947 111
4948 127
4949 111
4950 144
4951 127
4952 123
4953 117
4954 119
4955 115
4956 126
4957 128
4958 107
4959 123
4960 101
4961 115
4962 111
4963 112
4964 118
4965 115
4966 114
4967 103
4968 116
4969 110
4970 126
4971 139
4972 117
4973 108
4974 138
4975 120
4976 119
4977 143
4978 106
4979 122
4980 118
4981 117
4982 127
4983 103
4984 118
4985 121
4986 110
4987 124
4988 122
4989 117
4990 125
4991 101
4992 115
4993 117
4994 136
4995 117
4996 116
4997 104
4998 96
4999 103
5000 116
5001 90
5002 116
5003 120
5004 127
5005 115
5006 112
5007 112
5008 113
5009 111
5010 106
5011 129
5012 120
5013 121
5014 106
5015 99
5016 126
5017 105
5018 136
5019 122
5020 112
5021 95
5022 104
5023 116
5024 111
5025 117
5026 109
5027 118
5028 101
5029 124
5030 99
5031 101
5032 118
5033 118
5034 111
5035 104
5036 109
5037 119
5038 105
5039 120
5040 97
5041 108
5042 142
5043 113
5044 119
5045 121
5046 113
5047 113
5048 83
5049 109
5050 117
5051 115
5052 108
5053 98
5054 94
5055 116
5056 108
5057 102
5058 126
5059 88
5060 118
5061 110
5062 96
5063 107
5064 106
5065 107
5066 119
5067 117
5068 104
5069 127
5070 114
5071 96
5072 102
5073 108
5074 107
5075 125
5076 108
5077 107
5078 88
5079 97
5080 109
5081 100
5082 114
5083 116
5084 107
5085 116
5086 113
5087 104
5088 83
5089 100
5090 106
5091 82
5092 105
5093 94
5094 113
5095 103
5096 117
5097 92
5098 95
5099 104
5100 116
5101 104
5102 91
5103 95
5104 120
5105 118
5106 101
5107 118
5108 111
5109 96
5110 94
5111 106
5112 104
5113 119
5114 107
5115 106
5116 112
5117 108
5118 125
5119 103
5120 101
5121 101
5122 91
5123 109
5124 122
5125 106
5126 99
5127 99
5128 108
5129 98
5130 101
5131 104
5132 101
5133 105
5134 103
5135 96
5136 98
5137 95
5138 110
5139 119
5140 120
5141 85
5142 98
5143 88
5144 118
5145 94
5146 108
5147 118
5148 111
5149 107
5150 109
5151 116
5152 94
5153 100
5154 93
5155 101
5156 100
5157 110
5158 111
5159 101
5160 116
5161 120
5162 100
5163 104
5164 110
5165 103
5166 100
5167 101
5168 113
5169 116
5170 97
5171 106
5172 105
5173 108
5174 101
5175 108
5176 87
5177 100
5178 98
5179 127
5180 81
5181 90
5182 94
5183 120
5184 97
5185 93
5186 97
5187 101
5188 107
5189 120
5190 115
5191 95
5192 118
5193 88
5194 108
5195 84
5196 90
5197 82
5198 98
5199 113
5200 103
5201 88
5202 90
5203 96
5204 93
5205 104
5206 113
5207 99
5208 100
5209 100
5210 97
5211 95
5212 116
5213 97
5214 91
5215 88
5216 107
5217 114
5218 100
5219 96
5220 116
5221 101
5222 99
5223 97
5224 85
5225 107
5226 81
5227 107
5228 93
5229 91
5230 94
5231 82
5232 109
5233 84
5234 101
5235 128
5236 89
5237 83
5238 110
5239 82
5240 96
5241 104
5242 98
5243 93
5244 120
5245 97
5246 76
5247 105
5248 95
5249 119
5250 89
5251 88
5252 87
5253 94
5254 99
5255 88
5256 98
5257 113
5258 99
5259 106
5260 80
5261 90
5262 88
5263 102
5264 87
5265 94
5266 102
5267 94
5268 108
5269 86
5270 99
5271 104
5272 87
5273 103
5274 95
5275 96
5276 112
5277 95
5278 84
5279 110
5280 74
5281 116
5282 97
5283 93
5284 89
5285 99
5286 97
5287 101
5288 114
5289 92
5290 110
5291 97
5292 90
5293 103
5294 111
5295 102
5296 95
5297 98
5298 109
5299 104
5300 97
5301 105
5302 98
5303 99
5304 108
5305 98
5306 106
5307 108
5308 105
5309 75
5310 92
5311 116
5312 95
5313 78
5314 105
5315 102
5316 101
5317 101
5318 94
5319 105
5320 105
5321 103
5322 105
5323 89
5324 90
5325 97
5326 100
5327 88
5328 85
5329 101
5330 113
5331 116
5332 106
5333 104
5334 109
5335 114
5336 95
5337 97
5338 100
5339 95
5340 99
5341 93
5342 89
5343 105
5344 97
5345 81
5346 103
5347 85
5348 83
5349 114
5350 109
5351 102
5352 110
5353 93
5354 86
5355 114
5356 95
5357 91
5358 106
5359 89
5360 75
5361 92
5362 105
5363 105
5364 82
5365 85
5366 94
5367 87
5368 126
5369 87
5370 93
5371 104
5372 106
5373 89
5374 86
5375 109
5376 97
5377 106
5378 96
5379 91
5380 97
5381 89
5382 108
5383 97
5384 107
5385 105
5386 108
5387 87
5388 105
5389 98
5390 93
5391 108
5392 90
5393 107
5394 102
5395 106
5396 97
5397 111
5398 82
5399 92
5400 105
5401 114
5402 89
5403 100
5404 109
5405 94
5406 82
5407 104
5408 89
5409 91
5410 88
5411 103
5412 98
5413 97
5414 93
5415 97
5416 100
5417 92
5418 98
5419 100
5420 91
5421 81
5422 65
5423 81
5424 82
5425 91
5426 89
5427 86
5428 90
5429 96
5430 92
5431 104
5432 93
5433 108
5434 79
5435 90
5436 99
5437 98
5438 97
5439 96
5440 96
5441 90
5442 98
5443 98
5444 76
5445 85
5446 101
5447 86
5448 93
5449 115
5450 89
5451 112
5452 91
5453 106
5454 83
5455 100
5456 111
5457 100
5458 97
5459 90
5460 78
5461 88
5462 94
5463 91
5464 94
5465 64
5466 74
5467 81
5468 82
5469 87
5470 100
5471 105
5472 88
5473 94
5474 85
5475 90
5476 102
5477 73
5478 97
5479 104
5480 97
5481 105
5482 108
5483 99
5484 86
5485 80
5486 89
5487 77
5488 84
5489 97
5490 106
5491 87
5492 103
5493 97
5494 89
5495 82
5496 93
5497 99
5498 103
5499 104
5500 73
5501 98
5502 109
5503 86
5504 108
5505 97
5506 96
5507 105
5508 92
5509 105
5510 79
5511 104
5512 88
5513 102
5514 114
5515 80
5516 94
5517 95
5518 92
5519 95
5520 92
5521 104
5522 91
5523 86
5524 90
5525 96
5526 91
5527 99
5528 80
5529 89
5530 84
5531 100
5532 101
5533 88
5534 105
5535 81
5536 99
5537 80
5538 97
5539 99
5540 91
5541 87
5542 100
5543 89
5544 87
5545 76
5546 73
5547 88
5548 95
5549 78
5550 99
5551 89
5552 99
5553 81
5554 81
5555 92
5556 103
5557 89
5558 94
5559 102
5560 93
5561 89
5562 98
5563 109
5564 77
5565 94
5566 88
5567 102
5568 76
5569 80
5570 75
5571 79
5572 67
5573 102
5574 79
5575 95
5576 78
5577 96
5578 77
5579 90
5580 92
5581 80
5582 85
5583 86
5584 90
5585 91
5586 101
5587 67
5588 78
5589 90
5590 88
5591 86
5592 83
5593 88
5594 82
5595 79
5596 88
5597 84
5598 91
5599 93
5600 103
5601 96
5602 83
5603 93
5604 99
5605 85
5606 92
5607 81
5608 84
5609 75
5610 70
5611 88
5612 92
5613 81
5614 69
5615 70
5616 89
5617 83
5618 91
5619 87
5620 89
5621 93
5622 89
5623 91
5624 95
5625 83
5626 92
5627 81
5628 86
5629 79
5630 94
5631 78
5632 93
5633 61
5634 76
5635 74
5636 87
5637 82
5638 90
5639 94
5640 92
5641 93
5642 98
5643 73
5644 95
5645 97
5646 96
5647 86
5648 99
5649 74
5650 83
5651 72
5652 102
5653 101
5654 87
5655 83
5656 91
5657 106
5658 85
5659 75
5660 97
5661 83
5662 71
5663 73
5664 82
5665 81
5666 83
5667 94
5668 94
5669 90
5670 92
5671 84
5672 98
5673 76
5674 95
5675 83
5676 97
5677 90
5678 79
5679 91
5680 83
5681 104
5682 74
5683 105
5684 85
5685 86
5686 97
5687 81
5688 67
5689 79
5690 76
5691 83
5692 86
5693 87
5694 83
5695 100
5696 75
5697 68
5698 83
5699 87
5700 93
5701 100
5702 80
5703 92
5704 75
5705 82
5706 81
5707 81
5708 70
5709 73
5710 75
5711 87
5712 93
5713 85
5714 76
5715 82
5716 87
5717 65
5718 83
5719 90
5720 87
5721 84
5722 83
5723 99
5724 80
5725 68
5726 77
5727 75
5728 64
5729 68
5730 81
5731 83
5732 72
5733 78
5734 100
5735 81
5736 79
5737 78
5738 90
5739 83
5740 77
5741 66
5742 82
5743 88
5744 83
5745 67
5746 88
5747 75
5748 84
5749 100
5750 75
5751 88
5752 84
5753 81
5754 81
5755 91
5756 91
5757 75
5758 86
5759 82
5760 82
5761 79
5762 72
5763 100
5764 86
5765 78
5766 82
5767 83
5768 87
5769 97
5770 80
5771 80
5772 82
5773 70
5774 83
5775 85
5776 85
5777 78
5778 78
5779 82
5780 89
5781 96
5782 74
5783 78
5784 87
5785 76
5786 89
5787 72
5788 95
5789 89
5790 98
5791 76
5792 94
5793 83
5794 92
5795 74
5796 80
5797 77
5798 79
5799 84
5800 66
5801 79
5802 83
5803 99
5804 77
5805 87
5806 101
5807 70
5808 80
5809 103
5810 82
5811 91
5812 73
5813 77
5814 91
5815 70
5816 79
5817 93
5818 89
5819 86
5820 90
5821 66
5822 83
5823 85
5824 76
5825 81
5826 81
5827 85
5828 92
5829 69
5830 80
5831 94
5832 77
5833 86
5834 81
5835 73
5836 88
5837 80
5838 75
5839 79
5840 75
5841 91
5842 89
5843 78
5844 81
5845 85
5846 90
5847 112
5848 68
5849 84
5850 85
5851 82
5852 80
5853 75
5854 99
5855 80
5856 91
5857 84
5858 84
5859 80
5860 91
5861 65
5862 79
5863 76
5864 79
5865 92
5866 82
5867 75
5868 80
5869 97
5870 61
5871 98
5872 88
5873 79
5874 73
5875 83
5876 70
5877 76
5878 78
5879 89
5880 98
5881 80
5882 92
5883 89
5884 67
5885 73
5886 73
5887 83
5888 83
5889 94
5890 88
5891 80
5892 94
5893 94
5894 86
5895 68
5896 73
5897 76
5898 89
5899 85
5900 74
5901 87
5902 92
5903 74
5904 89
5905 76
5906 90
5907 82
5908 77
5909 75
5910 78
5911 96
5912 86
5913 81
5914 73
5915 72
5916 78
5917 80
5918 71
5919 73
5920 78
5921 75
5922 74
5923 88
5924 98
5925 79
5926 62
5927 89
5928 80
5929 69
5930 62
5931 69
5932 80
5933 94
5934 70
5935 76
5936 82
5937 73
5938 70
5939 80
5940 70
5941 93
5942 77
5943 71
5944 84
5945 79
5946 80
5947 73
5948 86
5949 72
5950 70
5951 82
5952 82
5953 84
5954 81
5955 63
5956 65
5957 71
5958 74
5959 67
5960 82
5961 67
5962 69
5963 84
5964 61
5965 79
5966 71
5967 74
5968 73
5969 86
5970 81
5971 81
5972 84
5973 77
5974 85
5975 75
5976 87
5977 73
5978 78
5979 81
5980 84
5981 70
5982 67
5983 83
5984 86
5985 47
5986 61
5987 90
5988 76
5989 71
5990 64
5991 72
5992 88
5993 69
5994 78
5995 58
5996 65
5997 90
5998 66
5999 78
6000 73
6001 72
6002 88
6003 77
6004 78
6005 64
6006 82
6007 69
6008 67
6009 64
6010 73
6011 80
6012 88
6013 59
6014 78
6015 86
6016 74
6017 56
6018 84
6019 71
6020 73
6021 85
6022 71
6023 84
6024 65
6025 61
6026 60
6027 97
6028 93
6029 82
6030 75
6031 81
6032 69
6033 69
6034 89
6035 72
6036 84
6037 80
6038 83
6039 66
6040 71
6041 71
6042 69
6043 93
6044 70
6045 66
6046 80
6047 85
6048 61
6049 71
6050 62
6051 78
6052 65
6053 67
6054 79
6055 63
6056 64
6057 69
6058 75
6059 93
6060 74
6061 72
6062 89
6063 79
6064 90
6065 75
6066 79
6067 74
6068 63
6069 74
6070 77
6071 70
6072 54
6073 76
6074 75
6075 103
6076 85
6077 72
6078 54
6079 53
6080 71
6081 68
6082 89
6083 66
6084 93
6085 69
6086 58
6087 59
6088 70
6089 81
6090 86
6091 79
6092 73
6093 71
6094 89
6095 71
6096 81
6097 88
6098 81
6099 74
6100 71
6101 63
6102 67
6103 60
6104 71
6105 55
6106 76
6107 77
6108 67
6109 64
6110 74
6111 67
6112 72
6113 78
6114 74
6115 70
6116 81
6117 84
6118 69
6119 61
6120 74
6121 83
6122 72
6123 64
6124 77
6125 71
6126 65
6127 69
6128 71
6129 66
6130 77
6131 64
6132 80
6133 83
6134 66
6135 61
6136 61
6137 71
6138 74
6139 60
6140 70
6141 78
6142 55
6143 73
6144 72
6145 70
6146 76
6147 59
6148 57
6149 68
6150 81
6151 65
6152 53
6153 85
6154 65
6155 79
6156 89
6157 57
6158 74
6159 74
6160 71
6161 65
6162 73
6163 78
6164 64
6165 65
6166 76
6167 77
6168 59
6169 80
6170 71
6171 63
6172 69
6173 68
6174 67
6175 73
6176 76
6177 66
6178 70
6179 72
6180 75
6181 75
6182 86
6183 69
6184 73
6185 69
6186 76
6187 75
6188 67
6189 54
6190 66
6191 75
6192 84
6193 65
6194 58
6195 65
6196 73
6197 72
6198 63
6199 65
6200 78
6201 72
6202 82
6203 79
6204 65
6205 59
6206 66
6207 54
6208 72
6209 81
6210 59
6211 64
6212 53
6213 73
6214 66
6215 65
6216 53
6217 67
6218 62
6219 75
6220 59
6221 58
6222 66
6223 77
6224 59
6225 71
6226 58
6227 72
6228 66
6229 63
6230 69
6231 59
6232 77
6233 64
6234 64
6235 61
6236 58
6237 86
6238 84
6239 70
6240 67
6241 53
6242 74
6243 62
6244 61
6245 76
6246 55
6247 67
6248 71
6249 72
6250 72
6251 55
6252 76
6253 69
6254 59
6255 75
6256 69
6257 65
6258 72
6259 59
6260 77
6261 64
6262 75
6263 53
6264 60
6265 56
6266 57
6267 74
6268 55
6269 60
6270 58
6271 65
6272 64
6273 75
6274 78
6275 46
6276 73
6277 74
6278 58
6279 53
6280 65
6281 57
6282 64
6283 58
6284 56
6285 74
6286 66
6287 79
6288 75
6289 64
6290 72
6291 68
6292 62
6293 58
6294 59
6295 85
6296 69
6297 73
6298 67
6299 63
6300 59
6301 70
6302 63
6303 68
6304 70
6305 53
6306 67
6307 77
6308 61
6309 58
6310 67
6311 76
6312 68
6313 65
6314 64
6315 73
6316 73
6317 68
6318 63
6319 69
6320 65
6321 67
6322 73
6323 72
6324 82
6325 74
6326 69
6327 74
6328 77
6329 60
6330 70
6331 59
6332 77
6333 64
6334 78
6335 64
6336 70
6337 55
6338 72
6339 83
6340 62
6341 70
6342 67
6343 62
6344 58
6345 68
6346 64
6347 58
6348 65
6349 55
6350 73
6351 64
6352 76
6353 85
6354 68
6355 84
6356 62
6357 73
6358 78
6359 67
6360 63
6361 65
6362 73
6363 85
6364 64
6365 72
6366 68
6367 63
6368 68
6369 64
6370 60
6371 81
6372 75
6373 76
6374 50
6375 64
6376 73
6377 79
6378 77
6379 63
6380 53
6381 79
6382 65
6383 53
6384 83
6385 70
6386 68
6387 86
6388 61
6389 64
6390 64
6391 65
6392 59
6393 72
6394 72
6395 63
6396 82
6397 63
6398 56
6399 58
6400 69
6401 70
6402 61
6403 61
6404 50
6405 73
6406 61
6407 84
6408 65
6409 68
6410 66
6411 69
6412 75
6413 77
6414 72
6415 82
6416 67
6417 73
6418 67
6419 64
6420 77
6421 68
6422 78
6423 73
6424 72
6425 72
6426 58
6427 80
6428 68
6429 72
6430 72
6431 67
6432 67
6433 71
6434 65
6435 71
6436 50
6437 69
6438 55
6439 77
6440 60
6441 54
6442 71
6443 66
6444 73
6445 59
6446 57
6447 61
6448 66
6449 69
6450 57
6451 61
6452 57
6453 62
6454 58
6455 70
6456 62
6457 55
6458 65
6459 62
6460 57
6461 68
6462 55
6463 51
6464 72
6465 69
6466 71
6467 59
6468 70
6469 58
6470 72
6471 68
6472 67
6473 65
6474 64
6475 67
6476 65
6477 65
6478 61
6479 69
6480 66
6481 58
6482 54
6483 84
6484 59
6485 66
6486 62
6487 56
6488 67
6489 67
6490 72
6491 68
6492 63
6493 66
6494 69
6495 69
6496 68
6497 63
6498 64
6499 54
6500 65
6501 63
6502 61
6503 53
6504 67
6505 61
6506 69
6507 56
6508 71
6509 62
6510 59
6511 58
6512 70
6513 79
6514 76
6515 55
6516 61
6517 61
6518 73
6519 71
6520 63
6521 75
6522 56
6523 66
6524 71
6525 64
6526 70
6527 72
6528 60
6529 64
6530 60
6531 50
6532 63
6533 65
6534 92
6535 66
6536 55
6537 61
6538 74
6539 58
6540 50
6541 60
6542 70
6543 62
6544 79
6545 59
6546 53
6547 61
6548 64
6549 49
6550 75
6551 52
6552 61
6553 63
6554 55
6555 67
6556 53
6557 64
6558 52
6559 60
6560 70
6561 57
6562 58
6563 65
6564 66
6565 57
6566 66
6567 61
6568 64
6569 57
6570 63
6571 45
6572 59
6573 56
6574 66
6575 69
6576 60
6577 73
6578 58
6579 61
6580 61
6581 64
6582 59
6583 53
6584 49
6585 55
6586 62
6587 63
6588 66
6589 61
6590 76
6591 53
6592 56
6593 58
6594 52
6595 54
6596 68
6597 65
6598 49
6599 43
6600 50
6601 54
6602 59
6603 57
6604 70
6605 77
6606 66
6607 61
6608 59
6609 48
6610 62
6611 74
6612 57
6613 51
6614 50
6615 55
6616 64
6617 65
6618 47
6619 67
6620 46
6621 52
6622 75
6623 66
6624 67
6625 56
6626 70
6627 61
6628 50
6629 65
6630 53
6631 63
6632 64
6633 62
6634 54
6635 70
6636 53
6637 69
6638 56
6639 71
6640 56
6641 63
6642 63
6643 61
6644 58
6645 71
6646 51
6647 56
6648 65
6649 49
6650 58
6651 51
6652 53
6653 62
6654 61
6655 57
6656 65
6657 59
6658 65
6659 54
6660 51
6661 57
6662 74
6663 66
6664 59
6665 69
6666 54
6667 55
6668 86
6669 39
6670 67
6671 58
6672 61
6673 62
6674 61
6675 65
6676 72
6677 68
6678 52
6679 58
6680 54
6681 51
6682 57
6683 65
6684 52
6685 61
6686 70
6687 59
6688 66
6689 75
6690 65
6691 59
6692 63
6693 63
6694 73
6695 75
6696 70
6697 49
6698 57
6699 67
6700 53
6701 58
6702 69
6703 44
6704 55
6705 57
6706 49
6707 55
6708 50
6709 53
6710 70
6711 64
6712 53
6713 49
6714 57
6715 61
6716 59
6717 50
6718 60
6719 61
6720 53
6721 64
6722 48
6723 50
6724 59
6725 58
6726 69
6727 70
6728 55
6729 50
6730 57
6731 61
6732 73
6733 69
6734 57
6735 52
6736 63
6737 62
6738 51
6739 60
6740 45
6741 55
6742 67
6743 67
6744 51
6745 52
6746 67
6747 54
6748 48
6749 67
6750 73
6751 62
6752 41
6753 62
6754 62
6755 55
6756 60
6757 50
6758 63
6759 48
6760 64
6761 48
6762 61
6763 56
6764 55
6765 47
6766 68
6767 73
6768 51
6769 54
6770 57
6771 52
6772 39
6773 48
6774 53
6775 54
6776 68
6777 49
6778 56
6779 62
6780 56
6781 54
6782 70
6783 61
6784 67
6785 56
6786 59
6787 61
6788 81
6789 63
6790 71
6791 59
6792 71
6793 58
6794 49
6795 60
6796 55
6797 57
6798 49
6799 61
6800 57
6801 55
6802 65
6803 54
6804 51
6805 58
6806 62
6807 57
6808 64
6809 56
6810 67
6811 55
6812 53
6813 64
6814 44
6815 63
6816 63
6817 57
6818 67
6819 44
6820 55
6821 61
6822 54
6823 56
6824 65
6825 58
6826 46
6827 73
6828 59
6829 57
6830 59
6831 58
6832 57
6833 71
6834 63
6835 68
6836 59
6837 60
6838 54
6839 55
6840 65
6841 53
6842 68
6843 44
6844 61
6845 60
6846 59
6847 68
6848 53
6849 55
6850 48
6851 57
6852 53
6853 62
6854 57
6855 59
6856 57
6857 59
6858 52
6859 47
6860 67
6861 68
6862 61
6863 52
6864 53
6865 64
6866 65
6867 65
6868 63
6869 67
6870 62
6871 44
6872 50
6873 59
6874 70
6875 64
6876 55
6877 58
6878 55
6879 50
6880 61
6881 77
6882 67
6883 51
6884 57
6885 67
6886 65
6887 56
6888 70
6889 59
6890 52
6891 63
6892 70
6893 48
6894 68
6895 50
6896 52
6897 62
6898 56
6899 56
6900 55
6901 66
6902 62
6903 60
6904 57
6905 60
6906 57
6907 60
6908 57
6909 59
6910 66
6911 58
6912 62
6913 47
6914 65
6915 60
6916 69
6917 46
6918 52
6919 47
6920 64
6921 52
6922 47
6923 62
6924 59
6925 60
6926 51
6927 40
6928 51
6929 49
6930 54
6931 52
6932 62
6933 60
6934 53
6935 61
6936 67
6937 61
6938 54
6939 64
6940 38
6941 57
6942 46
6943 52
6944 45
6945 52
6946 55
6947 54
6948 51
6949 62
6950 56
6951 46
6952 59
6953 52
6954 57
6955 57
6956 49
6957 55
6958 59
6959 51
6960 52
6961 47
6962 67
6963 52
6964 56
6965 62
6966 62
6967 58
6968 53
6969 57
6970 55
6971 50
6972 63
6973 56
6974 55
6975 44
6976 69
6977 55
6978 54
6979 56
6980 58
6981 44
6982 52
6983 51
6984 58
6985 59
6986 71
6987 60
6988 45
6989 48
6990 51
6991 58
6992 55
6993 61
6994 42
6995 57
6996 56
6997 68
6998 50
6999 65
7000 64
7001 42
7002 54
7003 60
7004 55
7005 54
7006 70
7007 56
7008 57
7009 56
7010 67
7011 63
7012 60
7013 49
7014 54
7015 59
7016 51
7017 36
7018 69
7019 53
7020 49
7021 59
7022 48
7023 51
7024 62
7025 65
7026 43
7027 68
7028 50
7029 64
7030 66
7031 53
7032 56
7033 70
7034 55
7035 53
7036 79
7037 50
7038 46
7039 66
7040 53
7041 50
7042 48
7043 54
7044 43
7045 53
7046 41
7047 66
7048 50
7049 59
7050 68
7051 52
7052 55
7053 49
7054 58
7055 54
7056 59
7057 51
7058 56
7059 72
7060 67
7061 48
7062 59
7063 49
7064 64
7065 58
7066 52
7067 69
7068 68
7069 51
7070 60
7071 56
7072 65
7073 51
7074 68
7075 50
7076 59
7077 49
7078 62
7079 48
7080 50
7081 44
7082 61
7083 58
7084 53
7085 44
7086 60
7087 52
7088 51
7089 66
7090 69
7091 45
7092 54
7093 52
7094 53
7095 55
7096 57
7097 56
7098 56
7099 64
7100 52
7101 59
7102 59
7103 53
7104 55
7105 65
7106 53
7107 39
7108 56
7109 61
7110 55
7111 47
7112 55
7113 47
7114 57
7115 67
7116 47
7117 59
7118 41
7119 47
7120 42
7121 51
7122 46
7123 49
7124 46
7125 48
7126 59
7127 43
7128 47
7129 54
7130 53
7131 64
7132 48
7133 57
7134 49
7135 58
7136 50
7137 60
7138 48
7139 38
7140 53
7141 47
7142 64
7143 54
7144 56
7145 53
7146 59
7147 43
7148 55
7149 51
7150 52
7151 43
7152 51
7153 54
7154 49
7155 56
7156 54
7157 38
7158 49
7159 53
7160 46
7161 29
7162 35
7163 57
7164 54
7165 45
7166 50
7167 67
7168 46
7169 46
7170 53
7171 47
7172 63
7173 42
7174 52
7175 54
7176 48
7177 39
7178 51
7179 54
7180 51
7181 59
7182 60
7183 48
7184 49
7185 61
7186 51
7187 63
7188 47
7189 62
7190 50
7191 48
7192 47
7193 49
7194 60
7195 51
7196 55
7197 43
7198 48
7199 45
7200 44
7201 51
7202 53
7203 47
7204 59
7205 50
7206 52
7207 51
7208 39
7209 46
7210 55
7211 38
7212 48
7213 61
7214 53
7215 52
7216 45
7217 40
7218 41
7219 50
7220 47
7221 43
7222 54
7223 49
7224 40
7225 56
7226 51
7227 47
7228 49
7229 55
7230 63
7231 57
7232 52
7233 50
7234 44
7235 53
7236 45
7237 48
7238 57
7239 47
7240 42
7241 53
7242 55
7243 46
7244 44
7245 48
7246 48
7247 49
7248 51
7249 42
7250 56
7251 47
7252 54
7253 50
7254 56
7255 47
7256 56
7257 66
7258 52
7259 54
7260 53
7261 61
7262 55
7263 53
7264 50
7265 56
7266 37
7267 56
7268 52
7269 51
7270 68
7271 49
7272 63
7273 53
7274 47
7275 39
7276 60
7277 47
7278 55
7279 50
7280 49
7281 41
7282 53
7283 58
7284 57
7285 54
7286 48
7287 52
7288 54
7289 44
7290 48
7291 57
7292 50
7293 51
7294 51
7295 39
7296 53
7297 46
7298 51
7299 47
7300 63
7301 66
7302 42
7303 55
7304 38
7305 53
7306 43
7307 45
7308 47
7309 47
7310 50
7311 65
7312 45
7313 52
7314 42
7315 53
7316 58
7317 52
7318 54
7319 53
7320 58
7321 45
7322 60
7323 54
7324 66
7325 50
7326 51
7327 49
7328 59
7329 66
7330 57
7331 56
7332 48
7333 55
7334 55
7335 51
7336 52
7337 48
7338 52
7339 46
7340 50
7341 44
7342 43
7343 68
7344 52
7345 60
7346 58
7347 44
7348 55
7349 53
7350 47
7351 45
7352 60
7353 48
7354 50
7355 52
7356 43
7357 42
7358 42
7359 59
7360 47
7361 47
7362 41
7363 52
7364 58
7365 47
7366 52
7367 60
7368 48
7369 60
7370 52
7371 53
7372 48
7373 43
7374 58
7375 48
7376 46
7377 49
7378 48
7379 42
7380 46
7381 44
7382 47
7383 63
7384 65
7385 46
7386 58
7387 41
7388 41
7389 67
7390 56
7391 45
7392 43
7393 29
7394 57
7395 57
7396 37
7397 56
7398 54
7399 59
7400 38
7401 50
7402 46
7403 50
7404 59
7405 37
7406 44
7407 56
7408 46
7409 50
7410 46
7411 34
7412 42
7413 39
7414 48
7415 52
7416 45
7417 50
7418 64
7419 34
7420 45
7421 53
7422 53
7423 52
7424 65
7425 67
7426 45
7427 44
7428 54
7429 47
7430 43
7431 49
7432 53
7433 48
7434 59
7435 41
7436 48
7437 36
7438 55
7439 44
7440 44
7441 64
7442 37
7443 49
7444 54
7445 47
7446 48
7447 58
7448 45
7449 45
7450 42
7451 54
7452 43
7453 48
7454 43
7455 40
7456 53
7457 40
7458 53
7459 46
7460 49
7461 50
7462 41
7463 40
7464 37
7465 56
7466 50
7467 40
7468 45
7469 51
7470 45
7471 45
7472 58
7473 38
7474 54
7475 44
7476 54
7477 40
7478 41
7479 55
7480 36
7481 53
7482 46
7483 52
7484 49
7485 34
7486 60
7487 50
7488 64
7489 40
7490 58
7491 47
7492 51
7493 54
7494 41
7495 41
7496 50
7497 42
7498 36
7499 47
7500 47
7501 62
7502 64
7503 59
7504 45
7505 48
7506 54
7507 50
7508 54
7509 47
7510 37
7511 53
7512 49
7513 39
7514 51
7515 54
7516 51
7517 42
7518 51
7519 47
7520 46
7521 46
7522 34
7523 43
7524 56
7525 59
7526 50
7527 52
7528 48
7529 50
7530 58
7531 40
7532 47
7533 46
7534 41
7535 44
7536 36
7537 39
7538 48
7539 51
7540 52
7541 56
7542 47
7543 43
7544 43
7545 44
7546 49
7547 54
7548 49
7549 58
7550 44
7551 39
7552 52
7553 56
7554 51
7555 57
7556 37
7557 48
7558 53
7559 55
7560 46
7561 55
7562 43
7563 35
7564 52
7565 48
7566 41
7567 34
7568 48
7569 50
7570 46
7571 49
7572 54
7573 49
7574 44
7575 41
7576 43
7577 46
7578 49
7579 39
7580 33
7581 41
7582 47
7583 40
7584 39
7585 49
7586 41
7587 37
7588 45
7589 46
7590 50
7591 39
7592 44
7593 55
7594 42
7595 41
7596 37
7597 43
7598 54
7599 52
7600 40
7601 63
7602 40
7603 45
7604 42
7605 42
7606 39
7607 48
7608 52
7609 42
7610 49
7611 56
7612 50
7613 48
7614 63
7615 45
7616 44
7617 57
7618 55
7619 35
7620 56
7621 51
7622 53
7623 38
7624 56
7625 59
7626 42
7627 46
7628 60
7629 44
7630 43
7631 54
7632 44
7633 52
7634 60
7635 59
7636 47
7637 55
7638 53
7639 60
7640 44
7641 54
7642 46
7643 53
7644 44
7645 52
7646 40
7647 43
7648 55
7649 48
7650 46
7651 45
7652 56
7653 46
7654 55
7655 48
7656 59
7657 49
7658 62
7659 60
7660 52
7661 48
7662 45
7663 25
7664 60
7665 45
7666 43
7667 49
7668 46
7669 46
7670 47
7671 54
7672 42
7673 59
7674 47
7675 53
7676 44
7677 44
7678 56
7679 50
7680 46
7681 44
7682 39
7683 45
7684 56
7685 43
7686 44
7687 46
7688 55
7689 49
7690 46
7691 45
7692 44
7693 43
7694 39
7695 48
7696 48
7697 45
7698 54
7699 43
7700 39
7701 44
7702 51
7703 43
7704 44
7705 46
7706 43
7707 33
7708 34
7709 34
7710 44
7711 42
7712 30
7713 52
7714 39
7715 43
7716 47
7717 39
7718 48
7719 41
7720 47
7721 42
7722 47
7723 39
7724 46
7725 46
7726 41
7727 47
7728 45
7729 51
7730 41
7731 40
7732 37
7733 43
7734 40
7735 38
7736 52
7737 54
7738 53
7739 36
7740 43
7741 45
7742 40
7743 60
7744 30
7745 36
7746 33
7747 57
7748 44
7749 37
7750 51
7751 51
7752 39
7753 50
7754 49
7755 45
7756 53
7757 37
7758 48
7759 54
7760 34
7761 34
7762 47
7763 49
7764 39
7765 43
7766 46
7767 39
7768 33
7769 34
7770 51
7771 49
7772 47
7773 52
7774 42
7775 36
7776 38
7777 33
7778 37
7779 46
7780 54
7781 41
7782 43
7783 37
7784 52
7785 37
7786 45
7787 41
7788 39
7789 40
7790 23
7791 42
7792 52
7793 41
7794 36
7795 41
7796 47
7797 26
7798 48
7799 55
7800 34
7801 40
7802 54
7803 52
7804 50
7805 40
7806 47
7807 32
7808 41
7809 40
7810 35
7811 39
7812 44
7813 51
7814 53
7815 48
7816 43
7817 44
7818 41
7819 53
7820 41
7821 40
7822 48
7823 53
7824 48
7825 37
7826 49
7827 44
7828 35
7829 63
7830 41
7831 54
7832 59
7833 40
7834 35
7835 44
7836 47
7837 37
7838 43
7839 51
7840 49
7841 35
7842 45
7843 38
7844 45
7845 48
7846 45
7847 26
7848 46
7849 39
7850 33
7851 35
7852 49
7853 47
7854 38
7855 39
7856 56
7857 51
7858 41
7859 43
7860 46
7861 42
7862 49
7863 46
7864 39
7865 48
7866 34
7867 46
7868 54
7869 40
7870 64
7871 42
7872 45
7873 41
7874 37
7875 45
7876 53
7877 45
7878 33
7879 34
7880 47
7881 42
7882 39
7883 53
7884 44
7885 35
7886 43
7887 36
7888 42
7889 50
7890 47
7891 42
7892 47
7893 45
7894 49
7895 39
7896 35
7897 49
7898 43
7899 43
7900 45
7901 30
7902 37
7903 42
7904 44
7905 48
7906 44
7907 46
7908 51
7909 41
7910 40
7911 44
7912 45
7913 49
7914 37
7915 46
7916 52
7917 49
7918 49
7919 38
7920 39
7921 47
7922 43
7923 38
7924 42
7925 40
7926 36
7927 36
7928 49
7929 44
7930 42
7931 43
7932 34
7933 41
7934 39
7935 57
7936 42
7937 41
7938 36
7939 41
7940 52
7941 43
7942 41
7943 40
7944 49
7945 40
7946 38
7947 42
7948 44
7949 46
7950 37
7951 44
7952 39
7953 41
7954 48
7955 42
7956 43
7957 30
7958 44
7959 38
7960 40
7961 46
7962 37
7963 42
7964 38
7965 46
7966 43
7967 44
7968 25
7969 47
7970 25
7971 38
7972 46
7973 33
7974 38
7975 38
7976 35
7977 54
7978 50
7979 36
7980 33
7981 31
7982 37
7983 58
7984 35
7985 46
7986 46
7987 43
7988 49
7989 47
7990 29
7991 58
7992 47
7993 37
7994 47
7995 37
7996 37
7997 48
7998 34
7999 39
8000 45
8001 37
8002 42
8003 41
8004 40
8005 39
8006 34
8007 36
8008 38
8009 45
8010 36
8011 39
8012 33
8013 46
8014 29
8015 47
8016 42
8017 41
8018 46
8019 39
8020 47
8021 38
8022 40
8023 39
8024 38
8025 32
8026 46
8027 35
8028 40
8029 47
8030 53
8031 45
8032 35
8033 43
8034 48
8035 40
8036 52
8037 42
8038 32
8039 38
8040 38
8041 31
8042 43
8043 44
8044 43
8045 36
8046 40
8047 44
8048 38
8049 51
8050 41
8051 38
8052 49
8053 47
8054 43
8055 37
8056 44
8057 52
8058 38
8059 47
8060 40
8061 48
8062 47
8063 44
8064 48
8065 56
8066 36
8067 33
8068 42
8069 49
8070 33
8071 42
8072 49
8073 43
8074 31
8075 47
8076 44
8077 50
8078 39
8079 35
8080 36
8081 42
8082 51
8083 34
8084 34
8085 43
8086 41
8087 43
8088 49
8089 43
8090 50
8091 43
8092 32
8093 37
8094 45
8095 44
8096 43
8097 42
8098 39
8099 37
8100 40
8101 38
8102 36
8103 42
8104 31
8105 38
8106 43
8107 35
8108 46
8109 49
8110 37
8111 30
8112 35
8113 38
8114 37
8115 42
8116 40
8117 43
8118 45
8119 31
8120 40
8121 38
8122 44
8123 36
8124 47
8125 51
8126 38
8127 41
8128 38
8129 30
8130 33
8131 50
8132 45
8133 34
8134 35
8135 32
8136 66
8137 42
8138 42
8139 40
8140 44
8141 47
8142 45
8143 33
8144 42
8145 35
8146 51
8147 47
8148 31
8149 29
8150 45
8151 49
8152 38
8153 38
8154 50
8155 44
8156 53
8157 45
8158 42
8159 36
8160 50
8161 31
8162 42
8163 32
8164 42
8165 41
8166 47
8167 34
8168 38
8169 41
8170 42
8171 48
8172 47
8173 34
8174 39
8175 39
8176 33
8177 47
8178 44
8179 41
8180 34
8181 47
8182 51
8183 31
8184 40
8185 39
8186 42
8187 45
8188 35
8189 37
8190 43
8191 31
8192 51
8193 52
8194 40
8195 42
8196 45
8197 44
8198 28
8199 37
8200 35
8201 42
8202 53
8203 31
8204 42
8205 44
8206 48
8207 46
8208 39
8209 42
8210 32
8211 42
8212 41
8213 37
8214 40
8215 32
8216 36
8217 36
8218 53
8219 40
8220 34
8221 32
8222 38
8223 38
8224 45
8225 39
8226 27
8227 45
8228 48
8229 36
8230 39
8231 32
8232 37
8233 49
8234 45
8235 29
8236 27
8237 37
8238 36
8239 30
8240 38
8241 31
8242 36
8243 38
8244 31
8245 46
8246 32
8247 37
8248 60
8249 45
8250 47
8251 36
8252 27
8253 32
8254 47
8255 47
8256 43
8257 46
8258 35
8259 41
8260 42
8261 37
8262 43
8263 50
8264 44
8265 47
8266 50
8267 46
8268 33
8269 34
8270 39
8271 52
8272 38
8273 43
8274 40
8275 43
8276 41
8277 48
8278 62
8279 35
8280 43
8281 40
8282 36
8283 40
8284 40
8285 39
8286 40
8287 57
8288 43
8289 37
8290 43
8291 33
8292 40
8293 38
8294 43
8295 54
8296 45
8297 51
8298 45
8299 44
8300 40
8301 33
8302 40
8303 33
8304 46
8305 40
8306 40
8307 44
8308 42
8309 50
8310 56
8311 42
8312 47
8313 38
8314 46
8315 39
8316 39
8317 33
8318 35
8319 39
8320 45
8321 34
8322 42
8323 29
8324 29
8325 33
8326 48
8327 37
8328 39
8329 40
8330 41
8331 39
8332 40
8333 39
8334 37
8335 37
8336 42
8337 54
8338 41
8339 33
8340 48
8341 31
8342 46
8343 37
8344 25
8345 34
8346 38
8347 25
8348 37
8349 33
8350 50
8351 40
8352 36
8353 38
8354 42
8355 37
8356 34
8357 39
8358 45
8359 40
8360 40
8361 43
8362 45
8363 36
8364 36
8365 41
8366 28
8367 33
8368 32
8369 29
8370 32
8371 42
8372 39
8373 33
8374 37
8375 37
8376 42
8377 47
8378 38
8379 44
8380 39
8381 45
8382 41
8383 29
8384 36
8385 31
8386 52
8387 40
8388 43
8389 39
8390 49
8391 42
8392 35
8393 30
8394 39
8395 58
8396 38
8397 36
8398 36
8399 43
8400 39
8401 32
8402 42
8403 32
8404 37
8405 37
8406 30
8407 42
8408 42
8409 35
8410 27
8411 47
8412 40
8413 27
8414 46
8415 39
8416 39
8417 38
8418 35
8419 37
8420 40
8421 35
8422 42
8423 55
8424 24
8425 35
8426 41
8427 50
8428 49
8429 32
8430 49
8431 48
8432 32
8433 36
8434 35
8435 37
8436 51
8437 46
8438 45
8439 43
8440 33
8441 40
8442 39
8443 33
8444 37
8445 47
8446 39
8447 44
8448 34
8449 48
8450 34
8451 34
8452 32
8453 44
8454 31
8455 34
8456 31
8457 43
8458 45
8459 39
8460 41
8461 35
8462 33
8463 33
8464 41
8465 38
8466 37
8467 39
8468 38
8469 42
8470 40
8471 26
8472 30
8473 31
8474 36
8475 39
8476 40
8477 44
8478 51
8479 31
8480 41
8481 46
8482 32
8483 47
8484 38
8485 46
8486 30
8487 38
8488 34
8489 47
8490 28
8491 36
8492 42
8493 47
8494 42
8495 43
8496 47
8497 41
8498 44
8499 49
8500 38
8501 43
8502 37
8503 47
8504 49
8505 44
8506 33
8507 33
8508 42
8509 35
8510 42
8511 36
8512 40
8513 38
8514 47
8515 32
8516 31
8517 39
8518 36
8519 45
8520 38
8521 41
8522 33
8523 39
8524 33
8525 40
8526 34
8527 50
8528 33
8529 35
8530 36
8531 38
8532 31
8533 47
8534 42
8535 49
8536 31
8537 48
8538 48
8539 26
8540 43
8541 36
8542 42
8543 34
8544 41
8545 36
8546 34
8547 39
8548 31
8549 39
8550 26
8551 37
8552 24
8553 30
8554 30
8555 43
8556 30
8557 36
8558 39
8559 36
8560 32
8561 37
8562 41
8563 40
8564 32
8565 39
8566 36
8567 37
8568 30
8569 36
8570 24
8571 45
8572 34
8573 39
8574 34
8575 33
8576 40
8577 30
8578 35
8579 31
8580 39
8581 39
8582 30
8583 51
8584 49
8585 29
8586 39
8587 36
8588 45
8589 41
8590 36
8591 38
8592 44
8593 57
8594 36
8595 40
8596 46
8597 30
8598 33
8599 44
8600 36
8601 42
8602 26
8603 52
8604 32
8605 36
8606 39
8607 29
8608 50
8609 33
8610 41
8611 39
8612 35
8613 37
8614 33
8615 36
8616 35
8617 28
8618 41
8619 42
8620 34
8621 48
8622 29
8623 25
8624 39
8625 30
8626 63
8627 43
8628 52
8629 34
8630 45
8631 39
8632 36
8633 41
8634 35
8635 37
8636 41
8637 45
8638 46
8639 41
8640 35
8641 35
8642 43
8643 43
8644 32
8645 34
8646 37
8647 31
8648 37
8649 29
8650 36
8651 44
8652 37
8653 51
8654 31
8655 36
8656 39
8657 51
8658 33
8659 33
8660 44
8661 48
8662 31
8663 32
8664 43
8665 41
8666 35
8667 38
8668 41
8669 29
8670 40
8671 40
8672 37
8673 32
8674 31
8675 36
8676 40
8677 38
8678 39
8679 35
8680 36
8681 41
8682 31
8683 39
8684 32
8685 31
8686 39
8687 38
8688 32
8689 32
8690 43
8691 41
8692 35
8693 38
8694 38
8695 34
8696 23
8697 38
8698 34
8699 26
8700 48
8701 47
8702 30
8703 33
8704 40
8705 26
8706 39
8707 30
8708 37
8709 43
8710 39
8711 39
8712 36
8713 49
8714 43
8715 48
8716 30
8717 31
8718 35
8719 46
8720 40
8721 39
8722 40
8723 34
8724 30
8725 38
8726 33
8727 52
8728 39
8729 36
8730 33
8731 36
8732 50
8733 26
8734 46
8735 34
8736 36
8737 24
8738 40
8739 34
8740 35
8741 42
8742 39
8743 40
8744 31
8745 37
8746 44
8747 36
8748 37
8749 48
8750 50
8751 44
8752 39
8753 42
8754 44
8755 47
8756 31
8757 33
8758 32
8759 39
8760 38
8761 32
8762 39
8763 48
8764 45
8765 35
8766 36
8767 40
8768 32
8769 43
8770 28
8771 27
8772 41
8773 40
8774 22
8775 46
8776 31
8777 25
8778 35
8779 32
8780 34
8781 39
8782 43
8783 35
8784 32
8785 41
8786 35
8787 48
8788 36
8789 32
8790 47
8791 31
8792 42
8793 30
8794 27
8795 39
8796 46
8797 41
8798 33
8799 43
8800 34
8801 30
8802 38
8803 41
8804 38
8805 32
8806 33
8807 42
8808 37
8809 34
8810 41
8811 24
8812 37
8813 31
8814 34
8815 36
8816 24
8817 40
8818 36
8819 37
8820 32
8821 31
8822 35
8823 33
8824 42
8825 29
8826 42
8827 33
8828 33
8829 33
8830 31
8831 30
8832 44
8833 36
8834 23
8835 36
8836 40
8837 36
8838 47
8839 40
8840 44
8841 36
8842 32
8843 24
8844 33
8845 38
8846 41
8847 33
8848 30
8849 40
8850 28
8851 40
8852 32
8853 30
8854 34
8855 35
8856 36
8857 35
8858 52
8859 39
8860 35
8861 30
8862 25
8863 33
8864 35
8865 37
8866 36
8867 44
8868 32
8869 33
8870 44
8871 27
8872 46
8873 33
8874 23
8875 30
8876 43
8877 36
8878 38
8879 32
8880 31
8881 25
8882 31
8883 45
8884 41
8885 38
8886 33
8887 44
8888 35
8889 50
8890 36
8891 39
8892 50
8893 40
8894 46
8895 36
8896 35
8897 32
8898 47
8899 46
8900 36
8901 42
8902 41
8903 40
8904 37
8905 38
8906 36
8907 27
8908 44
8909 39
8910 33
8911 34
8912 41
8913 38
8914 32
8915 35
8916 26
8917 41
8918 38
8919 36
8920 43
8921 34
8922 34
8923 44
8924 37
8925 44
8926 45
8927 38
8928 28
8929 28
8930 27
8931 32
8932 31
8933 39
8934 40
8935 48
8936 28
8937 40
8938 33
8939 28
8940 24
8941 20
8942 28
8943 41
8944 36
8945 35
8946 37
8947 28
8948 34
8949 37
8950 34
8951 22
8952 30
8953 36
8954 32
8955 37
8956 39
8957 25
8958 37
8959 35
8960 37
8961 39
8962 31
8963 41
8964 33
8965 38
8966 36
8967 27
8968 31
8969 30
8970 41
8971 36
8972 35
8973 35
8974 28
8975 31
8976 42
8977 36
8978 49
8979 32
8980 40
8981 36
8982 45
8983 26
8984 40
8985 45
8986 32
8987 33
8988 39
8989 42
8990 29
8991 45
8992 39
8993 41
8994 44
8995 33
8996 36
8997 39
8998 34
8999 40
9000 32
9001 39
9002 39
9003 41
9004 40
9005 24
9006 34
9007 41
9008 30
9009 29
9010 32
9011 39
9012 34
9013 47
9014 21
9015 40
9016 29
9017 34
9018 34
9019 38
9020 35
9021 37
9022 33
9023 30
9024 28
9025 37
9026 38
9027 33
9028 33
9029 40
9030 42
9031 32
9032 38
9033 36
9034 36
9035 32
9036 38
9037 34
9038 36
9039 15
9040 22
9041 31
9042 38
9043 30
9044 37
9045 30
9046 33
9047 24
9048 41
9049 26
9050 38
9051 41
9052 34
9053 49
9054 48
9055 35
9056 46
9057 33
9058 28
9059 36
9060 34
9061 30
9062 26
9063 38
9064 30
9065 28
9066 37
9067 34
9068 30
9069 41
9070 28
9071 32
9072 45
9073 32
9074 35
9075 28
9076 27
9077 45
9078 24
9079 38
9080 38
9081 34
9082 37
9083 27
9084 40
9085 38
9086 28
9087 32
9088 40
9089 34
9090 45
9091 37
9092 32
9093 42
9094 36
9095 30
9096 49
9097 37
9098 33
9099 26
9100 29
9101 42
9102 28
9103 27
9104 28
9105 36
9106 33
9107 35
9108 38
9109 40
9110 41
9111 35
9112 31
9113 42
9114 30
9115 29
9116 33
9117 41
9118 36
9119 30
9120 39
9121 39
9122 39
9123 34
9124 28
9125 42
9126 42
9127 33
9128 35
9129 35
9130 31
9131 32
9132 33
9133 31
9134 35
9135 41
9136 31
9137 38
9138 33
9139 49
9140 36
9141 16
9142 39
9143 31
9144 41
9145 32
9146 28
9147 40
9148 35
9149 36
9150 33
9151 43
9152 36
9153 30
9154 35
9155 38
9156 26
9157 39
9158 34
9159 28
9160 45
9161 37
9162 35
9163 21
9164 42
9165 33
9166 32
9167 41
9168 35
9169 35
9170 33
9171 45
9172 18
9173 32
9174 34
9175 29
9176 44
9177 28
9178 34
9179 32
9180 30
9181 30
9182 35
9183 41
9184 39
9185 40
9186 41
9187 26
9188 32
9189 39
9190 35
9191 31
9192 33
9193 33
9194 30
9195 38
9196 37
9197 30
9198 40
9199 41
9200 41
9201 32
9202 40
9203 31
9204 37
9205 44
9206 30
9207 39
9208 37
9209 50
9210 44
9211 33
9212 33
9213 43
9214 41
9215 35
9216 26
9217 32
9218 36
9219 36
9220 39
9221 26
9222 40
9223 36
9224 30
9225 30
9226 41
9227 38
9228 38
9229 32
9230 46
9231 47
9232 46
9233 32
9234 26
9235 38
9236 38
9237 27
9238 34
9239 32
9240 35
9241 36
9242 34
9243 32
9244 37
9245 33
9246 37
9247 46
9248 30
9249 32
9250 31
9251 46
9252 29
9253 35
9254 27
9255 45
9256 36
9257 29
9258 29
9259 31
9260 41
9261 45
9262 34
9263 25
9264 35
9265 36
9266 39
9267 30
9268 35
9269 31
9270 35
9271 38
9272 40
9273 31
9274 43
9275 23
9276 42
9277 41
9278 33
9279 33
9280 28
9281 28
9282 25
9283 36
9284 34
9285 35
9286 39
9287 40
9288 28
9289 37
9290 45
9291 35
9292 35
9293 35
9294 37
9295 40
9296 39
9297 34
9298 44
9299 44
9300 36
9301 33
9302 35
9303 49
9304 25
9305 38
9306 35
9307 26
9308 34
9309 42
9310 42
9311 25
9312 49
9313 28
9314 31
9315 40
9316 24
9317 35
9318 35
9319 54
9320 47
9321 35
9322 39
9323 49
9324 40
9325 48
9326 40
9327 29
9328 36
9329 38
9330 23
9331 35
9332 32
9333 37
9334 37
9335 41
9336 31
9337 28
9338 49
9339 38
9340 39
9341 31
9342 41
9343 26
9344 30
9345 28
9346 28
9347 41
9348 43
9349 34
9350 29
9351 40
9352 22
9353 31
9354 31
9355 36
9356 31
9357 26
9358 28
9359 29
9360 30
9361 21
9362 42
9363 30
9364 32
9365 30
9366 25
9367 33
9368 33
9369 28
9370 29
9371 36
9372 21
9373 31
9374 33
9375 29
9376 47
9377 36
9378 29
9379 37
9380 39
9381 40
9382 39
9383 40
9384 33
9385 46
9386 41
9387 29
9388 40
9389 37
9390 25
9391 43
9392 32
9393 40
9394 37
9395 30
9396 36
9397 28
9398 40
9399 44
9400 43
9401 39
9402 31
9403 39
9404 32
9405 31
9406 30
9407 44
9408 27
9409 32
9410 38
9411 26
9412 30
9413 29
9414 35
9415 32
9416 44
9417 45
9418 26
9419 36
9420 25
9421 37
9422 44
9423 41
9424 46
9425 27
9426 30
9427 35
9428 23
9429 28
9430 31
9431 34
9432 33
9433 32
9434 31
9435 29
9436 33
9437 43
9438 35
9439 45
9440 25
9441 33
9442 39
9443 26
9444 23
9445 38
9446 32
9447 37
9448 28
9449 33
9450 32
9451 29
9452 41
9453 28
9454 36
9455 35
9456 39
9457 34
9458 29
9459 27
9460 38
9461 37
9462 42
9463 27
9464 40
9465 34
9466 44
9467 36
9468 32
9469 32
9470 38
9471 37
9472 29
9473 30
9474 34
9475 40
9476 37
9477 40
9478 34
9479 40
9480 37
9481 25
9482 38
9483 32
9484 24
9485 33
9486 41
9487 27
9488 34
9489 28
9490 36
9491 43
9492 40
9493 28
9494 35
9495 32
9496 33
9497 35
9498 39
9499 32
9500 32
9501 28
9502 34
9503 30
9504 31
9505 35
9506 37
9507 27
9508 38
9509 33
9510 41
9511 39
9512 23
9513 28
9514 29
9515 26
9516 36
9517 37
9518 29
9519 35
9520 35
9521 37
9522 38
9523 35
9524 30
9525 41
9526 46
9527 33
9528 41
9529 49
9530 30
9531 45
9532 43
9533 42
9534 39
9535 44
9536 32
9537 35
9538 36
9539 32
9540 41
9541 31
9542 36
9543 40
9544 30
9545 32
9546 32
9547 26
9548 37
9549 32
9550 33
9551 49
9552 37
9553 34
9554 31
9555 36
9556 30
9557 42
9558 38
9559 39
9560 33
9561 36
9562 40
9563 40
9564 36
9565 30
9566 38
9567 26
9568 35
9569 38
9570 34
9571 33
9572 35
9573 36
9574 43
9575 35
9576 37
9577 31
9578 36
9579 39
9580 44
9581 37
9582 37
9583 37
9584 43
9585 33
9586 41
9587 37
9588 33
9589 32
9590 37
9591 31
9592 27
9593 43
9594 34
9595 39
9596 32
9597 34
9598 35
9599 39
9600 43
9601 26
9602 39
9603 41
9604 37
9605 36
9606 30
9607 41
9608 33
9609 34
9610 37
9611 33
9612 34
9613 35
9614 36
9615 30
9616 40
9617 26
9618 32
9619 42
9620 30
9621 30
9622 40
9623 43
9624 36
9625 30
9626 41
9627 43
9628 34
9629 40
9630 48
9631 36
9632 32
9633 27
9634 39
9635 31
9636 38
9637 37
9638 33
9639 35
9640 35
9641 35
9642 30
9643 39
9644 36
9645 35
9646 40
9647 36
9648 44
9649 33
9650 28
9651 38
9652 45
9653 49
9654 44
9655 33
9656 38
9657 35
9658 45
9659 44
9660 36
9661 35
9662 33
9663 44
9664 40
9665 32
9666 29
9667 32
9668 27
9669 33
9670 35
9671 41
9672 32
9673 38
9674 35
9675 37
9676 30
9677 56
9678 41
9679 33
9680 33
9681 41
9682 54
9683 43
9684 41
9685 33
9686 32
9687 47
9688 43
9689 28
9690 36
9691 38
9692 30
9693 41
9694 35
9695 32
9696 30
9697 36
9698 29
9699 34
9700 31
9701 46
9702 36
9703 33
9704 36
9705 33
9706 40
9707 45
9708 36
9709 41
9710 48
9711 39
9712 37
9713 53
9714 45
9715 35
9716 28
9717 31
9718 33
9719 38
9720 34
9721 44
9722 38
9723 36
9724 37
9725 24
9726 24
9727 39
9728 33
9729 28
9730 31
9731 32
9732 40
9733 47
9734 33
9735 31
9736 26
9737 26
9738 34
9739 42
9740 32
9741 40
9742 40
9743 26
9744 48
9745 24
9746 42
9747 36
9748 57
9749 36
9750 39
9751 30
9752 42
9753 50
9754 39
9755 41
9756 32
9757 31
9758 28
9759 32
9760 37
9761 42
9762 50
9763 30
9764 42
9765 31
9766 35
9767 27
9768 42
9769 41
9770 42
9771 36
9772 37
9773 36
9774 45
9775 30
9776 35
9777 32
9778 32
9779 44
9780 44
9781 37
9782 40
9783 33
9784 33
9785 42
9786 34
9787 31
9788 32
9789 43
9790 56
9791 35
9792 37
9793 36
9794 48
9795 24
9796 40
9797 47
9798 30
9799 46
9800 38
9801 34
9802 42
9803 47
9804 36
9805 58
9806 34
9807 44
9808 48
9809 36
9810 45
9811 35
9812 51
9813 31
9814 45
9815 27
9816 32
9817 45
9818 38
9819 29
9820 34
9821 39
9822 32
9823 38
9824 41
9825 28
9826 39
9827 44
9828 32
9829 39
9830 25
9831 41
9832 35
9833 41
9834 35
9835 28
9836 33
9837 31
9838 42
9839 42
9840 37
9841 36
9842 48
9843 46
9844 36
9845 38
9846 39
9847 42
9848 43
9849 49
9850 31
9851 34
9852 34
9853 55
9854 34
9855 36
9856 49
9857 54
9858 42
9859 42
9860 43
9861 37
9862 33
9863 36
9864 35
9865 29
9866 40
9867 36
9868 31
9869 39
9870 38
9871 42
9872 40
9873 47
9874 36
9875 34
9876 54
9877 30
9878 43
9879 37
9880 40
9881 41
9882 38
9883 31
9884 30
9885 45
9886 46
9887 37
9888 40
9889 46
9890 39
9891 32
9892 42
9893 34
9894 39
9895 44
9896 36
9897 30
9898 38
9899 34
9900 33
9901 44
9902 27
9903 40
9904 32
9905 41
9906 38
9907 49
9908 33
9909 34
9910 35
9911 46
9912 36
9913 33
9914 34
9915 32
9916 33
9917 28
9918 36
9919 34
9920 39
9921 40
9922 41
9923 37
9924 30
9925 34
9926 47
9927 50
9928 32
9929 35
9930 48
9931 38
9932 36
9933 44
9934 35
9935 37
9936 36
9937 41
9938 35
9939 46
9940 37
9941 32
9942 35
9943 47
9944 32
9945 34
9946 36
9947 30
9948 39
9949 32
9950 41
9951 29
9952 46
9953 44
9954 17
9955 37
9956 39
9957 31
9958 35
9959 44
9960 30
9961 42
9962 45
9963 47
9964 42
9965 36
9966 41
9967 41
9968 31
9969 38
9970 40
9971 34
9972 39
9973 46
9974 29
9975 42
9976 47
9977 41
9978 35
9979 54
9980 31
9981 39
9982 42
9983 38
9984 38
9985 41
9986 47
9987 42
9988 37
9989 42
9990 47
9991 42
9992 32
9993 36
9994 47
9995 36
9996 52
9997 59
9998 51
9999 42
10000 38
10001 47
