# Title:27-mer spectra for: 63
# XLabel:27-mer frequency
# YLabel:# distinct 27-mers
# Kmer value:27
# Input 1:<pipe>
###
1 1542497010
2 118713067
3 32115948
4 13710388
5 7243146
6 4560273
7 3116387
8 2255487
9 1698336
10 1336304
11 1096182
12 954856
13 888854
14 894727
15 975293
16 1143073
17 1409916
18 1802344
19 2351430
20 3067637
21 3962387
22 5053451
23 6291138
24 7669435
25 9132658
26 10637027
27 12093274
28 13418455
29 14542174
30 15410950
31 15959150
32 16180583
33 16078999
34 15652464
35 14949999
36 14007486
37 12891686
38 11652683
39 10361006
40 9084826
41 7837269
42 6674096
43 5611542
44 4680604
45 3881365
46 3207165
47 2651645
48 2222521
49 1892113
50 1651496
51 1493669
52 1405021
53 1370723
54 1375539
55 1414119
56 1478423
57 1558827
58 1646023
59 1736327
60 1820040
61 1899879
62 1970940
63 2025958
64 2067177
65 2091239
66 2094552
67 2085142
68 2052970
69 2006104
70 1945698
71 1869729
72 1783660
73 1689332
74 1586950
75 1481043
76 1373860
77 1268870
78 1167925
79 1069625
80 975213
81 883926
82 805089
83 734304
84 667503
85 611557
86 562651
87 518899
88 484563
89 454489
90 429662
91 409066
92 394148
93 380144
94 368785
95 360944
96 354296
97 348183
98 342555
99 337917
100 330922
101 325539
102 320858
103 314794
104 307380
105 299979
106 292084
107 284099
108 276002
109 267784
110 259575
111 251577
112 243080
113 235060
114 227156
115 221309
116 215022
117 207384
118 202328
119 195692
120 191502
121 188481
122 186178
123 181954
124 179651
125 176840
126 174718
127 173143
128 170356
129 168507
130 167101
131 164617
132 163685
133 161470
134 160313
135 157905
136 156733
137 153307
138 150541
139 149085
140 145866
141 143791
142 141046
143 138001
144 135082
145 132531
146 129873
147 127840
148 124654
149 121291
150 118620
151 115963
152 114680
153 112340
154 109900
155 107869
156 106562
157 104258
158 103060
159 101603
160 100126
161 98153
162 97159
163 95404
164 94006
165 93252
166 91941
167 90471
168 89553
169 88410
170 87685
171 86126
172 85859
173 83959
174 83820
175 82229
176 81232
177 80567
178 79116
179 77504
180 76338
181 75946
182 75551
183 74044
184 72738
185 72274
186 71438
187 70182
188 69059
189 68099
190 67441
191 66389
192 66609
193 65554
194 64533
195 63624
196 63061
197 63489
198 62018
199 61392
200 60631
201 60635
202 59915
203 58964
204 59390
205 58789
206 57282
207 57514
208 56519
209 56165
210 55124
211 54310
212 53587
213 52943
214 52751
215 52352
216 51486
217 51057
218 50656
219 49873
220 49198
221 48969
222 48504
223 47680
224 47202
225 47022
226 46371
227 46195
228 45468
229 45003
230 44521
231 44067
232 43936
233 43918
234 43212
235 42996
236 42155
237 42030
238 41506
239 40936
240 40657
241 39834
242 39529
243 39235
244 38993
245 38800
246 38422
247 37922
248 37722
249 37640
250 37198
251 36991
252 36415
253 36107
254 36010
255 35397
256 35267
257 34922
258 34476
259 34077
260 33718
261 33739
262 33240
263 33512
264 32452
265 32686
266 32337
267 31849
268 31960
269 31832
270 31107
271 30941
272 30497
273 30496
274 30085
275 29939
276 29745
277 29288
278 28570
279 28566
280 28526
281 28604
282 28507
283 27941
284 27834
285 27566
286 27041
287 27125
288 26851
289 26741
290 26379
291 26000
292 25858
293 26066
294 25066
295 25572
296 24826
297 24776
298 24768
299 24372
300 24261
301 23943
302 23994
303 23517
304 23373
305 23106
306 22911
307 22627
308 22616
309 22395
310 22397
311 22440
312 22225
313 22023
314 21867
315 21678
316 21687
317 21433
318 21442
319 20786
320 20820
321 20856
322 20698
323 20464
324 20403
325 20256
326 20209
327 19974
328 19804
329 19610
330 19522
331 19365
332 19241
333 19178
334 19067
335 18712
336 18698
337 18883
338 18554
339 18307
340 18441
341 18510
342 18046
343 17741
344 17863
345 17603
346 17644
347 17529
348 17207
349 17274
350 17147
351 16974
352 17072
353 16956
354 16957
355 16542
356 16454
357 16599
358 16349
359 16047
360 16245
361 16166
362 16063
363 15994
364 16278
365 15914
366 15830
367 15647
368 15618
369 15424
370 15376
371 15268
372 15342
373 15196
374 15024
375 15167
376 14852
377 14893
378 14871
379 14921
380 14634
381 14547
382 14580
383 14483
384 14245
385 14235
386 14151
387 14034
388 13994
389 13667
390 13651
391 13609
392 13721
393 13586
394 13427
395 13287
396 13593
397 13326
398 13499
399 13307
400 13287
401 13117
402 12972
403 12821
404 12759
405 12539
406 12680
407 12627
408 12693
409 12410
410 12454
411 12425
412 12205
413 12205
414 12105
415 12187
416 11854
417 11979
418 11985
419 11574
420 11726
421 11750
422 11726
423 11418
424 11441
425 11561
426 11255
427 11297
428 11401
429 11066
430 11365
431 11143
432 11180
433 11040
434 10889
435 10809
436 10850
437 10798
438 10678
439 10748
440 10674
441 10626
442 10426
443 10513
444 10402
445 10416
446 10443
447 10210
448 10030
449 10188
450 9928
451 10176
452 10131
453 10021
454 10000
455 10029
456 9702
457 9748
458 9792
459 9624
460 9593
461 9582
462 9605
463 9449
464 9436
465 9392
466 9624
467 9444
468 9256
469 9349
470 9258
471 9254
472 9098
473 9027
474 9052
475 8905
476 9118
477 8874
478 8882
479 8877
480 8944
481 8718
482 8821
483 8824
484 8741
485 8605
486 8641
487 8559
488 8422
489 8524
490 8481
491 8502
492 8459
493 8461
494 8509
495 8386
496 8425
497 8320
498 8255
499 8118
500 8019
501 8072
502 8150
503 7984
504 8170
505 8142
506 8191
507 8033
508 7894
509 8080
510 7977
511 7850
512 7746
513 7672
514 7837
515 7313
516 7414
517 7590
518 7533
519 7533
520 7399
521 7433
522 7405
523 7407
524 7229
525 7429
526 7420
527 7290
528 7330
529 7192
530 7190
531 7265
532 7103
533 7033
534 7218
535 7146
536 7086
537 7130
538 7066
539 7035
540 7081
541 7057
542 6972
543 7017
544 7095
545 6985
546 6821
547 6831
548 6914
549 6855
550 6848
551 6824
552 6867
553 6640
554 6748
555 6699
556 6606
557 6677
558 6584
559 6478
560 6452
561 6456
562 6435
563 6514
564 6489
565 6522
566 6298
567 6313
568 6353
569 6265
570 6275
571 6271
572 6233
573 6308
574 6143
575 6242
576 6224
577 6195
578 6260
579 6168
580 6307
581 6161
582 6135
583 6021
584 6156
585 5974
586 6090
587 5972
588 6026
589 5911
590 6077
591 5934
592 5900
593 5968
594 5848
595 5813
596 5919
597 5925
598 5797
599 5851
600 5673
601 5655
602 5684
603 5660
604 5624
605 5595
606 5667
607 5714
608 5519
609 5740
610 5779
611 5497
612 5707
613 5603
614 5740
615 5622
616 5626
617 5592
618 5605
619 5493
620 5467
621 5438
622 5400
623 5477
624 5442
625 5495
626 5428
627 5506
628 5489
629 5474
630 5414
631 5457
632 5426
633 5343
634 5255
635 5479
636 5484
637 5478
638 5450
639 5409
640 5433
641 5284
642 5435
643 5496
644 5472
645 5618
646 5385
647 5397
648 5571
649 5383
650 5473
651 5449
652 5374
653 5397
654 5618
655 5524
656 5475
657 5435
658 5516
659 5539
660 5471
661 5529
662 5393
663 5356
664 5501
665 5576
666 5593
667 5603
668 5548
669 5481
670 5622
671 5539
672 5577
673 5654
674 5739
675 5682
676 5788
677 5628
678 5693
679 5684
680 5702
681 5551
682 5642
683 5504
684 5686
685 5602
686 5579
687 5615
688 5509
689 5599
690 5615
691 5465
692 5603
693 5701
694 5662
695 5647
696 5650
697 5789
698 5729
699 5833
700 5859
701 5664
702 5868
703 5754
704 5856
705 5766
706 5811
707 5808
708 5908
709 5759
710 5827
711 5794
712 5849
713 5873
714 5901
715 5841
716 5867
717 5850
718 5776
719 5775
720 5801
721 5949
722 6091
723 5883
724 5853
725 6052
726 5927
727 5899
728 5954
729 5820
730 6076
731 5901
732 5794
733 5822
734 5837
735 5903
736 5730
737 5956
738 5927
739 5875
740 5890
741 5970
742 5754
743 5814
744 5765
745 5816
746 5748
747 5732
748 5752
749 5771
750 5673
751 5728
752 5792
753 5800
754 5704
755 5569
756 5681
757 5733
758 5623
759 5723
760 5711
761 5631
762 5598
763 5660
764 5591
765 5527
766 5656
767 5608
768 5695
769 5574
770 5544
771 5569
772 5489
773 5529
774 5415
775 5503
776 5315
777 5375
778 5310
779 5287
780 5305
781 5197
782 5112
783 5108
784 5126
785 5164
786 5185
787 5107
788 5176
789 5010
790 5127
791 5059
792 5068
793 4944
794 5071
795 5011
796 5049
797 4874
798 5000
799 4989
800 4993
801 4868
802 4888
803 4886
804 4937
805 4859
806 4890
807 4898
808 4701
809 4791
810 4690
811 4812
812 4839
813 4658
814 4587
815 4420
816 4557
817 4542
818 4510
819 4457
820 4583
821 4484
822 4495
823 4520
824 4433
825 4473
826 4521
827 4308
828 4219
829 4306
830 4349
831 4327
832 4200
833 4163
834 4139
835 4167
836 4071
837 4119
838 4156
839 3947
840 4031
841 3970
842 4086
843 4021
844 3909
845 3989
846 3913
847 3891
848 3863
849 3883
850 3843
851 3764
852 3766
853 3691
854 3625
855 3653
856 3574
857 3607
858 3545
859 3658
860 3492
861 3563
862 3452
863 3509
864 3422
865 3538
866 3484
867 3273
868 3239
869 3356
870 3339
871 3325
872 3452
873 3348
874 3272
875 3307
876 3215
877 3260
878 3285
879 3175
880 3193
881 3085
882 3257
883 3215
884 3079
885 3188
886 3169
887 3032
888 3018
889 3173
890 3068
891 3006
892 3094
893 2959
894 2992
895 3036
896 2956
897 2945
898 2991
899 2970
900 3065
901 2947
902 2950
903 2899
904 2865
905 2821
906 2867
907 2738
908 2777
909 2839
910 2748
911 2838
912 2676
913 2692
914 2785
915 2681
916 2623
917 2758
918 2729
919 2659
920 2720
921 2635
922 2660
923 2609
924 2588
925 2557
926 2671
927 2621
928 2535
929 2506
930 2482
931 2382
932 2570
933 2409
934 2437
935 2449
936 2409
937 2382
938 2410
939 2397
940 2434
941 2418
942 2400
943 2366
944 2365
945 2319
946 2325
947 2270
948 2304
949 2362
950 2260
951 2358
952 2232
953 2332
954 2338
955 2213
956 2300
957 2268
958 2229
959 2170
960 2222
961 2137
962 2327
963 2195
964 2198
965 2079
966 2205
967 2181
968 2205
969 2127
970 2185
971 2233
972 2176
973 2211
974 2270
975 2044
976 2154
977 2125
978 2163
979 2124
980 2228
981 2120
982 2094
983 2034
984 2036
985 2097
986 2055
987 2121
988 2063
989 2095
990 2084
991 1996
992 2049
993 2066
994 2030
995 2062
996 1997
997 2139
998 1960
999 2056
1000 2023
1001 1953
1002 2071
1003 2030
1004 1977
1005 2029
1006 1994
1007 2004
1008 2052
1009 2055
1010 2080
1011 2041
1012 1991
1013 2077
1014 2000
1015 2020
1016 1964
1017 2011
1018 1946
1019 1962
1020 1903
1021 1940
1022 1939
1023 1903
1024 1883
1025 1959
1026 1967
1027 1910
1028 1933
1029 1878
1030 1867
1031 1963
1032 1942
1033 1877
1034 1901
1035 1898
1036 1888
1037 1855
1038 1874
1039 1931
1040 1880
1041 1957
1042 1886
1043 1916
1044 1880
1045 1806
1046 1796
1047 1876
1048 1860
1049 1914
1050 1810
1051 1806
1052 1861
1053 1836
1054 1799
1055 1867
1056 1813
1057 1810
1058 1845
1059 1844
1060 1869
1061 1707
1062 1778
1063 1783
1064 1718
1065 1784
1066 1726
1067 1763
1068 1768
1069 1836
1070 1788
1071 1788
1072 1717
1073 1758
1074 1730
1075 1703
1076 1779
1077 1756
1078 1641
1079 1745
1080 1763
1081 1711
1082 1709
1083 1750
1084 1732
1085 1788
1086 1692
1087 1680
1088 1685
1089 1683
1090 1732
1091 1796
1092 1707
1093 1637
1094 1665
1095 1695
1096 1744
1097 1765
1098 1696
1099 1747
1100 1707
1101 1684
1102 1712
1103 1730
1104 1715
1105 1644
1106 1658
1107 1684
1108 1739
1109 1655
1110 1720
1111 1584
1112 1662
1113 1641
1114 1661
1115 1670
1116 1617
1117 1679
1118 1586
1119 1675
1120 1560
1121 1674
1122 1619
1123 1547
1124 1643
1125 1612
1126 1586
1127 1585
1128 1586
1129 1551
1130 1572
1131 1517
1132 1523
1133 1539
1134 1580
1135 1618
1136 1530
1137 1604
1138 1567
1139 1527
1140 1546
1141 1540
1142 1617
1143 1564
1144 1575
1145 1459
1146 1589
1147 1571
1148 1474
1149 1541
1150 1568
1151 1524
1152 1511
1153 1573
1154 1560
1155 1502
1156 1548
1157 1563
1158 1597
1159 1505
1160 1503
1161 1449
1162 1492
1163 1444
1164 1431
1165 1489
1166 1434
1167 1468
1168 1485
1169 1457
1170 1413
1171 1556
1172 1480
1173 1528
1174 1533
1175 1499
1176 1425
1177 1440
1178 1411
1179 1441
1180 1409
1181 1461
1182 1437
1183 1385
1184 1411
1185 1429
1186 1521
1187 1390
1188 1405
1189 1425
1190 1343
1191 1383
1192 1312
1193 1416
1194 1423
1195 1483
1196 1408
1197 1381
1198 1358
1199 1418
1200 1410
1201 1401
1202 1385
1203 1377
1204 1383
1205 1413
1206 1386
1207 1398
1208 1419
1209 1373
1210 1383
1211 1346
1212 1400
1213 1304
1214 1325
1215 1364
1216 1393
1217 1417
1218 1359
1219 1299
1220 1402
1221 1398
1222 1345
1223 1394
1224 1388
1225 1366
1226 1373
1227 1379
1228 1310
1229 1310
1230 1336
1231 1322
1232 1343
1233 1338
1234 1299
1235 1297
1236 1360
1237 1288
1238 1321
1239 1329
1240 1377
1241 1315
1242 1321
1243 1295
1244 1329
1245 1323
1246 1326
1247 1276
1248 1357
1249 1316
1250 1293
1251 1310
1252 1348
1253 1306
1254 1314
1255 1325
1256 1306
1257 1283
1258 1329
1259 1304
1260 1338
1261 1281
1262 1240
1263 1289
1264 1316
1265 1245
1266 1337
1267 1237
1268 1243
1269 1259
1270 1316
1271 1213
1272 1202
1273 1237
1274 1255
1275 1253
1276 1298
1277 1223
1278 1317
1279 1254
1280 1221
1281 1240
1282 1182
1283 1315
1284 1288
1285 1260
1286 1239
1287 1216
1288 1227
1289 1215
1290 1170
1291 1238
1292 1187
1293 1198
1294 1149
1295 1249
1296 1166
1297 1248
1298 1169
1299 1187
1300 1191
1301 1197
1302 1206
1303 1176
1304 1194
1305 1186
1306 1218
1307 1215
1308 1184
1309 1214
1310 1148
1311 1249
1312 1215
1313 1201
1314 1193
1315 1193
1316 1202
1317 1142
1318 1159
1319 1237
1320 1179
1321 1127
1322 1186
1323 1178
1324 1136
1325 1171
1326 1175
1327 1213
1328 1141
1329 1119
1330 1176
1331 1179
1332 1143
1333 1161
1334 1162
1335 1114
1336 1199
1337 1227
1338 1137
1339 1163
1340 1110
1341 1110
1342 1086
1343 1156
1344 1157
1345 1033
1346 1152
1347 1091
1348 1074
1349 1147
1350 1059
1351 1088
1352 1169
1353 1178
1354 1199
1355 1146
1356 1111
1357 1039
1358 1069
1359 1179
1360 1135
1361 1152
1362 1102
1363 1127
1364 1137
1365 1163
1366 1155
1367 1050
1368 1068
1369 1088
1370 1045
1371 1107
1372 1066
1373 1061
1374 1089
1375 1112
1376 1077
1377 1116
1378 1051
1379 1089
1380 1027
1381 1052
1382 1131
1383 1037
1384 1128
1385 1074
1386 1084
1387 1057
1388 1107
1389 1099
1390 1151
1391 1125
1392 1167
1393 1088
1394 1081
1395 1059
1396 1129
1397 1097
1398 1079
1399 1085
1400 1110
1401 1079
1402 1131
1403 1111
1404 1085
1405 1059
1406 1153
1407 1074
1408 1157
1409 1107
1410 1056
1411 1051
1412 1086
1413 1133
1414 1028
1415 1044
1416 1098
1417 1096
1418 1066
1419 1079
1420 1031
1421 1053
1422 1117
1423 1124
1424 1058
1425 1023
1426 1086
1427 1025
1428 1089
1429 1066
1430 1092
1431 1078
1432 1049
1433 1116
1434 1010
1435 1070
1436 1017
1437 1057
1438 1032
1439 1070
1440 1029
1441 972
1442 1021
1443 1087
1444 1008
1445 994
1446 1019
1447 1001
1448 1033
1449 999
1450 989
1451 1012
1452 984
1453 1021
1454 988
1455 980
1456 992
1457 1024
1458 990
1459 957
1460 1015
1461 1038
1462 1002
1463 943
1464 973
1465 934
1466 940
1467 981
1468 1019
1469 954
1470 944
1471 956
1472 951
1473 952
1474 959
1475 949
1476 977
1477 947
1478 1033
1479 946
1480 971
1481 958
1482 936
1483 975
1484 910
1485 978
1486 962
1487 957
1488 932
1489 941
1490 991
1491 908
1492 991
1493 969
1494 937
1495 921
1496 921
1497 984
1498 996
1499 963
1500 949
1501 942
1502 892
1503 870
1504 909
1505 874
1506 941
1507 989
1508 945
1509 909
1510 931
1511 899
1512 899
1513 893
1514 928
1515 895
1516 927
1517 932
1518 887
1519 921
1520 894
1521 909
1522 825
1523 892
1524 924
1525 950
1526 931
1527 898
1528 896
1529 850
1530 884
1531 911
1532 904
1533 902
1534 911
1535 877
1536 859
1537 832
1538 878
1539 897
1540 875
1541 904
1542 844
1543 896
1544 896
1545 850
1546 831
1547 870
1548 852
1549 838
1550 858
1551 846
1552 871
1553 873
1554 852
1555 877
1556 858
1557 889
1558 830
1559 837
1560 824
1561 876
1562 819
1563 883
1564 846
1565 861
1566 828
1567 843
1568 861
1569 799
1570 844
1571 880
1572 808
1573 832
1574 787
1575 864
1576 813
1577 800
1578 796
1579 793
1580 800
1581 833
1582 796
1583 815
1584 816
1585 798
1586 802
1587 817
1588 819
1589 807
1590 789
1591 745
1592 861
1593 836
1594 802
1595 774
1596 771
1597 853
1598 861
1599 762
1600 802
1601 797
1602 832
1603 836
1604 828
1605 807
1606 826
1607 802
1608 786
1609 798
1610 797
1611 851
1612 781
1613 808
1614 752
1615 761
1616 791
1617 766
1618 831
1619 817
1620 816
1621 748
1622 842
1623 746
1624 761
1625 784
1626 779
1627 778
1628 813
1629 817
1630 836
1631 841
1632 872
1633 756
1634 758
1635 811
1636 784
1637 775
1638 798
1639 803
1640 823
1641 823
1642 764
1643 756
1644 822
1645 757
1646 768
1647 760
1648 766
1649 799
1650 838
1651 805
1652 798
1653 799
1654 772
1655 759
1656 809
1657 759
1658 759
1659 761
1660 732
1661 759
1662 716
1663 695
1664 787
1665 731
1666 783
1667 783
1668 780
1669 780
1670 715
1671 697
1672 788
1673 763
1674 715
1675 729
1676 731
1677 742
1678 735
1679 735
1680 699
1681 695
1682 698
1683 722
1684 771
1685 747
1686 722
1687 704
1688 723
1689 713
1690 734
1691 781
1692 712
1693 730
1694 718
1695 737
1696 746
1697 690
1698 688
1699 703
1700 703
1701 683
1702 690
1703 725
1704 763
1705 736
1706 729
1707 737
1708 765
1709 695
1710 686
1711 684
1712 690
1713 695
1714 660
1715 669
1716 705
1717 687
1718 696
1719 715
1720 738
1721 678
1722 740
1723 684
1724 647
1725 702
1726 688
1727 713
1728 668
1729 709
1730 688
1731 768
1732 719
1733 722
1734 701
1735 702
1736 700
1737 703
1738 732
1739 721
1740 692
1741 738
1742 723
1743 684
1744 694
1745 677
1746 734
1747 684
1748 725
1749 709
1750 661
1751 715
1752 713
1753 660
1754 684
1755 626
1756 619
1757 660
1758 657
1759 681
1760 649
1761 651
1762 665
1763 672
1764 676
1765 654
1766 665
1767 708
1768 650
1769 658
1770 678
1771 648
1772 651
1773 648
1774 627
1775 672
1776 651
1777 644
1778 643
1779 639
1780 691
1781 688
1782 648
1783 623
1784 661
1785 659
1786 601
1787 628
1788 679
1789 631
1790 633
1791 640
1792 601
1793 620
1794 631
1795 640
1796 669
1797 647
1798 634
1799 630
1800 609
1801 596
1802 588
1803 584
1804 639
1805 637
1806 672
1807 614
1808 600
1809 556
1810 604
1811 640
1812 613
1813 608
1814 641
1815 659
1816 632
1817 589
1818 641
1819 631
1820 558
1821 594
1822 627
1823 637
1824 639
1825 589
1826 617
1827 639
1828 606
1829 635
1830 588
1831 668
1832 622
1833 618
1834 638
1835 594
1836 648
1837 585
1838 640
1839 607
1840 560
1841 615
1842 622
1843 593
1844 600
1845 594
1846 617
1847 614
1848 588
1849 553
1850 579
1851 606
1852 633
1853 615
1854 586
1855 572
1856 584
1857 562
1858 587
1859 614
1860 593
1861 613
1862 577
1863 544
1864 630
1865 635
1866 575
1867 597
1868 528
1869 577
1870 606
1871 577
1872 583
1873 590
1874 625
1875 575
1876 568
1877 591
1878 567
1879 619
1880 559
1881 605
1882 575
1883 609
1884 535
1885 607
1886 608
1887 615
1888 591
1889 564
1890 567
1891 567
1892 608
1893 573
1894 575
1895 531
1896 557
1897 593
1898 531
1899 555
1900 552
1901 573
1902 566
1903 505
1904 585
1905 555
1906 586
1907 545
1908 517
1909 557
1910 587
1911 570
1912 549
1913 568
1914 547
1915 569
1916 583
1917 602
1918 586
1919 587
1920 547
1921 571
1922 586
1923 577
1924 573
1925 571
1926 612
1927 544
1928 574
1929 545
1930 553
1931 500
1932 539
1933 534
1934 576
1935 547
1936 566
1937 527
1938 553
1939 590
1940 552
1941 575
1942 580
1943 566
1944 539
1945 578
1946 554
1947 545
1948 587
1949 573
1950 530
1951 546
1952 532
1953 578
1954 526
1955 545
1956 558
1957 560
1958 552
1959 547
1960 545
1961 535
1962 522
1963 554
1964 535
1965 541
1966 513
1967 556
1968 506
1969 544
1970 519
1971 555
1972 543
1973 567
1974 584
1975 527
1976 537
1977 509
1978 525
1979 523
1980 510
1981 518
1982 508
1983 504
1984 523
1985 545
1986 534
1987 505
1988 523
1989 567
1990 527
1991 546
1992 535
1993 559
1994 542
1995 481
1996 529
1997 543
1998 516
1999 535
2000 539
2001 523
2002 538
2003 493
2004 539
2005 530
2006 525
2007 521
2008 479
2009 573
2010 552
2011 542
2012 534
2013 506
2014 547
2015 519
2016 554
2017 525
2018 537
2019 536
2020 529
2021 553
2022 509
2023 488
2024 517
2025 500
2026 514
2027 522
2028 529
2029 525
2030 534
2031 525
2032 479
2033 528
2034 529
2035 541
2036 486
2037 494
2038 549
2039 538
2040 498
2041 501
2042 525
2043 463
2044 472
2045 482
2046 486
2047 518
2048 471
2049 528
2050 514
2051 490
2052 488
2053 522
2054 466
2055 489
2056 488
2057 476
2058 481
2059 517
2060 490
2061 524
2062 512
2063 484
2064 532
2065 525
2066 476
2067 525
2068 515
2069 482
2070 486
2071 522
2072 460
2073 503
2074 506
2075 515
2076 494
2077 483
2078 515
2079 499
2080 486
2081 481
2082 471
2083 492
2084 459
2085 484
2086 497
2087 512
2088 460
2089 451
2090 463
2091 538
2092 489
2093 446
2094 501
2095 449
2096 502
2097 491
2098 488
2099 493
2100 488
2101 510
2102 485
2103 496
2104 443
2105 486
2106 459
2107 472
2108 492
2109 417
2110 507
2111 466
2112 456
2113 483
2114 495
2115 525
2116 459
2117 481
2118 495
2119 461
2120 480
2121 481
2122 502
2123 487
2124 490
2125 455
2126 479
2127 506
2128 466
2129 467
2130 440
2131 446
2132 464
2133 490
2134 463
2135 522
2136 474
2137 454
2138 464
2139 473
2140 471
2141 447
2142 500
2143 453
2144 465
2145 396
2146 444
2147 410
2148 424
2149 497
2150 436
2151 444
2152 494
2153 470
2154 400
2155 491
2156 454
2157 459
2158 442
2159 486
2160 477
2161 469
2162 456
2163 490
2164 467
2165 435
2166 455
2167 443
2168 465
2169 442
2170 463
2171 465
2172 409
2173 451
2174 452
2175 441
2176 453
2177 444
2178 467
2179 435
2180 424
2181 485
2182 456
2183 430
2184 440
2185 403
2186 426
2187 437
2188 461
2189 402
2190 437
2191 426
2192 413
2193 454
2194 427
2195 437
2196 445
2197 411
2198 426
2199 445
2200 449
2201 391
2202 473
2203 440
2204 412
2205 428
2206 445
2207 443
2208 445
2209 431
2210 396
2211 457
2212 406
2213 437
2214 397
2215 400
2216 467
2217 435
2218 405
2219 439
2220 444
2221 401
2222 386
2223 407
2224 394
2225 435
2226 431
2227 435
2228 419
2229 398
2230 418
2231 391
2232 425
2233 405
2234 412
2235 410
2236 381
2237 436
2238 459
2239 408
2240 417
2241 428
2242 448
2243 393
2244 425
2245 413
2246 417
2247 400
2248 384
2249 395
2250 374
2251 408
2252 409
2253 399
2254 437
2255 391
2256 412
2257 414
2258 419
2259 399
2260 384
2261 418
2262 412
2263 401
2264 396
2265 374
2266 414
2267 386
2268 398
2269 384
2270 444
2271 396
2272 426
2273 386
2274 425
2275 387
2276 414
2277 421
2278 393
2279 410
2280 379
2281 410
2282 416
2283 432
2284 397
2285 435
2286 379
2287 392
2288 364
2289 372
2290 392
2291 393
2292 402
2293 419
2294 391
2295 408
2296 417
2297 405
2298 408
2299 355
2300 415
2301 396
2302 393
2303 376
2304 436
2305 381
2306 394
2307 390
2308 363
2309 342
2310 391
2311 343
2312 366
2313 341
2314 411
2315 380
2316 381
2317 421
2318 372
2319 389
2320 386
2321 347
2322 337
2323 353
2324 351
2325 352
2326 360
2327 358
2328 363
2329 365
2330 362
2331 378
2332 387
2333 405
2334 370
2335 389
2336 373
2337 373
2338 388
2339 384
2340 390
2341 379
2342 383
2343 344
2344 402
2345 354
2346 392
2347 390
2348 374
2349 377
2350 374
2351 359
2352 365
2353 360
2354 357
2355 399
2356 399
2357 391
2358 367
2359 349
2360 381
2361 364
2362 339
2363 386
2364 383
2365 363
2366 391
2367 346
2368 382
2369 340
2370 364
2371 353
2372 399
2373 327
2374 343
2375 343
2376 370
2377 342
2378 367
2379 351
2380 361
2381 379
2382 379
2383 335
2384 364
2385 357
2386 348
2387 364
2388 372
2389 396
2390 380
2391 398
2392 374
2393 344
2394 320
2395 372
2396 410
2397 379
2398 359
2399 370
2400 363
2401 340
2402 363
2403 351
2404 358
2405 386
2406 347
2407 348
2408 357
2409 366
2410 348
2411 370
2412 368
2413 370
2414 363
2415 347
2416 348
2417 353
2418 317
2419 351
2420 345
2421 334
2422 369
2423 379
2424 362
2425 332
2426 340
2427 364
2428 382
2429 315
2430 356
2431 363
2432 371
2433 339
2434 345
2435 395
2436 340
2437 342
2438 342
2439 372
2440 341
2441 338
2442 354
2443 376
2444 376
2445 349
2446 333
2447 328
2448 346
2449 363
2450 345
2451 388
2452 362
2453 354
2454 371
2455 349
2456 361
2457 353
2458 358
2459 356
2460 316
2461 334
2462 391
2463 345
2464 378
2465 325
2466 310
2467 335
2468 341
2469 361
2470 357
2471 331
2472 352
2473 382
2474 340
2475 333
2476 338
2477 360
2478 353
2479 384
2480 352
2481 342
2482 336
2483 321
2484 340
2485 356
2486 350
2487 349
2488 334
2489 324
2490 333
2491 356
2492 356
2493 315
2494 313
2495 314
2496 336
2497 317
2498 354
2499 325
2500 326
2501 372
2502 342
2503 328
2504 347
2505 327
2506 306
2507 335
2508 328
2509 327
2510 349
2511 338
2512 349
2513 295
2514 352
2515 364
2516 307
2517 336
2518 326
2519 303
2520 325
2521 313
2522 334
2523 326
2524 304
2525 308
2526 322
2527 291
2528 332
2529 307
2530 334
2531 327
2532 321
2533 325
2534 346
2535 334
2536 315
2537 309
2538 330
2539 318
2540 311
2541 316
2542 314
2543 315
2544 297
2545 328
2546 318
2547 313
2548 342
2549 307
2550 332
2551 335
2552 308
2553 303
2554 315
2555 322
2556 309
2557 338
2558 300
2559 316
2560 318
2561 308
2562 341
2563 311
2564 274
2565 287
2566 319
2567 281
2568 323
2569 297
2570 316
2571 305
2572 328
2573 332
2574 286
2575 327
2576 303
2577 335
2578 331
2579 309
2580 337
2581 323
2582 332
2583 322
2584 340
2585 298
2586 312
2587 330
2588 318
2589 342
2590 308
2591 284
2592 312
2593 295
2594 280
2595 302
2596 308
2597 294
2598 317
2599 272
2600 268
2601 314
2602 319
2603 335
2604 293
2605 326
2606 321
2607 298
2608 279
2609 293
2610 291
2611 309
2612 259
2613 295
2614 304
2615 272
2616 319
2617 286
2618 303
2619 307
2620 284
2621 285
2622 301
2623 320
2624 265
2625 296
2626 310
2627 290
2628 280
2629 268
2630 292
2631 313
2632 265
2633 305
2634 275
2635 296
2636 287
2637 294
2638 255
2639 286
2640 276
2641 292
2642 281
2643 286
2644 284
2645 319
2646 281
2647 288
2648 273
2649 314
2650 280
2651 276
2652 290
2653 263
2654 307
2655 339
2656 335
2657 285
2658 278
2659 271
2660 261
2661 261
2662 278
2663 277
2664 258
2665 278
2666 295
2667 288
2668 295
2669 271
2670 287
2671 277
2672 290
2673 291
2674 295
2675 276
2676 324
2677 286
2678 303
2679 277
2680 291
2681 276
2682 305
2683 294
2684 282
2685 280
2686 293
2687 273
2688 254
2689 286
2690 305
2691 275
2692 278
2693 293
2694 295
2695 277
2696 290
2697 263
2698 270
2699 272
2700 267
2701 281
2702 269
2703 260
2704 281
2705 269
2706 294
2707 284
2708 266
2709 279
2710 269
2711 264
2712 269
2713 279
2714 270
2715 274
2716 264
2717 288
2718 257
2719 288
2720 276
2721 264
2722 269
2723 265
2724 264
2725 306
2726 252
2727 265
2728 266
2729 252
2730 304
2731 273
2732 262
2733 267
2734 258
2735 250
2736 267
2737 262
2738 252
2739 247
2740 272
2741 294
2742 235
2743 253
2744 260
2745 248
2746 264
2747 291
2748 242
2749 263
2750 273
2751 272
2752 273
2753 264
2754 290
2755 234
2756 277
2757 291
2758 242
2759 272
2760 262
2761 273
2762 248
2763 258
2764 255
2765 289
2766 241
2767 262
2768 280
2769 249
2770 269
2771 270
2772 288
2773 240
2774 262
2775 290
2776 252
2777 280
2778 278
2779 266
2780 248
2781 279
2782 289
2783 240
2784 253
2785 254
2786 248
2787 273
2788 277
2789 283
2790 268
2791 267
2792 252
2793 262
2794 278
2795 266
2796 289
2797 287
2798 286
2799 268
2800 265
2801 267
2802 258
2803 260
2804 244
2805 257
2806 268
2807 250
2808 296
2809 238
2810 256
2811 276
2812 263
2813 300
2814 254
2815 253
2816 301
2817 242
2818 298
2819 279
2820 272
2821 250
2822 260
2823 253
2824 258
2825 252
2826 245
2827 303
2828 291
2829 245
2830 262
2831 280
2832 232
2833 227
2834 247
2835 238
2836 241
2837 258
2838 221
2839 270
2840 266
2841 271
2842 257
2843 288
2844 233
2845 268
2846 265
2847 246
2848 237
2849 247
2850 239
2851 250
2852 295
2853 239
2854 240
2855 260
2856 221
2857 263
2858 241
2859 248
2860 264
2861 289
2862 246
2863 255
2864 248
2865 250
2866 255
2867 275
2868 268
2869 245
2870 257
2871 263
2872 265
2873 245
2874 254
2875 256
2876 230
2877 226
2878 271
2879 259
2880 258
2881 235
2882 231
2883 248
2884 239
2885 246
2886 260
2887 254
2888 226
2889 216
2890 237
2891 208
2892 230
2893 253
2894 246
2895 256
2896 230
2897 226
2898 230
2899 232
2900 240
2901 270
2902 238
2903 269
2904 256
2905 229
2906 240
2907 249
2908 232
2909 225
2910 227
2911 249
2912 266
2913 230
2914 248
2915 267
2916 228
2917 251
2918 235
2919 259
2920 251
2921 273
2922 230
2923 226
2924 252
2925 253
2926 255
2927 242
2928 249
2929 221
2930 213
2931 218
2932 242
2933 246
2934 238
2935 247
2936 248
2937 238
2938 238
2939 240
2940 240
2941 247
2942 279
2943 230
2944 243
2945 240
2946 245
2947 240
2948 218
2949 232
2950 271
2951 255
2952 257
2953 222
2954 248
2955 248
2956 258
2957 249
2958 259
2959 213
2960 258
2961 246
2962 239
2963 224
2964 206
2965 217
2966 256
2967 242
2968 237
2969 234
2970 245
2971 233
2972 251
2973 261
2974 240
2975 221
2976 222
2977 246
2978 253
2979 212
2980 242
2981 222
2982 256
2983 240
2984 217
2985 224
2986 244
2987 219
2988 222
2989 225
2990 245
2991 247
2992 236
2993 230
2994 221
2995 225
2996 217
2997 221
2998 240
2999 210
3000 234
3001 236
3002 219
3003 228
3004 219
3005 257
3006 227
3007 190
3008 229
3009 209
3010 240
3011 208
3012 236
3013 221
3014 225
3015 204
3016 199
3017 229
3018 234
3019 226
3020 221
3021 248
3022 229
3023 254
3024 232
3025 227
3026 263
3027 228
3028 239
3029 214
3030 261
3031 206
3032 211
3033 235
3034 226
3035 204
3036 244
3037 234
3038 221
3039 244
3040 218
3041 243
3042 213
3043 228
3044 199
3045 227
3046 234
3047 225
3048 235
3049 213
3050 243
3051 231
3052 211
3053 239
3054 229
3055 235
3056 206
3057 245
3058 230
3059 222
3060 244
3061 237
3062 253
3063 227
3064 223
3065 232
3066 263
3067 218
3068 226
3069 223
3070 195
3071 240
3072 235
3073 228
3074 232
3075 227
3076 222
3077 222
3078 234
3079 211
3080 242
3081 228
3082 228
3083 229
3084 256
3085 226
3086 235
3087 212
3088 207
3089 246
3090 228
3091 245
3092 237
3093 224
3094 229
3095 236
3096 253
3097 233
3098 201
3099 213
3100 224
3101 208
3102 221
3103 229
3104 233
3105 248
3106 186
3107 236
3108 213
3109 218
3110 205
3111 203
3112 224
3113 216
3114 200
3115 224
3116 246
3117 192
3118 199
3119 236
3120 214
3121 225
3122 222
3123 212
3124 244
3125 227
3126 187
3127 197
3128 203
3129 214
3130 239
3131 247
3132 223
3133 180
3134 213
3135 232
3136 209
3137 253
3138 202
3139 227
3140 221
3141 221
3142 237
3143 222
3144 201
3145 229
3146 239
3147 221
3148 241
3149 208
3150 225
3151 209
3152 215
3153 246
3154 210
3155 218
3156 191
3157 211
3158 224
3159 200
3160 210
3161 206
3162 205
3163 200
3164 198
3165 212
3166 237
3167 206
3168 224
3169 202
3170 232
3171 216
3172 207
3173 160
3174 222
3175 206
3176 198
3177 217
3178 214
3179 221
3180 217
3181 218
3182 194
3183 226
3184 204
3185 220
3186 187
3187 193
3188 185
3189 225
3190 191
3191 207
3192 200
3193 214
3194 189
3195 192
3196 183
3197 196
3198 237
3199 223
3200 208
3201 195
3202 194
3203 185
3204 202
3205 219
3206 214
3207 206
3208 208
3209 230
3210 192
3211 175
3212 215
3213 226
3214 218
3215 219
3216 231
3217 225
3218 200
3219 189
3220 212
3221 190
3222 185
3223 188
3224 218
3225 218
3226 206
3227 214
3228 180
3229 216
3230 209
3231 215
3232 222
3233 206
3234 207
3235 200
3236 184
3237 204
3238 191
3239 204
3240 211
3241 205
3242 184
3243 206
3244 220
3245 215
3246 215
3247 181
3248 201
3249 203
3250 210
3251 234
3252 200
3253 208
3254 235
3255 209
3256 189
3257 214
3258 216
3259 209
3260 212
3261 199
3262 184
3263 209
3264 205
3265 206
3266 202
3267 205
3268 217
3269 204
3270 197
3271 203
3272 209
3273 189
3274 186
3275 209
3276 214
3277 203
3278 208
3279 198
3280 197
3281 192
3282 212
3283 203
3284 200
3285 219
3286 196
3287 203
3288 197
3289 194
3290 202
3291 188
3292 207
3293 182
3294 206
3295 194
3296 227
3297 224
3298 217
3299 209
3300 196
3301 227
3302 215
3303 194
3304 204
3305 212
3306 207
3307 206
3308 234
3309 200
3310 199
3311 196
3312 216
3313 202
3314 184
3315 187
3316 206
3317 202
3318 205
3319 209
3320 228
3321 187
3322 207
3323 213
3324 183
3325 200
3326 193
3327 195
3328 201
3329 195
3330 183
3331 221
3332 178
3333 216
3334 187
3335 197
3336 215
3337 185
3338 204
3339 194
3340 205
3341 200
3342 186
3343 201
3344 200
3345 216
3346 186
3347 192
3348 200
3349 200
3350 194
3351 189
3352 219
3353 214
3354 160
3355 192
3356 186
3357 199
3358 186
3359 186
3360 202
3361 204
3362 190
3363 210
3364 202
3365 195
3366 189
3367 203
3368 199
3369 202
3370 169
3371 190
3372 198
3373 197
3374 204
3375 164
3376 200
3377 189
3378 201
3379 200
3380 184
3381 202
3382 180
3383 192
3384 169
3385 199
3386 182
3387 173
3388 190
3389 171
3390 175
3391 195
3392 212
3393 176
3394 194
3395 197
3396 198
3397 213
3398 159
3399 196
3400 209
3401 186
3402 160
3403 212
3404 212
3405 197
3406 177
3407 201
3408 190
3409 163
3410 171
3411 212
3412 177
3413 184
3414 175
3415 178
3416 189
3417 187
3418 158
3419 188
3420 194
3421 197
3422 164
3423 174
3424 208
3425 194
3426 188
3427 188
3428 185
3429 200
3430 201
3431 199
3432 177
3433 200
3434 172
3435 181
3436 191
3437 165
3438 174
3439 192
3440 192
3441 154
3442 181
3443 208
3444 155
3445 207
3446 190
3447 184
3448 189
3449 183
3450 193
3451 178
3452 192
3453 175
3454 161
3455 186
3456 156
3457 161
3458 205
3459 174
3460 181
3461 194
3462 188
3463 184
3464 187
3465 186
3466 174
3467 191
3468 210
3469 182
3470 172
3471 176
3472 173
3473 162
3474 171
3475 167
3476 194
3477 174
3478 180
3479 184
3480 175
3481 162
3482 173
3483 194
3484 186
3485 192
3486 172
3487 190
3488 191
3489 196
3490 179
3491 205
3492 201
3493 192
3494 209
3495 194
3496 206
3497 183
3498 191
3499 166
3500 175
3501 177
3502 170
3503 192
3504 190
3505 193
3506 178
3507 181
3508 195
3509 179
3510 181
3511 196
3512 199
3513 194
3514 205
3515 192
3516 181
3517 163
3518 176
3519 155
3520 203
3521 190
3522 159
3523 175
3524 175
3525 187
3526 210
3527 174
3528 183
3529 190
3530 189
3531 186
3532 191
3533 169
3534 172
3535 186
3536 176
3537 167
3538 199
3539 186
3540 178
3541 182
3542 175
3543 180
3544 200
3545 168
3546 190
3547 150
3548 189
3549 175
3550 163
3551 184
3552 166
3553 158
3554 195
3555 186
3556 173
3557 162
3558 173
3559 189
3560 181
3561 168
3562 155
3563 141
3564 159
3565 172
3566 180
3567 146
3568 192
3569 188
3570 184
3571 193
3572 157
3573 169
3574 176
3575 184
3576 162
3577 176
3578 182
3579 208
3580 176
3581 170
3582 171
3583 182
3584 179
3585 178
3586 207
3587 180
3588 162
3589 154
3590 185
3591 198
3592 131
3593 184
3594 169
3595 180
3596 166
3597 209
3598 182
3599 156
3600 167
3601 182
3602 200
3603 168
3604 168
3605 168
3606 186
3607 161
3608 182
3609 189
3610 168
3611 163
3612 170
3613 169
3614 183
3615 179
3616 185
3617 167
3618 191
3619 203
3620 185
3621 173
3622 172
3623 169
3624 171
3625 177
3626 158
3627 171
3628 159
3629 169
3630 189
3631 201
3632 176
3633 160
3634 183
3635 184
3636 182
3637 167
3638 175
3639 193
3640 150
3641 173
3642 150
3643 155
3644 172
3645 153
3646 169
3647 188
3648 193
3649 154
3650 178
3651 167
3652 174
3653 156
3654 195
3655 170
3656 181
3657 159
3658 167
3659 173
3660 167
3661 150
3662 173
3663 175
3664 172
3665 144
3666 156
3667 157
3668 164
3669 150
3670 161
3671 183
3672 156
3673 178
3674 156
3675 157
3676 155
3677 177
3678 162
3679 153
3680 185
3681 138
3682 165
3683 167
3684 168
3685 161
3686 162
3687 175
3688 147
3689 161
3690 175
3691 142
3692 160
3693 165
3694 141
3695 188
3696 151
3697 171
3698 140
3699 144
3700 172
3701 173
3702 160
3703 170
3704 180
3705 191
3706 149
3707 155
3708 174
3709 163
3710 171
3711 170
3712 166
3713 132
3714 152
3715 173
3716 154
3717 168
3718 147
3719 173
3720 147
3721 173
3722 182
3723 137
3724 131
3725 170
3726 145
3727 164
3728 149
3729 148
3730 150
3731 151
3732 164
3733 163
3734 154
3735 152
3736 140
3737 165
3738 178
3739 177
3740 145
3741 169
3742 168
3743 145
3744 169
3745 163
3746 145
3747 176
3748 156
3749 162
3750 169
3751 160
3752 151
3753 156
3754 175
3755 165
3756 150
3757 158
3758 139
3759 133
3760 172
3761 141
3762 166
3763 154
3764 151
3765 173
3766 167
3767 172
3768 183
3769 177
3770 131
3771 159
3772 148
3773 179
3774 160
3775 143
3776 144
3777 140
3778 150
3779 170
3780 152
3781 156
3782 151
3783 156
3784 159
3785 157
3786 168
3787 155
3788 169
3789 185
3790 153
3791 167
3792 164
3793 150
3794 174
3795 152
3796 144
3797 143
3798 136
3799 159
3800 159
3801 156
3802 142
3803 147
3804 140
3805 167
3806 153
3807 157
3808 140
3809 148
3810 148
3811 155
3812 163
3813 158
3814 130
3815 171
3816 154
3817 157
3818 150
3819 156
3820 125
3821 140
3822 144
3823 153
3824 157
3825 165
3826 137
3827 163
3828 133
3829 159
3830 179
3831 155
3832 154
3833 148
3834 163
3835 154
3836 146
3837 162
3838 158
3839 157
3840 167
3841 114
3842 118
3843 124
3844 159
3845 172
3846 159
3847 151
3848 137
3849 142
3850 147
3851 146
3852 172
3853 146
3854 157
3855 159
3856 112
3857 149
3858 156
3859 127
3860 162
3861 166
3862 166
3863 165
3864 135
3865 143
3866 147
3867 153
3868 151
3869 146
3870 138
3871 174
3872 144
3873 154
3874 146
3875 146
3876 144
3877 143
3878 143
3879 150
3880 142
3881 136
3882 144
3883 114
3884 146
3885 138
3886 142
3887 141
3888 128
3889 143
3890 151
3891 146
3892 164
3893 148
3894 140
3895 163
3896 165
3897 140
3898 139
3899 146
3900 160
3901 136
3902 152
3903 139
3904 154
3905 141
3906 134
3907 140
3908 153
3909 150
3910 164
3911 152
3912 142
3913 154
3914 138
3915 137
3916 161
3917 166
3918 148
3919 146
3920 152
3921 160
3922 133
3923 152
3924 127
3925 138
3926 154
3927 141
3928 155
3929 131
3930 154
3931 153
3932 157
3933 138
3934 135
3935 150
3936 152
3937 113
3938 154
3939 146
3940 137
3941 148
3942 170
3943 144
3944 156
3945 141
3946 148
3947 167
3948 148
3949 140
3950 137
3951 148
3952 152
3953 128
3954 128
3955 150
3956 121
3957 143
3958 147
3959 131
3960 143
3961 166
3962 133
3963 164
3964 139
3965 141
3966 115
3967 133
3968 134
3969 151
3970 147
3971 143
3972 133
3973 123
3974 155
3975 142
3976 150
3977 119
3978 120
3979 120
3980 143
3981 137
3982 120
3983 152
3984 135
3985 161
3986 109
3987 134
3988 147
3989 156
3990 125
3991 137
3992 128
3993 142
3994 145
3995 147
3996 145
3997 141
3998 118
3999 133
4000 135
4001 141
4002 143
4003 136
4004 136
4005 147
4006 161
4007 139
4008 134
4009 138
4010 133
4011 139
4012 140
4013 139
4014 151
4015 146
4016 146
4017 139
4018 124
4019 120
4020 146
4021 129
4022 118
4023 135
4024 125
4025 146
4026 150
4027 150
4028 151
4029 133
4030 141
4031 124
4032 131
4033 125
4034 144
4035 130
4036 140
4037 145
4038 136
4039 145
4040 132
4041 129
4042 134
4043 128
4044 133
4045 123
4046 139
4047 128
4048 138
4049 142
4050 149
4051 102
4052 152
4053 137
4054 152
4055 148
4056 134
4057 142
4058 138
4059 121
4060 119
4061 151
4062 146
4063 112
4064 126
4065 123
4066 116
4067 156
4068 154
4069 139
4070 125
4071 121
4072 156
4073 147
4074 127
4075 126
4076 140
4077 108
4078 143
4079 146
4080 133
4081 140
4082 137
4083 131
4084 116
4085 133
4086 134
4087 140
4088 128
4089 141
4090 141
4091 146
4092 119
4093 117
4094 130
4095 135
4096 139
4097 144
4098 130
4099 133
4100 131
4101 132
4102 138
4103 138
4104 146
4105 132
4106 136
4107 136
4108 131
4109 127
4110 148
4111 137
4112 142
4113 136
4114 130
4115 131
4116 120
4117 133
4118 148
4119 135
4120 113
4121 141
4122 112
4123 117
4124 145
4125 133
4126 119
4127 144
4128 133
4129 124
4130 130
4131 131
4132 136
4133 126
4134 125
4135 127
4136 147
4137 118
4138 152
4139 126
4140 135
4141 117
4142 124
4143 122
4144 127
4145 149
4146 129
4147 120
4148 98
4149 133
4150 116
4151 128
4152 131
4153 131
4154 136
4155 137
4156 116
4157 129
4158 113
4159 141
4160 127
4161 121
4162 110
4163 144
4164 131
4165 112
4166 114
4167 132
4168 145
4169 136
4170 114
4171 115
4172 119
4173 132
4174 130
4175 112
4176 131
4177 130
4178 134
4179 117
4180 112
4181 122
4182 131
4183 116
4184 136
4185 115
4186 124
4187 120
4188 113
4189 141
4190 136
4191 102
4192 129
4193 110
4194 117
4195 111
4196 119
4197 113
4198 125
4199 104
4200 141
4201 133
4202 128
4203 124
4204 120
4205 119
4206 105
4207 115
4208 118
4209 130
4210 126
4211 116
4212 133
4213 134
4214 125
4215 123
4216 121
4217 119
4218 96
4219 116
4220 119
4221 108
4222 128
4223 112
4224 110
4225 139
4226 129
4227 154
4228 127
4229 124
4230 129
4231 106
4232 128
4233 127
4234 128
4235 105
4236 119
4237 140
4238 109
4239 103
4240 126
4241 106
4242 111
4243 115
4244 125
4245 116
4246 131
4247 122
4248 127
4249 118
4250 120
4251 104
4252 113
4253 131
4254 109
4255 124
4256 98
4257 111
4258 135
4259 127
4260 124
4261 105
4262 123
4263 119
4264 100
4265 112
4266 125
4267 113
4268 127
4269 126
4270 121
4271 118
4272 110
4273 135
4274 115
4275 118
4276 128
4277 139
4278 117
4279 121
4280 139
4281 111
4282 122
4283 105
4284 107
4285 120
4286 106
4287 126
4288 104
4289 128
4290 106
4291 104
4292 136
4293 115
4294 119
4295 100
4296 102
4297 119
4298 152
4299 118
4300 126
4301 122
4302 126
4303 100
4304 115
4305 127
4306 113
4307 100
4308 128
4309 122
4310 107
4311 111
4312 128
4313 129
4314 136
4315 108
4316 98
4317 121
4318 125
4319 103
4320 113
4321 110
4322 131
4323 124
4324 106
4325 122
4326 111
4327 141
4328 121
4329 104
4330 134
4331 121
4332 130
4333 116
4334 96
4335 116
4336 120
4337 119
4338 115
4339 118
4340 113
4341 114
4342 119
4343 119
4344 120
4345 111
4346 113
4347 125
4348 125
4349 120
4350 120
4351 119
4352 146
4353 92
4354 120
4355 118
4356 121
4357 126
4358 93
4359 110
4360 98
4361 125
4362 120
4363 109
4364 115
4365 119
4366 115
4367 111
4368 119
4369 117
4370 101
4371 118
4372 126
4373 112
4374 119
4375 109
4376 111
4377 113
4378 134
4379 107
4380 96
4381 115
4382 112
4383 133
4384 98
4385 106
4386 110
4387 112
4388 111
4389 123
4390 93
4391 109
4392 121
4393 115
4394 117
4395 99
4396 103
4397 128
4398 114
4399 112
4400 95
4401 113
4402 98
4403 91
4404 110
4405 97
4406 104
4407 116
4408 101
4409 112
4410 123
4411 112
4412 122
4413 99
4414 100
4415 99
4416 95
4417 112
4418 100
4419 109
4420 95
4421 96
4422 105
4423 128
4424 97
4425 93
4426 108
4427 93
4428 123
4429 110
4430 95
4431 101
4432 105
4433 97
4434 120
4435 104
4436 100
4437 118
4438 119
4439 115
4440 91
4441 86
4442 96
4443 102
4444 101
4445 108
4446 79
4447 117
4448 109
4449 112
4450 112
4451 108
4452 107
4453 121
4454 94
4455 94
4456 118
4457 109
4458 111
4459 98
4460 116
4461 103
4462 97
4463 103
4464 97
4465 98
4466 123
4467 116
4468 97
4469 119
4470 105
4471 91
4472 110
4473 102
4474 100
4475 114
4476 109
4477 93
4478 121
4479 115
4480 115
4481 103
4482 118
4483 112
4484 85
4485 100
4486 98
4487 110
4488 113
4489 96
4490 113
4491 120
4492 122
4493 94
4494 96
4495 103
4496 102
4497 102
4498 121
4499 101
4500 90
4501 116
4502 129
4503 93
4504 101
4505 101
4506 103
4507 99
4508 99
4509 110
4510 97
4511 97
4512 98
4513 108
4514 96
4515 97
4516 85
4517 85
4518 84
4519 102
4520 110
4521 110
4522 106
4523 100
4524 100
4525 101
4526 99
4527 100
4528 84
4529 100
4530 88
4531 105
4532 102
4533 98
4534 112
4535 95
4536 100
4537 111
4538 100
4539 92
4540 88
4541 114
4542 105
4543 88
4544 125
4545 103
4546 94
4547 119
4548 122
4549 111
4550 107
4551 101
4552 85
4553 115
4554 105
4555 111
4556 103
4557 107
4558 91
4559 111
4560 109
4561 91
4562 98
4563 105
4564 110
4565 97
4566 91
4567 100
4568 106
4569 88
4570 91
4571 110
4572 120
4573 96
4574 101
4575 88
4576 85
4577 97
4578 100
4579 77
4580 104
4581 100
4582 109
4583 87
4584 89
4585 90
4586 86
4587 101
4588 96
4589 116
4590 91
4591 97
4592 104
4593 107
4594 101
4595 105
4596 106
4597 95
4598 109
4599 103
4600 95
4601 99
4602 95
4603 101
4604 106
4605 96
4606 109
4607 98
4608 94
4609 103
4610 86
4611 85
4612 108
4613 97
4614 87
4615 73
4616 95
4617 106
4618 78
4619 94
4620 106
4621 97
4622 83
4623 93
4624 109
4625 75
4626 92
4627 97
4628 104
4629 88
4630 104
4631 86
4632 93
4633 97
4634 96
4635 109
4636 93
4637 124
4638 87
4639 96
4640 97
4641 95
4642 84
4643 101
4644 111
4645 100
4646 97
4647 95
4648 95
4649 102
4650 97
4651 95
4652 103
4653 84
4654 97
4655 91
4656 87
4657 86
4658 89
4659 113
4660 95
4661 84
4662 83
4663 111
4664 86
4665 108
4666 104
4667 88
4668 83
4669 91
4670 89
4671 79
4672 88
4673 98
4674 83
4675 99
4676 83
4677 99
4678 90
4679 102
4680 88
4681 90
4682 80
4683 89
4684 90
4685 101
4686 83
4687 88
4688 94
4689 100
4690 81
4691 103
4692 95
4693 86
4694 95
4695 107
4696 109
4697 102
4698 95
4699 88
4700 85
4701 103
4702 93
4703 79
4704 100
4705 106
4706 83
4707 92
4708 87
4709 94
4710 95
4711 88
4712 98
4713 85
4714 102
4715 88
4716 99
4717 71
4718 79
4719 93
4720 102
4721 103
4722 100
4723 97
4724 76
4725 99
4726 113
4727 92
4728 98
4729 90
4730 114
4731 109
4732 90
4733 91
4734 94
4735 104
4736 87
4737 89
4738 80
4739 102
4740 81
4741 84
4742 90
4743 105
4744 76
4745 86
4746 108
4747 83
4748 90
4749 87
4750 88
4751 97
4752 93
4753 84
4754 100
4755 83
4756 95
4757 81
4758 104
4759 91
4760 99
4761 111
4762 102
4763 81
4764 78
4765 85
4766 68
4767 102
4768 90
4769 82
4770 91
4771 98
4772 98
4773 96
4774 101
4775 79
4776 89
4777 80
4778 79
4779 84
4780 90
4781 76
4782 87
4783 81
4784 77
4785 91
4786 76
4787 83
4788 80
4789 93
4790 102
4791 79
4792 91
4793 86
4794 84
4795 94
4796 81
4797 72
4798 87
4799 87
4800 86
4801 77
4802 93
4803 81
4804 94
4805 88
4806 98
4807 85
4808 83
4809 76
4810 76
4811 80
4812 82
4813 86
4814 62
4815 81
4816 73
4817 85
4818 87
4819 78
4820 79
4821 79
4822 78
4823 64
4824 86
4825 114
4826 88
4827 97
4828 70
4829 70
4830 75
4831 70
4832 79
4833 88
4834 92
4835 99
4836 79
4837 82
4838 90
4839 90
4840 74
4841 82
4842 86
4843 96
4844 78
4845 87
4846 77
4847 96
4848 77
4849 101
4850 73
4851 80
4852 80
4853 96
4854 86
4855 95
4856 87
4857 78
4858 74
4859 79
4860 82
4861 78
4862 85
4863 86
4864 92
4865 83
4866 80
4867 86
4868 79
4869 63
4870 74
4871 85
4872 94
4873 63
4874 100
4875 87
4876 64
4877 93
4878 85
4879 67
4880 92
4881 78
4882 91
4883 84
4884 70
4885 82
4886 79
4887 84
4888 86
4889 81
4890 68
4891 83
4892 74
4893 76
4894 80
4895 78
4896 83
4897 103
4898 91
4899 81
4900 76
4901 94
4902 77
4903 79
4904 78
4905 69
4906 73
4907 77
4908 81
4909 84
4910 79
4911 92
4912 71
4913 72
4914 74
4915 83
4916 84
4917 89
4918 75
4919 88
4920 77
4921 86
4922 68
4923 83
4924 88
4925 82
4926 92
4927 76
4928 81
4929 85
4930 80
4931 74
4932 88
4933 78
4934 81
4935 91
4936 67
4937 98
4938 67
4939 82
4940 81
4941 91
4942 80
4943 68
4944 75
4945 97
4946 61
4947 67
4948 92
4949 85
4950 88
4951 89
4952 82
4953 70
4954 87
4955 58
4956 85
4957 70
4958 71
4959 86
4960 62
4961 91
4962 88
4963 87
4964 87
4965 79
4966 66
4967 76
4968 91
4969 73
4970 85
4971 100
4972 69
4973 91
4974 67
4975 95
4976 69
4977 100
4978 96
4979 82
4980 74
4981 68
4982 90
4983 75
4984 86
4985 71
4986 83
4987 80
4988 69
4989 85
4990 98
4991 81
4992 87
4993 69
4994 79
4995 82
4996 82
4997 71
4998 79
4999 72
5000 82
5001 83
5002 77
5003 84
5004 94
5005 77
5006 87
5007 82
5008 73
5009 84
5010 99
5011 76
5012 77
5013 89
5014 84
5015 72
5016 85
5017 83
5018 66
5019 69
5020 84
5021 72
5022 73
5023 84
5024 80
5025 89
5026 80
5027 69
5028 77
5029 89
5030 76
5031 68
5032 79
5033 78
5034 75
5035 67
5036 73
5037 74
5038 85
5039 78
5040 76
5041 75
5042 98
5043 82
5044 73
5045 88
5046 63
5047 78
5048 60
5049 67
5050 84
5051 70
5052 80
5053 77
5054 88
5055 72
5056 68
5057 85
5058 78
5059 64
5060 69
5061 74
5062 83
5063 77
5064 85
5065 59
5066 85
5067 79
5068 70
5069 74
5070 83
5071 82
5072 70
5073 91
5074 84
5075 67
5076 79
5077 79
5078 79
5079 72
5080 81
5081 69
5082 83
5083 82
5084 67
5085 82
5086 75
5087 60
5088 73
5089 82
5090 74
5091 90
5092 72
5093 82
5094 79
5095 93
5096 67
5097 83
5098 76
5099 80
5100 68
5101 80
5102 74
5103 93
5104 65
5105 75
5106 80
5107 74
5108 80
5109 79
5110 75
5111 88
5112 90
5113 85
5114 64
5115 78
5116 82
5117 70
5118 92
5119 69
5120 72
5121 63
5122 72
5123 73
5124 80
5125 79
5126 68
5127 46
5128 72
5129 64
5130 84
5131 83
5132 77
5133 59
5134 78
5135 70
5136 75
5137 71
5138 63
5139 70
5140 77
5141 92
5142 80
5143 75
5144 71
5145 64
5146 66
5147 82
5148 82
5149 83
5150 70
5151 66
5152 72
5153 81
5154 89
5155 74
5156 88
5157 76
5158 67
5159 76
5160 82
5161 75
5162 78
5163 67
5164 69
5165 63
5166 92
5167 79
5168 81
5169 74
5170 70
5171 82
5172 76
5173 74
5174 78
5175 69
5176 66
5177 80
5178 78
5179 75
5180 73
5181 75
5182 84
5183 83
5184 69
5185 88
5186 71
5187 86
5188 79
5189 89
5190 84
5191 75
5192 55
5193 89
5194 89
5195 90
5196 85
5197 67
5198 82
5199 69
5200 81
5201 81
5202 75
5203 65
5204 71
5205 60
5206 78
5207 67
5208 80
5209 99
5210 70
5211 86
5212 82
5213 73
5214 94
5215 92
5216 78
5217 84
5218 78
5219 96
5220 73
5221 88
5222 88
5223 92
5224 75
5225 101
5226 85
5227 83
5228 108
5229 68
5230 84
5231 79
5232 94
5233 87
5234 85
5235 82
5236 86
5237 71
5238 75
5239 95
5240 78
5241 82
5242 86
5243 70
5244 78
5245 79
5246 83
5247 76
5248 92
5249 84
5250 90
5251 79
5252 72
5253 69
5254 84
5255 84
5256 79
5257 86
5258 72
5259 79
5260 87
5261 84
5262 73
5263 82
5264 82
5265 84
5266 77
5267 72
5268 79
5269 69
5270 70
5271 86
5272 82
5273 69
5274 61
5275 73
5276 80
5277 80
5278 77
5279 105
5280 80
5281 73
5282 85
5283 75
5284 68
5285 73
5286 94
5287 96
5288 70
5289 80
5290 87
5291 71
5292 71
5293 80
5294 79
5295 82
5296 65
5297 68
5298 71
5299 85
5300 76
5301 87
5302 81
5303 79
5304 74
5305 76
5306 90
5307 73
5308 78
5309 72
5310 75
5311 71
5312 88
5313 65
5314 76
5315 83
5316 76
5317 77
5318 78
5319 81
5320 64
5321 82
5322 65
5323 71
5324 70
5325 78
5326 62
5327 86
5328 74
5329 86
5330 75
5331 84
5332 80
5333 82
5334 76
5335 76
5336 77
5337 86
5338 90
5339 64
5340 67
5341 84
5342 78
5343 77
5344 75
5345 67
5346 77
5347 58
5348 70
5349 60
5350 85
5351 73
5352 79
5353 75
5354 71
5355 80
5356 72
5357 81
5358 89
5359 60
5360 72
5361 73
5362 84
5363 91
5364 68
5365 70
5366 76
5367 75
5368 78
5369 76
5370 77
5371 59
5372 72
5373 71
5374 74
5375 73
5376 74
5377 86
5378 79
5379 77
5380 64
5381 64
5382 72
5383 75
5384 73
5385 71
5386 70
5387 71
5388 74
5389 65
5390 77
5391 68
5392 80
5393 73
5394 66
5395 74
5396 69
5397 51
5398 62
5399 67
5400 82
5401 73
5402 68
5403 65
5404 71
5405 78
5406 79
5407 82
5408 75
5409 64
5410 66
5411 87
5412 64
5413 79
5414 70
5415 82
5416 66
5417 75
5418 70
5419 84
5420 74
5421 72
5422 68
5423 48
5424 67
5425 76
5426 72
5427 58
5428 80
5429 71
5430 73
5431 83
5432 67
5433 66
5434 83
5435 86
5436 75
5437 52
5438 73
5439 74
5440 57
5441 76
5442 66
5443 85
5444 82
5445 76
5446 77
5447 80
5448 64
5449 71
5450 74
5451 60
5452 57
5453 80
5454 87
5455 78
5456 72
5457 81
5458 70
5459 80
5460 93
5461 66
5462 64
5463 62
5464 77
5465 63
5466 65
5467 78
5468 60
5469 86
5470 64
5471 69
5472 62
5473 80
5474 81
5475 75
5476 74
5477 79
5478 84
5479 71
5480 79
5481 61
5482 62
5483 73
5484 68
5485 78
5486 65
5487 68
5488 62
5489 76
5490 78
5491 80
5492 76
5493 61
5494 74
5495 67
5496 88
5497 84
5498 83
5499 66
5500 73
5501 75
5502 76
5503 68
5504 79
5505 44
5506 74
5507 70
5508 68
5509 74
5510 79
5511 72
5512 72
5513 77
5514 82
5515 86
5516 62
5517 74
5518 58
5519 71
5520 86
5521 95
5522 68
5523 56
5524 62
5525 83
5526 66
5527 60
5528 70
5529 88
5530 74
5531 73
5532 71
5533 73
5534 68
5535 72
5536 64
5537 74
5538 68
5539 74
5540 70
5541 68
5542 73
5543 83
5544 93
5545 73
5546 83
5547 83
5548 72
5549 72
5550 73
5551 70
5552 68
5553 64
5554 91
5555 67
5556 48
5557 58
5558 60
5559 66
5560 86
5561 83
5562 74
5563 82
5564 58
5565 53
5566 70
5567 81
5568 63
5569 70
5570 65
5571 69
5572 73
5573 82
5574 67
5575 66
5576 84
5577 79
5578 67
5579 86
5580 62
5581 70
5582 89
5583 86
5584 79
5585 86
5586 62
5587 74
5588 91
5589 73
5590 87
5591 66
5592 78
5593 70
5594 68
5595 63
5596 63
5597 69
5598 67
5599 84
5600 70
5601 67
5602 77
5603 73
5604 68
5605 80
5606 73
5607 80
5608 63
5609 72
5610 74
5611 66
5612 65
5613 80
5614 84
5615 70
5616 80
5617 73
5618 56
5619 75
5620 62
5621 66
5622 65
5623 78
5624 62
5625 77
5626 79
5627 80
5628 74
5629 63
5630 60
5631 77
5632 82
5633 81
5634 70
5635 72
5636 74
5637 76
5638 67
5639 77
5640 68
5641 85
5642 71
5643 82
5644 79
5645 79
5646 79
5647 77
5648 71
5649 74
5650 83
5651 85
5652 80
5653 66
5654 86
5655 78
5656 80
5657 84
5658 74
5659 68
5660 64
5661 70
5662 74
5663 82
5664 85
5665 67
5666 78
5667 72
5668 87
5669 67
5670 80
5671 60
5672 82
5673 62
5674 82
5675 71
5676 90
5677 77
5678 82
5679 73
5680 65
5681 71
5682 75
5683 76
5684 69
5685 61
5686 59
5687 74
5688 58
5689 80
5690 70
5691 77
5692 88
5693 62
5694 76
5695 73
5696 74
5697 69
5698 68
5699 68
5700 61
5701 56
5702 70
5703 70
5704 69
5705 71
5706 72
5707 70
5708 70
5709 59
5710 72
5711 66
5712 66
5713 82
5714 61
5715 83
5716 70
5717 65
5718 63
5719 68
5720 66
5721 68
5722 69
5723 71
5724 82
5725 69
5726 68
5727 59
5728 66
5729 73
5730 70
5731 83
5732 78
5733 68
5734 63
5735 80
5736 80
5737 67
5738 84
5739 80
5740 69
5741 69
5742 80
5743 66
5744 55
5745 77
5746 78
5747 56
5748 70
5749 73
5750 69
5751 68
5752 66
5753 62
5754 67
5755 72
5756 76
5757 67
5758 79
5759 68
5760 47
5761 66
5762 73
5763 66
5764 62
5765 67
5766 90
5767 81
5768 74
5769 71
5770 72
5771 66
5772 73
5773 80
5774 49
5775 63
5776 65
5777 62
5778 49
5779 66
5780 74
5781 80
5782 75
5783 70
5784 69
5785 60
5786 75
5787 68
5788 77
5789 75
5790 56
5791 67
5792 61
5793 73
5794 70
5795 69
5796 85
5797 86
5798 70
5799 62
5800 76
5801 61
5802 78
5803 81
5804 68
5805 62
5806 70
5807 58
5808 73
5809 75
5810 63
5811 76
5812 58
5813 62
5814 65
5815 73
5816 66
5817 64
5818 59
5819 70
5820 59
5821 80
5822 67
5823 86
5824 78
5825 74
5826 71
5827 74
5828 64
5829 67
5830 74
5831 91
5832 67
5833 73
5834 82
5835 94
5836 83
5837 64
5838 79
5839 83
5840 66
5841 85
5842 70
5843 76
5844 72
5845 69
5846 87
5847 82
5848 82
5849 83
5850 67
5851 73
5852 70
5853 86
5854 81
5855 88
5856 67
5857 68
5858 79
5859 78
5860 78
5861 73
5862 65
5863 82
5864 86
5865 74
5866 81
5867 86
5868 80
5869 76
5870 77
5871 78
5872 76
5873 78
5874 81
5875 81
5876 79
5877 76
5878 78
5879 75
5880 83
5881 68
5882 73
5883 74
5884 70
5885 79
5886 81
5887 79
5888 88
5889 65
5890 74
5891 82
5892 72
5893 80
5894 79
5895 70
5896 84
5897 87
5898 83
5899 57
5900 75
5901 80
5902 84
5903 74
5904 82
5905 74
5906 57
5907 67
5908 87
5909 87
5910 83
5911 75
5912 84
5913 89
5914 85
5915 83
5916 87
5917 68
5918 68
5919 79
5920 81
5921 72
5922 72
5923 85
5924 76
5925 76
5926 68
5927 82
5928 63
5929 69
5930 83
5931 72
5932 75
5933 75
5934 86
5935 61
5936 77
5937 70
5938 81
5939 65
5940 72
5941 73
5942 76
5943 77
5944 67
5945 79
5946 76
5947 74
5948 69
5949 73
5950 80
5951 70
5952 77
5953 77
5954 78
5955 83
5956 78
5957 70
5958 79
5959 92
5960 70
5961 71
5962 72
5963 76
5964 82
5965 73
5966 81
5967 81
5968 80
5969 90
5970 71
5971 82
5972 79
5973 77
5974 76
5975 70
5976 77
5977 94
5978 80
5979 75
5980 55
5981 95
5982 84
5983 93
5984 79
5985 82
5986 70
5987 78
5988 69
5989 84
5990 79
5991 57
5992 77
5993 63
5994 67
5995 81
5996 81
5997 84
5998 73
5999 64
6000 71
6001 66
6002 68
6003 85
6004 78
6005 79
6006 84
6007 61
6008 81
6009 57
6010 77
6011 83
6012 72
6013 64
6014 60
6015 83
6016 66
6017 86
6018 66
6019 81
6020 92
6021 80
6022 82
6023 76
6024 81
6025 76
6026 76
6027 80
6028 61
6029 74
6030 56
6031 82
6032 66
6033 61
6034 82
6035 73
6036 80
6037 67
6038 78
6039 78
6040 90
6041 57
6042 93
6043 62
6044 77
6045 79
6046 75
6047 83
6048 76
6049 85
6050 75
6051 68
6052 90
6053 68
6054 94
6055 92
6056 68
6057 78
6058 78
6059 83
6060 77
6061 81
6062 83
6063 97
6064 79
6065 82
6066 75
6067 69
6068 73
6069 69
6070 84
6071 69
6072 83
6073 58
6074 78
6075 89
6076 77
6077 76
6078 84
6079 79
6080 67
6081 56
6082 75
6083 68
6084 62
6085 75
6086 73
6087 64
6088 81
6089 78
6090 64
6091 81
6092 86
6093 90
6094 70
6095 84
6096 66
6097 57
6098 64
6099 91
6100 68
6101 73
6102 81
6103 75
6104 81
6105 58
6106 79
6107 93
6108 80
6109 83
6110 77
6111 69
6112 70
6113 54
6114 68
6115 76
6116 84
6117 83
6118 62
6119 74
6120 58
6121 73
6122 68
6123 81
6124 76
6125 73
6126 83
6127 71
6128 85
6129 58
6130 65
6131 103
6132 82
6133 96
6134 66
6135 70
6136 75
6137 85
6138 89
6139 83
6140 79
6141 78
6142 68
6143 79
6144 82
6145 99
6146 82
6147 94
6148 76
6149 86
6150 73
6151 81
6152 65
6153 88
6154 72
6155 73
6156 77
6157 73
6158 81
6159 78
6160 95
6161 70
6162 83
6163 67
6164 85
6165 67
6166 79
6167 68
6168 88
6169 84
6170 84
6171 87
6172 71
6173 71
6174 77
6175 79
6176 79
6177 78
6178 60
6179 86
6180 82
6181 78
6182 78
6183 63
6184 73
6185 78
6186 81
6187 106
6188 84
6189 79
6190 89
6191 83
6192 85
6193 69
6194 101
6195 78
6196 92
6197 90
6198 95
6199 74
6200 93
6201 86
6202 82
6203 72
6204 91
6205 75
6206 87
6207 88
6208 86
6209 78
6210 65
6211 75
6212 99
6213 66
6214 88
6215 76
6216 73
6217 77
6218 91
6219 67
6220 91
6221 69
6222 62
6223 73
6224 93
6225 79
6226 95
6227 71
6228 85
6229 83
6230 61
6231 83
6232 86
6233 74
6234 61
6235 84
6236 74
6237 83
6238 78
6239 83
6240 72
6241 76
6242 108
6243 70
6244 84
6245 90
6246 75
6247 75
6248 87
6249 82
6250 75
6251 67
6252 81
6253 78
6254 72
6255 81
6256 76
6257 76
6258 70
6259 87
6260 87
6261 70
6262 81
6263 84
6264 88
6265 84
6266 82
6267 87
6268 73
6269 75
6270 84
6271 67
6272 86
6273 90
6274 82
6275 73
6276 73
6277 74
6278 65
6279 79
6280 77
6281 100
6282 99
6283 73
6284 88
6285 91
6286 78
6287 84
6288 90
6289 81
6290 76
6291 70
6292 78
6293 65
6294 82
6295 76
6296 80
6297 88
6298 80
6299 70
6300 79
6301 82
6302 89
6303 86
6304 89
6305 67
6306 82
6307 91
6308 94
6309 83
6310 91
6311 87
6312 83
6313 69
6314 90
6315 73
6316 59
6317 72
6318 78
6319 96
6320 85
6321 89
6322 72
6323 74
6324 66
6325 93
6326 78
6327 75
6328 93
6329 77
6330 92
6331 71
6332 74
6333 78
6334 90
6335 91
6336 77
6337 74
6338 99
6339 78
6340 81
6341 70
6342 77
6343 78
6344 85
6345 83
6346 62
6347 76
6348 90
6349 98
6350 70
6351 80
6352 89
6353 72
6354 76
6355 78
6356 92
6357 66
6358 79
6359 83
6360 62
6361 67
6362 75
6363 69
6364 82
6365 74
6366 82
6367 95
6368 102
6369 90
6370 78
6371 78
6372 96
6373 83
6374 98
6375 94
6376 67
6377 97
6378 95
6379 74
6380 88
6381 85
6382 86
6383 78
6384 68
6385 92
6386 75
6387 81
6388 80
6389 80
6390 88
6391 79
6392 83
6393 79
6394 85
6395 95
6396 68
6397 88
6398 104
6399 82
6400 78
6401 86
6402 78
6403 93
6404 88
6405 72
6406 65
6407 65
6408 97
6409 89
6410 68
6411 87
6412 87
6413 82
6414 86
6415 85
6416 61
6417 74
6418 79
6419 79
6420 68
6421 77
6422 83
6423 85
6424 92
6425 87
6426 100
6427 81
6428 74
6429 88
6430 83
6431 84
6432 79
6433 88
6434 74
6435 83
6436 97
6437 98
6438 77
6439 77
6440 85
6441 74
6442 82
6443 84
6444 71
6445 70
6446 74
6447 74
6448 103
6449 80
6450 70
6451 101
6452 97
6453 84
6454 65
6455 74
6456 74
6457 99
6458 68
6459 89
6460 81
6461 88
6462 83
6463 89
6464 80
6465 75
6466 91
6467 83
6468 80
6469 94
6470 91
6471 78
6472 78
6473 98
6474 87
6475 79
6476 88
6477 64
6478 81
6479 74
6480 91
6481 102
6482 71
6483 97
6484 89
6485 98
6486 77
6487 79
6488 103
6489 84
6490 86
6491 96
6492 112
6493 99
6494 71
6495 98
6496 71
6497 95
6498 87
6499 82
6500 83
6501 86
6502 81
6503 82
6504 100
6505 84
6506 90
6507 92
6508 76
6509 89
6510 91
6511 76
6512 89
6513 98
6514 104
6515 77
6516 110
6517 93
6518 80
6519 88
6520 87
6521 96
6522 93
6523 87
6524 99
6525 97
6526 110
6527 83
6528 73
6529 101
6530 103
6531 89
6532 112
6533 99
6534 86
6535 96
6536 108
6537 105
6538 108
6539 111
6540 105
6541 82
6542 88
6543 93
6544 98
6545 94
6546 100
6547 90
6548 109
6549 93
6550 108
6551 106
6552 106
6553 94
6554 103
6555 85
6556 102
6557 111
6558 90
6559 82
6560 103
6561 97
6562 75
6563 109
6564 108
6565 92
6566 107
6567 92
6568 83
6569 107
6570 91
6571 104
6572 93
6573 107
6574 89
6575 110
6576 111
6577 110
6578 103
6579 107
6580 114
6581 125
6582 98
6583 87
6584 97
6585 100
6586 122
6587 112
6588 81
6589 107
6590 94
6591 107
6592 111
6593 111
6594 121
6595 108
6596 118
6597 98
6598 98
6599 103
6600 121
6601 84
6602 117
6603 107
6604 112
6605 93
6606 117
6607 108
6608 101
6609 101
6610 106
6611 93
6612 100
6613 99
6614 93
6615 103
6616 106
6617 101
6618 121
6619 118
6620 112
6621 99
6622 110
6623 120
6624 109
6625 114
6626 104
6627 103
6628 108
6629 124
6630 114
6631 117
6632 96
6633 105
6634 94
6635 122
6636 95
6637 92
6638 110
6639 89
6640 98
6641 109
6642 110
6643 111
6644 98
6645 112
6646 95
6647 103
6648 105
6649 115
6650 114
6651 115
6652 98
6653 131
6654 113
6655 109
6656 107
6657 131
6658 116
6659 109
6660 119
6661 112
6662 112
6663 109
6664 131
6665 113
6666 98
6667 91
6668 114
6669 97
6670 108
6671 117
6672 135
6673 125
6674 113
6675 99
6676 103
6677 114
6678 123
6679 113
6680 112
6681 115
6682 116
6683 114
6684 117
6685 121
6686 85
6687 111
6688 97
6689 134
6690 110
6691 100
6692 100
6693 94
6694 135
6695 110
6696 111
6697 113
6698 116
6699 121
6700 108
6701 102
6702 112
6703 112
6704 103
6705 131
6706 133
6707 108
6708 136
6709 122
6710 113
6711 117
6712 132
6713 130
6714 121
6715 108
6716 117
6717 116
6718 111
6719 102
6720 103
6721 129
6722 125
6723 138
6724 116
6725 110
6726 145
6727 125
6728 130
6729 125
6730 140
6731 122
6732 109
6733 108
6734 100
6735 114
6736 119
6737 121
6738 107
6739 114
6740 102
6741 105
6742 107
6743 98
6744 114
6745 136
6746 96
6747 124
6748 138
6749 135
6750 133
6751 116
6752 113
6753 140
6754 106
6755 106
6756 108
6757 117
6758 111
6759 123
6760 116
6761 114
6762 98
6763 115
6764 121
6765 114
6766 135
6767 112
6768 108
6769 126
6770 121
6771 116
6772 97
6773 114
6774 98
6775 120
6776 124
6777 152
6778 94
6779 111
6780 138
6781 124
6782 120
6783 115
6784 122
6785 114
6786 128
6787 111
6788 108
6789 116
6790 107
6791 131
6792 120
6793 90
6794 104
6795 116
6796 126
6797 122
6798 98
6799 98
6800 145
6801 97
6802 98
6803 114
6804 108
6805 131
6806 132
6807 113
6808 123
6809 117
6810 121
6811 115
6812 112
6813 127
6814 110
6815 119
6816 125
6817 122
6818 116
6819 123
6820 120
6821 138
6822 106
6823 114
6824 135
6825 117
6826 125
6827 120
6828 129
6829 112
6830 110
6831 101
6832 104
6833 110
6834 106
6835 135
6836 130
6837 134
6838 107
6839 126
6840 117
6841 143
6842 118
6843 122
6844 112
6845 117
6846 105
6847 122
6848 109
6849 105
6850 128
6851 122
6852 117
6853 106
6854 105
6855 130
6856 140
6857 121
6858 117
6859 119
6860 98
6861 125
6862 114
6863 117
6864 133
6865 120
6866 142
6867 131
6868 124
6869 116
6870 130
6871 123
6872 122
6873 120
6874 125
6875 111
6876 126
6877 119
6878 139
6879 128
6880 124
6881 129
6882 130
6883 115
6884 133
6885 131
6886 142
6887 124
6888 125
6889 135
6890 130
6891 128
6892 139
6893 128
6894 128
6895 143
6896 131
6897 139
6898 129
6899 101
6900 112
6901 113
6902 131
6903 127
6904 123
6905 142
6906 133
6907 133
6908 146
6909 109
6910 126
6911 113
6912 107
6913 132
6914 122
6915 127
6916 127
6917 122
6918 139
6919 119
6920 114
6921 135
6922 115
6923 117
6924 128
6925 126
6926 115
6927 135
6928 109
6929 122
6930 117
6931 107
6932 119
6933 131
6934 139
6935 101
6936 129
6937 127
6938 122
6939 124
6940 115
6941 126
6942 114
6943 133
6944 117
6945 118
6946 117
6947 133
6948 124
6949 148
6950 128
6951 131
6952 121
6953 128
6954 107
6955 133
6956 122
6957 100
6958 125
6959 131
6960 126
6961 105
6962 124
6963 128
6964 114
6965 116
6966 95
6967 117
6968 123
6969 123
6970 121
6971 121
6972 124
6973 124
6974 123
6975 101
6976 131
6977 126
6978 112
6979 120
6980 115
6981 126
6982 134
6983 103
6984 120
6985 125
6986 104
6987 120
6988 113
6989 121
6990 115
6991 103
6992 118
6993 128
6994 124
6995 117
6996 116
6997 105
6998 123
6999 124
7000 135
7001 121
7002 114
7003 118
7004 108
7005 122
7006 122
7007 122
7008 131
7009 133
7010 120
7011 122
7012 102
7013 128
7014 137
7015 110
7016 119
7017 120
7018 97
7019 116
7020 102
7021 106
7022 119
7023 113
7024 133
7025 125
7026 108
7027 105
7028 123
7029 98
7030 128
7031 109
7032 127
7033 120
7034 107
7035 123
7036 104
7037 123
7038 108
7039 118
7040 126
7041 109
7042 117
7043 110
7044 127
7045 115
7046 126
7047 116
7048 121
7049 111
7050 112
7051 92
7052 130
7053 99
7054 114
7055 106
7056 109
7057 118
7058 101
7059 108
7060 118
7061 127
7062 110
7063 132
7064 119
7065 117
7066 112
7067 115
7068 127
7069 101
7070 114
7071 134
7072 107
7073 89
7074 97
7075 94
7076 118
7077 138
7078 106
7079 114
7080 96
7081 111
7082 122
7083 106
7084 116
7085 142
7086 112
7087 131
7088 121
7089 118
7090 120
7091 124
7092 125
7093 115
7094 146
7095 112
7096 112
7097 143
7098 96
7099 117
7100 117
7101 139
7102 113
7103 110
7104 109
7105 110
7106 132
7107 124
7108 112
7109 108
7110 143
7111 123
7112 97
7113 108
7114 123
7115 99
7116 112
7117 113
7118 117
7119 114
7120 114
7121 119
7122 127
7123 117
7124 112
7125 131
7126 126
7127 112
7128 119
7129 120
7130 124
7131 107
7132 115
7133 108
7134 105
7135 125
7136 122
7137 117
7138 106
7139 111
7140 134
7141 122
7142 129
7143 104
7144 113
7145 122
7146 105
7147 109
7148 118
7149 108
7150 123
7151 136
7152 107
7153 121
7154 96
7155 114
7156 103
7157 111
7158 107
7159 120
7160 99
7161 103
7162 116
7163 104
7164 114
7165 106
7166 118
7167 112
7168 126
7169 114
7170 116
7171 112
7172 100
7173 111
7174 114
7175 120
7176 100
7177 82
7178 108
7179 93
7180 107
7181 109
7182 124
7183 144
7184 115
7185 108
7186 119
7187 104
7188 107
7189 100
7190 110
7191 101
7192 107
7193 122
7194 109
7195 100
7196 104
7197 96
7198 115
7199 99
7200 127
7201 103
7202 106
7203 110
7204 90
7205 106
7206 108
7207 119
7208 100
7209 94
7210 121
7211 117
7212 95
7213 123
7214 111
7215 132
7216 107
7217 103
7218 100
7219 113
7220 113
7221 125
7222 111
7223 113
7224 116
7225 116
7226 113
7227 121
7228 91
7229 106
7230 112
7231 112
7232 99
7233 108
7234 103
7235 108
7236 122
7237 87
7238 105
7239 95
7240 98
7241 97
7242 96
7243 118
7244 111
7245 113
7246 104
7247 98
7248 101
7249 94
7250 99
7251 101
7252 107
7253 90
7254 113
7255 109
7256 96
7257 106
7258 85
7259 104
7260 119
7261 102
7262 103
7263 97
7264 79
7265 95
7266 104
7267 84
7268 110
7269 100
7270 100
7271 99
7272 99
7273 91
7274 106
7275 101
7276 96
7277 103
7278 88
7279 83
7280 95
7281 103
7282 114
7283 101
7284 91
7285 109
7286 117
7287 96
7288 89
7289 101
7290 103
7291 105
7292 115
7293 93
7294 89
7295 96
7296 83
7297 97
7298 96
7299 115
7300 73
7301 111
7302 78
7303 87
7304 111
7305 123
7306 86
7307 112
7308 99
7309 84
7310 91
7311 97
7312 100
7313 85
7314 92
7315 84
7316 91
7317 93
7318 88
7319 94
7320 73
7321 103
7322 98
7323 110
7324 100
7325 78
7326 86
7327 81
7328 90
7329 89
7330 80
7331 86
7332 91
7333 98
7334 107
7335 84
7336 98
7337 81
7338 86
7339 100
7340 108
7341 92
7342 90
7343 89
7344 99
7345 83
7346 97
7347 104
7348 72
7349 85
7350 85
7351 78
7352 84
7353 96
7354 93
7355 100
7356 73
7357 71
7358 82
7359 79
7360 89
7361 101
7362 81
7363 72
7364 68
7365 82
7366 87
7367 76
7368 73
7369 101
7370 67
7371 71
7372 71
7373 93
7374 78
7375 78
7376 87
7377 77
7378 69
7379 94
7380 82
7381 69
7382 75
7383 59
7384 83
7385 81
7386 88
7387 80
7388 77
7389 81
7390 74
7391 94
7392 74
7393 65
7394 97
7395 67
7396 52
7397 85
7398 91
7399 81
7400 66
7401 62
7402 80
7403 66
7404 83
7405 63
7406 85
7407 68
7408 74
7409 68
7410 79
7411 66
7412 78
7413 70
7414 82
7415 75
7416 70
7417 71
7418 108
7419 78
7420 67
7421 71
7422 66
7423 71
7424 80
7425 74
7426 68
7427 82
7428 84
7429 74
7430 71
7431 67
7432 69
7433 73
7434 78
7435 65
7436 68
7437 77
7438 96
7439 68
7440 66
7441 79
7442 81
7443 74
7444 71
7445 56
7446 77
7447 61
7448 80
7449 79
7450 60
7451 78
7452 69
7453 69
7454 56
7455 70
7456 57
7457 66
7458 55
7459 71
7460 62
7461 53
7462 80
7463 60
7464 70
7465 72
7466 79
7467 62
7468 76
7469 74
7470 72
7471 75
7472 70
7473 77
7474 70
7475 77
7476 66
7477 73
7478 67
7479 61
7480 68
7481 63
7482 67
7483 56
7484 76
7485 69
7486 62
7487 61
7488 65
7489 55
7490 69
7491 54
7492 66
7493 78
7494 58
7495 60
7496 50
7497 61
7498 49
7499 66
7500 63
7501 62
7502 64
7503 63
7504 57
7505 66
7506 72
7507 47
7508 51
7509 58
7510 58
7511 73
7512 54
7513 57
7514 48
7515 63
7516 78
7517 41
7518 70
7519 57
7520 74
7521 61
7522 60
7523 72
7524 44
7525 67
7526 57
7527 59
7528 64
7529 60
7530 58
7531 52
7532 50
7533 53
7534 60
7535 60
7536 54
7537 58
7538 56
7539 43
7540 67
7541 57
7542 51
7543 50
7544 54
7545 44
7546 54
7547 61
7548 50
7549 53
7550 67
7551 49
7552 52
7553 56
7554 66
7555 60
7556 55
7557 61
7558 50
7559 57
7560 65
7561 55
7562 50
7563 50
7564 68
7565 60
7566 64
7567 59
7568 54
7569 61
7570 48
7571 53
7572 54
7573 63
7574 56
7575 62
7576 59
7577 49
7578 63
7579 70
7580 63
7581 49
7582 52
7583 52
7584 57
7585 50
7586 54
7587 57
7588 56
7589 61
7590 53
7591 57
7592 67
7593 60
7594 63
7595 62
7596 51
7597 55
7598 67
7599 65
7600 48
7601 58
7602 55
7603 54
7604 48
7605 56
7606 55
7607 76
7608 51
7609 52
7610 52
7611 48
7612 53
7613 65
7614 59
7615 61
7616 63
7617 55
7618 54
7619 49
7620 57
7621 62
7622 45
7623 49
7624 55
7625 49
7626 60
7627 54
7628 60
7629 50
7630 47
7631 61
7632 53
7633 54
7634 60
7635 50
7636 41
7637 69
7638 61
7639 48
7640 47
7641 69
7642 51
7643 42
7644 53
7645 58
7646 58
7647 67
7648 52
7649 56
7650 68
7651 53
7652 57
7653 42
7654 57
7655 54
7656 35
7657 59
7658 52
7659 67
7660 48
7661 42
7662 55
7663 61
7664 57
7665 54
7666 48
7667 58
7668 61
7669 43
7670 53
7671 54
7672 42
7673 45
7674 45
7675 34
7676 40
7677 45
7678 57
7679 56
7680 42
7681 51
7682 53
7683 41
7684 42
7685 42
7686 37
7687 44
7688 41
7689 46
7690 49
7691 49
7692 41
7693 51
7694 58
7695 35
7696 38
7697 55
7698 43
7699 53
7700 42
7701 52
7702 61
7703 39
7704 42
7705 43
7706 50
7707 42
7708 51
7709 46
7710 44
7711 51
7712 50
7713 49
7714 35
7715 45
7716 41
7717 57
7718 44
7719 51
7720 53
7721 36
7722 43
7723 47
7724 46
7725 40
7726 52
7727 59
7728 56
7729 42
7730 48
7731 49
7732 47
7733 40
7734 36
7735 53
7736 39
7737 51
7738 43
7739 38
7740 35
7741 46
7742 41
7743 55
7744 55
7745 38
7746 40
7747 34
7748 44
7749 56
7750 56
7751 49
7752 49
7753 47
7754 46
7755 47
7756 44
7757 63
7758 35
7759 54
7760 54
7761 50
7762 40
7763 43
7764 43
7765 47
7766 48
7767 40
7768 41
7769 58
7770 52
7771 42
7772 51
7773 47
7774 41
7775 46
7776 39
7777 47
7778 39
7779 52
7780 45
7781 32
7782 38
7783 46
7784 47
7785 44
7786 57
7787 50
7788 52
7789 43
7790 48
7791 39
7792 57
7793 58
7794 54
7795 44
7796 44
7797 35
7798 43
7799 41
7800 45
7801 49
7802 49
7803 50
7804 47
7805 49
7806 43
7807 46
7808 49
7809 40
7810 36
7811 48
7812 41
7813 52
7814 50
7815 55
7816 37
7817 53
7818 56
7819 30
7820 47
7821 44
7822 47
7823 59
7824 53
7825 54
7826 51
7827 46
7828 41
7829 35
7830 43
7831 49
7832 31
7833 46
7834 21
7835 55
7836 46
7837 43
7838 57
7839 32
7840 50
7841 47
7842 45
7843 50
7844 43
7845 40
7846 46
7847 33
7848 42
7849 36
7850 47
7851 39
7852 30
7853 47
7854 50
7855 47
7856 33
7857 47
7858 31
7859 45
7860 46
7861 40
7862 32
7863 48
7864 43
7865 28
7866 46
7867 38
7868 54
7869 33
7870 40
7871 43
7872 41
7873 28
7874 38
7875 38
7876 41
7877 43
7878 39
7879 37
7880 35
7881 39
7882 46
7883 49
7884 36
7885 44
7886 31
7887 35
7888 33
7889 47
7890 36
7891 39
7892 40
7893 43
7894 35
7895 39
7896 43
7897 39
7898 41
7899 43
7900 48
7901 36
7902 30
7903 44
7904 32
7905 41
7906 35
7907 45
7908 36
7909 43
7910 24
7911 35
7912 35
7913 34
7914 39
7915 32
7916 51
7917 41
7918 32
7919 49
7920 53
7921 41
7922 47
7923 45
7924 38
7925 36
7926 31
7927 47
7928 45
7929 48
7930 46
7931 44
7932 38
7933 46
7934 37
7935 27
7936 37
7937 36
7938 50
7939 32
7940 32
7941 46
7942 46
7943 39
7944 36
7945 36
7946 46
7947 35
7948 34
7949 42
7950 30
7951 28
7952 34
7953 50
7954 38
7955 40
7956 33
7957 29
7958 37
7959 43
7960 38
7961 33
7962 43
7963 39
7964 38
7965 32
7966 36
7967 42
7968 42
7969 36
7970 33
7971 41
7972 43
7973 33
7974 31
7975 42
7976 38
7977 42
7978 44
7979 34
7980 30
7981 38
7982 30
7983 43
7984 37
7985 37
7986 34
7987 27
7988 43
7989 35
7990 30
7991 29
7992 40
7993 38
7994 36
7995 39
7996 46
7997 40
7998 36
7999 34
8000 31
8001 23
8002 43
8003 34
8004 29
8005 39
8006 38
8007 42
8008 34
8009 33
8010 42
8011 39
8012 25
8013 32
8014 35
8015 35
8016 27
8017 29
8018 36
8019 31
8020 37
8021 30
8022 37
8023 31
8024 34
8025 38
8026 35
8027 28
8028 30
8029 38
8030 34
8031 41
8032 40
8033 35
8034 26
8035 27
8036 30
8037 34
8038 30
8039 35
8040 33
8041 28
8042 35
8043 31
8044 40
8045 39
8046 36
8047 36
8048 34
8049 32
8050 33
8051 34
8052 44
8053 29
8054 28
8055 33
8056 29
8057 25
8058 39
8059 26
8060 32
8061 30
8062 33
8063 30
8064 33
8065 37
8066 38
8067 23
8068 38
8069 32
8070 37
8071 31
8072 40
8073 26
8074 28
8075 25
8076 35
8077 19
8078 39
8079 29
8080 29
8081 26
8082 27
8083 33
8084 30
8085 28
8086 31
8087 36
8088 27
8089 35
8090 26
8091 38
8092 25
8093 20
8094 26
8095 28
8096 33
8097 20
8098 27
8099 30
8100 31
8101 27
8102 39
8103 29
8104 36
8105 37
8106 24
8107 21
8108 32
8109 36
8110 33
8111 34
8112 32
8113 45
8114 25
8115 32
8116 25
8117 28
8118 23
8119 26
8120 31
8121 34
8122 31
8123 33
8124 33
8125 39
8126 30
8127 27
8128 33
8129 40
8130 40
8131 24
8132 42
8133 30
8134 35
8135 30
8136 28
8137 32
8138 26
8139 34
8140 23
8141 38
8142 30
8143 34
8144 43
8145 33
8146 31
8147 32
8148 35
8149 26
8150 30
8151 30
8152 26
8153 28
8154 35
8155 19
8156 35
8157 24
8158 31
8159 28
8160 43
8161 31
8162 35
8163 31
8164 26
8165 32
8166 27
8167 37
8168 30
8169 33
8170 31
8171 36
8172 30
8173 35
8174 32
8175 31
8176 23
8177 27
8178 36
8179 25
8180 28
8181 28
8182 26
8183 25
8184 25
8185 27
8186 39
8187 31
8188 38
8189 22
8190 29
8191 32
8192 24
8193 33
8194 25
8195 26
8196 34
8197 30
8198 33
8199 32
8200 23
8201 26
8202 31
8203 26
8204 40
8205 32
8206 30
8207 39
8208 39
8209 25
8210 22
8211 30
8212 36
8213 23
8214 29
8215 34
8216 24
8217 31
8218 38
8219 21
8220 38
8221 35
8222 23
8223 35
8224 34
8225 40
8226 33
8227 22
8228 39
8229 25
8230 37
8231 31
8232 46
8233 32
8234 28
8235 33
8236 40
8237 34
8238 38
8239 31
8240 28
8241 34
8242 29
8243 29
8244 28
8245 40
8246 32
8247 40
8248 26
8249 31
8250 27
8251 29
8252 30
8253 29
8254 31
8255 23
8256 32
8257 32
8258 37
8259 39
8260 27
8261 29
8262 31
8263 33
8264 21
8265 19
8266 38
8267 29
8268 28
8269 20
8270 30
8271 29
8272 29
8273 28
8274 33
8275 30
8276 34
8277 37
8278 34
8279 16
8280 36
8281 24
8282 33
8283 35
8284 33
8285 22
8286 29
8287 42
8288 24
8289 30
8290 28
8291 32
8292 21
8293 30
8294 28
8295 31
8296 46
8297 26
8298 33
8299 24
8300 32
8301 28
8302 34
8303 25
8304 29
8305 33
8306 40
8307 32
8308 43
8309 35
8310 33
8311 41
8312 25
8313 33
8314 30
8315 36
8316 29
8317 24
8318 39
8319 32
8320 32
8321 30
8322 28
8323 31
8324 24
8325 22
8326 32
8327 32
8328 28
8329 35
8330 28
8331 37
8332 21
8333 27
8334 33
8335 30
8336 39
8337 40
8338 26
8339 29
8340 30
8341 35
8342 41
8343 29
8344 28
8345 31
8346 31
8347 30
8348 28
8349 26
8350 37
8351 36
8352 25
8353 35
8354 27
8355 33
8356 28
8357 34
8358 33
8359 30
8360 27
8361 29
8362 33
8363 31
8364 32
8365 41
8366 31
8367 24
8368 36
8369 20
8370 28
8371 29
8372 38
8373 25
8374 29
8375 32
8376 34
8377 30
8378 23
8379 28
8380 32
8381 18
8382 19
8383 20
8384 27
8385 34
8386 38
8387 28
8388 26
8389 34
8390 21
8391 24
8392 31
8393 33
8394 23
8395 28
8396 24
8397 35
8398 28
8399 23
8400 34
8401 31
8402 24
8403 24
8404 23
8405 27
8406 24
8407 19
8408 26
8409 27
8410 38
8411 23
8412 23
8413 31
8414 21
8415 21
8416 30
8417 25
8418 33
8419 23
8420 28
8421 29
8422 25
8423 30
8424 30
8425 23
8426 18
8427 21
8428 27
8429 21
8430 30
8431 19
8432 32
8433 22
8434 38
8435 21
8436 33
8437 32
8438 26
8439 40
8440 24
8441 22
8442 28
8443 32
8444 23
8445 28
8446 26
8447 28
8448 26
8449 19
8450 32
8451 26
8452 18
8453 25
8454 24
8455 23
8456 20
8457 35
8458 23
8459 22
8460 27
8461 36
8462 19
8463 19
8464 24
8465 29
8466 25
8467 18
8468 30
8469 31
8470 29
8471 45
8472 29
8473 20
8474 27
8475 21
8476 16
8477 28
8478 27
8479 25
8480 27
8481 30
8482 18
8483 15
8484 24
8485 24
8486 28
8487 28
8488 25
8489 21
8490 32
8491 33
8492 33
8493 29
8494 28
8495 26
8496 22
8497 27
8498 24
8499 32
8500 16
8501 25
8502 18
8503 32
8504 24
8505 36
8506 31
8507 32
8508 24
8509 25
8510 29
8511 26
8512 27
8513 25
8514 28
8515 27
8516 28
8517 32
8518 34
8519 29
8520 28
8521 28
8522 24
8523 25
8524 30
8525 30
8526 31
8527 23
8528 26
8529 27
8530 28
8531 30
8532 27
8533 29
8534 31
8535 30
8536 26
8537 27
8538 22
8539 29
8540 18
8541 29
8542 28
8543 28
8544 37
8545 23
8546 28
8547 35
8548 32
8549 31
8550 41
8551 31
8552 29
8553 22
8554 23
8555 38
8556 31
8557 27
8558 27
8559 36
8560 23
8561 43
8562 36
8563 19
8564 20
8565 18
8566 28
8567 40
8568 28
8569 23
8570 42
8571 33
8572 30
8573 30
8574 22
8575 21
8576 27
8577 23
8578 31
8579 25
8580 27
8581 31
8582 27
8583 27
8584 33
8585 33
8586 20
8587 26
8588 22
8589 21
8590 26
8591 21
8592 39
8593 23
8594 20
8595 31
8596 30
8597 27
8598 26
8599 20
8600 28
8601 28
8602 34
8603 27
8604 21
8605 28
8606 26
8607 34
8608 22
8609 17
8610 29
8611 29
8612 23
8613 26
8614 22
8615 24
8616 29
8617 14
8618 24
8619 26
8620 35
8621 25
8622 31
8623 20
8624 35
8625 29
8626 33
8627 20
8628 32
8629 31
8630 26
8631 35
8632 19
8633 28
8634 32
8635 24
8636 21
8637 22
8638 19
8639 26
8640 23
8641 30
8642 28
8643 23
8644 32
8645 18
8646 30
8647 27
8648 23
8649 33
8650 36
8651 31
8652 21
8653 27
8654 35
8655 16
8656 32
8657 26
8658 40
8659 23
8660 26
8661 24
8662 33
8663 21
8664 28
8665 32
8666 28
8667 30
8668 16
8669 12
8670 30
8671 28
8672 25
8673 23
8674 27
8675 22
8676 24
8677 30
8678 28
8679 21
8680 18
8681 29
8682 28
8683 17
8684 31
8685 31
8686 30
8687 22
8688 17
8689 25
8690 22
8691 27
8692 35
8693 24
8694 26
8695 26
8696 18
8697 23
8698 27
8699 25
8700 17
8701 25
8702 26
8703 38
8704 25
8705 22
8706 29
8707 24
8708 22
8709 34
8710 18
8711 28
8712 28
8713 20
8714 28
8715 27
8716 21
8717 23
8718 23
8719 22
8720 26
8721 19
8722 22
8723 27
8724 32
8725 22
8726 23
8727 27
8728 34
8729 23
8730 29
8731 19
8732 23
8733 25
8734 29
8735 25
8736 30
8737 21
8738 20
8739 27
8740 24
8741 29
8742 17
8743 32
8744 27
8745 24
8746 21
8747 23
8748 28
8749 27
8750 19
8751 24
8752 31
8753 23
8754 22
8755 19
8756 21
8757 21
8758 23
8759 22
8760 23
8761 25
8762 24
8763 26
8764 17
8765 24
8766 25
8767 30
8768 26
8769 34
8770 32
8771 29
8772 22
8773 25
8774 29
8775 23
8776 27
8777 13
8778 27
8779 26
8780 26
8781 34
8782 31
8783 29
8784 20
8785 23
8786 28
8787 30
8788 28
8789 26
8790 26
8791 21
8792 16
8793 22
8794 16
8795 29
8796 19
8797 13
8798 29
8799 27
8800 19
8801 30
8802 25
8803 31
8804 26
8805 21
8806 19
8807 32
8808 28
8809 34
8810 18
8811 24
8812 27
8813 12
8814 26
8815 20
8816 32
8817 28
8818 20
8819 26
8820 25
8821 23
8822 20
8823 23
8824 30
8825 28
8826 27
8827 27
8828 24
8829 26
8830 31
8831 22
8832 28
8833 16
8834 21
8835 25
8836 16
8837 22
8838 23
8839 22
8840 21
8841 23
8842 32
8843 21
8844 21
8845 25
8846 24
8847 27
8848 26
8849 20
8850 27
8851 38
8852 13
8853 21
8854 20
8855 28
8856 38
8857 20
8858 33
8859 30
8860 19
8861 20
8862 26
8863 26
8864 26
8865 18
8866 29
8867 21
8868 27
8869 27
8870 30
8871 32
8872 22
8873 19
8874 16
8875 20
8876 29
8877 23
8878 28
8879 28
8880 28
8881 34
8882 23
8883 20
8884 34
8885 28
8886 21
8887 19
8888 25
8889 18
8890 19
8891 19
8892 30
8893 22
8894 28
8895 31
8896 26
8897 30
8898 29
8899 18
8900 26
8901 26
8902 26
8903 23
8904 25
8905 21
8906 26
8907 25
8908 29
8909 28
8910 19
8911 21
8912 29
8913 20
8914 29
8915 22
8916 24
8917 28
8918 25
8919 19
8920 30
8921 18
8922 17
8923 29
8924 31
8925 15
8926 26
8927 20
8928 17
8929 21
8930 27
8931 30
8932 25
8933 21
8934 22
8935 23
8936 27
8937 16
8938 22
8939 28
8940 23
8941 22
8942 32
8943 25
8944 28
8945 17
8946 29
8947 20
8948 15
8949 26
8950 25
8951 25
8952 30
8953 27
8954 28
8955 23
8956 15
8957 17
8958 15
8959 26
8960 25
8961 19
8962 18
8963 21
8964 23
8965 18
8966 20
8967 26
8968 18
8969 21
8970 17
8971 24
8972 27
8973 18
8974 27
8975 21
8976 21
8977 23
8978 17
8979 25
8980 20
8981 24
8982 23
8983 22
8984 27
8985 18
8986 24
8987 21
8988 27
8989 23
8990 21
8991 32
8992 30
8993 28
8994 23
8995 22
8996 23
8997 26
8998 28
8999 23
9000 25
9001 17
9002 26
9003 22
9004 28
9005 28
9006 23
9007 22
9008 28
9009 18
9010 25
9011 22
9012 19
9013 24
9014 15
9015 22
9016 19
9017 20
9018 26
9019 32
9020 19
9021 24
9022 33
9023 22
9024 19
9025 34
9026 30
9027 26
9028 23
9029 20
9030 25
9031 21
9032 18
9033 16
9034 20
9035 22
9036 21
9037 22
9038 26
9039 20
9040 21
9041 28
9042 27
9043 18
9044 12
9045 16
9046 14
9047 16
9048 28
9049 25
9050 28
9051 18
9052 28
9053 15
9054 14
9055 24
9056 20
9057 20
9058 17
9059 24
9060 29
9061 24
9062 17
9063 25
9064 28
9065 25
9066 31
9067 32
9068 25
9069 22
9070 19
9071 24
9072 15
9073 21
9074 20
9075 24
9076 26
9077 19
9078 19
9079 22
9080 25
9081 22
9082 23
9083 22
9084 22
9085 30
9086 31
9087 17
9088 29
9089 24
9090 28
9091 28
9092 20
9093 26
9094 28
9095 27
9096 24
9097 20
9098 19
9099 17
9100 26
9101 23
9102 20
9103 18
9104 15
9105 13
9106 15
9107 22
9108 33
9109 20
9110 31
9111 26
9112 19
9113 18
9114 24
9115 22
9116 21
9117 22
9118 21
9119 19
9120 17
9121 28
9122 21
9123 27
9124 27
9125 33
9126 31
9127 27
9128 27
9129 24
9130 17
9131 24
9132 26
9133 25
9134 14
9135 22
9136 26
9137 30
9138 19
9139 20
9140 25
9141 23
9142 28
9143 25
9144 22
9145 24
9146 19
9147 22
9148 33
9149 22
9150 34
9151 24
9152 16
9153 21
9154 18
9155 23
9156 18
9157 23
9158 23
9159 28
9160 26
9161 29
9162 21
9163 19
9164 29
9165 20
9166 23
9167 24
9168 24
9169 14
9170 23
9171 21
9172 34
9173 22
9174 30
9175 25
9176 33
9177 15
9178 19
9179 24
9180 22
9181 20
9182 15
9183 21
9184 37
9185 23
9186 24
9187 26
9188 25
9189 28
9190 23
9191 28
9192 24
9193 23
9194 24
9195 22
9196 29
9197 22
9198 23
9199 22
9200 19
9201 24
9202 28
9203 27
9204 33
9205 20
9206 25
9207 20
9208 16
9209 29
9210 28
9211 22
9212 22
9213 22
9214 20
9215 14
9216 18
9217 25
9218 28
9219 24
9220 25
9221 22
9222 26
9223 21
9224 25
9225 23
9226 19
9227 15
9228 17
9229 25
9230 21
9231 25
9232 27
9233 34
9234 15
9235 18
9236 23
9237 26
9238 21
9239 24
9240 26
9241 18
9242 15
9243 21
9244 14
9245 29
9246 26
9247 23
9248 23
9249 25
9250 19
9251 31
9252 19
9253 17
9254 20
9255 22
9256 29
9257 20
9258 23
9259 24
9260 16
9261 19
9262 17
9263 33
9264 27
9265 27
9266 20
9267 23
9268 22
9269 21
9270 22
9271 26
9272 19
9273 24
9274 19
9275 29
9276 26
9277 20
9278 18
9279 23
9280 26
9281 19
9282 19
9283 27
9284 26
9285 22
9286 21
9287 9
9288 33
9289 16
9290 22
9291 24
9292 22
9293 20
9294 22
9295 25
9296 23
9297 24
9298 25
9299 26
9300 31
9301 23
9302 17
9303 23
9304 25
9305 23
9306 19
9307 16
9308 26
9309 24
9310 19
9311 29
9312 19
9313 18
9314 19
9315 14
9316 21
9317 17
9318 21
9319 17
9320 19
9321 26
9322 24
9323 24
9324 32
9325 16
9326 18
9327 24
9328 20
9329 20
9330 20
9331 13
9332 26
9333 31
9334 19
9335 20
9336 21
9337 31
9338 18
9339 16
9340 29
9341 23
9342 26
9343 21
9344 21
9345 27
9346 29
9347 29
9348 15
9349 20
9350 23
9351 17
9352 22
9353 26
9354 28
9355 20
9356 17
9357 23
9358 20
9359 16
9360 12
9361 23
9362 16
9363 25
9364 20
9365 20
9366 16
9367 23
9368 33
9369 24
9370 19
9371 30
9372 22
9373 20
9374 16
9375 21
9376 18
9377 22
9378 15
9379 31
9380 23
9381 21
9382 23
9383 19
9384 14
9385 26
9386 20
9387 23
9388 20
9389 16
9390 35
9391 23
9392 25
9393 22
9394 22
9395 21
9396 17
9397 26
9398 14
9399 17
9400 21
9401 29
9402 20
9403 19
9404 23
9405 22
9406 33
9407 15
9408 23
9409 18
9410 18
9411 22
9412 13
9413 27
9414 26
9415 24
9416 27
9417 18
9418 26
9419 31
9420 25
9421 16
9422 16
9423 25
9424 19
9425 20
9426 18
9427 20
9428 19
9429 19
9430 26
9431 21
9432 21
9433 19
9434 23
9435 14
9436 13
9437 24
9438 29
9439 28
9440 14
9441 25
9442 29
9443 21
9444 25
9445 17
9446 24
9447 17
9448 24
9449 22
9450 26
9451 23
9452 20
9453 13
9454 18
9455 16
9456 20
9457 27
9458 17
9459 17
9460 29
9461 20
9462 25
9463 15
9464 22
9465 16
9466 20
9467 37
9468 17
9469 23
9470 21
9471 23
9472 29
9473 34
9474 17
9475 18
9476 25
9477 26
9478 37
9479 25
9480 24
9481 25
9482 21
9483 20
9484 21
9485 22
9486 20
9487 21
9488 18
9489 15
9490 19
9491 20
9492 25
9493 16
9494 27
9495 15
9496 22
9497 28
9498 31
9499 26
9500 25
9501 30
9502 22
9503 17
9504 19
9505 23
9506 22
9507 19
9508 21
9509 32
9510 30
9511 21
9512 23
9513 15
9514 25
9515 23
9516 18
9517 23
9518 23
9519 20
9520 22
9521 18
9522 21
9523 34
9524 27
9525 34
9526 24
9527 25
9528 19
9529 18
9530 14
9531 17
9532 20
9533 22
9534 25
9535 15
9536 19
9537 24
9538 23
9539 28
9540 19
9541 31
9542 17
9543 19
9544 14
9545 21
9546 21
9547 21
9548 19
9549 24
9550 25
9551 18
9552 18
9553 17
9554 20
9555 24
9556 30
9557 20
9558 16
9559 29
9560 25
9561 22
9562 22
9563 23
9564 24
9565 21
9566 23
9567 18
9568 23
9569 26
9570 24
9571 19
9572 26
9573 27
9574 27
9575 16
9576 30
9577 22
9578 30
9579 22
9580 27
9581 18
9582 22
9583 20
9584 21
9585 21
9586 22
9587 17
9588 28
9589 19
9590 21
9591 29
9592 26
9593 22
9594 18
9595 20
9596 18
9597 29
9598 14
9599 18
9600 15
9601 10
9602 10
9603 22
9604 10
9605 17
9606 27
9607 29
9608 23
9609 23
9610 19
9611 24
9612 12
9613 10
9614 20
9615 10
9616 19
9617 25
9618 17
9619 24
9620 24
9621 19
9622 15
9623 15
9624 26
9625 20
9626 21
9627 16
9628 17
9629 18
9630 21
9631 24
9632 23
9633 24
9634 17
9635 22
9636 11
9637 23
9638 20
9639 28
9640 22
9641 23
9642 21
9643 22
9644 21
9645 29
9646 25
9647 23
9648 17
9649 23
9650 16
9651 18
9652 16
9653 20
9654 13
9655 25
9656 18
9657 18
9658 24
9659 23
9660 22
9661 16
9662 10
9663 17
9664 22
9665 16
9666 25
9667 23
9668 21
9669 19
9670 21
9671 20
9672 16
9673 12
9674 21
9675 14
9676 17
9677 22
9678 21
9679 18
9680 18
9681 28
9682 20
9683 21
9684 23
9685 24
9686 21
9687 26
9688 24
9689 22
9690 26
9691 18
9692 19
9693 24
9694 30
9695 19
9696 18
9697 22
9698 22
9699 25
9700 14
9701 24
9702 28
9703 18
9704 20
9705 30
9706 15
9707 23
9708 24
9709 26
9710 25
9711 18
9712 19
9713 24
9714 20
9715 21
9716 15
9717 20
9718 17
9719 21
9720 17
9721 19
9722 22
9723 19
9724 16
9725 26
9726 24
9727 32
9728 17
9729 22
9730 21
9731 25
9732 21
9733 19
9734 20
9735 23
9736 19
9737 20
9738 15
9739 20
9740 27
9741 18
9742 20
9743 18
9744 16
9745 16
9746 24
9747 24
9748 22
9749 19
9750 20
9751 17
9752 21
9753 19
9754 16
9755 32
9756 24
9757 17
9758 15
9759 24
9760 18
9761 24
9762 23
9763 27
9764 22
9765 24
9766 29
9767 7
9768 18
9769 17
9770 27
9771 27
9772 14
9773 25
9774 22
9775 27
9776 23
9777 21
9778 14
9779 22
9780 22
9781 17
9782 27
9783 18
9784 25
9785 26
9786 25
9787 20
9788 13
9789 31
9790 21
9791 22
9792 22
9793 22
9794 24
9795 28
9796 21
9797 18
9798 23
9799 22
9800 26
9801 18
9802 18
9803 22
9804 23
9805 23
9806 15
9807 19
9808 12
9809 27
9810 20
9811 24
9812 14
9813 27
9814 21
9815 21
9816 14
9817 16
9818 15
9819 17
9820 19
9821 16
9822 17
9823 21
9824 22
9825 19
9826 23
9827 33
9828 18
9829 28
9830 27
9831 20
9832 30
9833 17
9834 17
9835 23
9836 20
9837 22
9838 15
9839 26
9840 23
9841 24
9842 19
9843 24
9844 19
9845 24
9846 17
9847 21
9848 24
9849 13
9850 19
9851 16
9852 22
9853 17
9854 19
9855 22
9856 21
9857 24
9858 27
9859 20
9860 22
9861 15
9862 19
9863 19
9864 20
9865 15
9866 18
9867 14
9868 30
9869 24
9870 22
9871 19
9872 16
9873 16
9874 14
9875 21
9876 23
9877 15
9878 15
9879 29
9880 21
9881 19
9882 19
9883 13
9884 17
9885 15
9886 21
9887 24
9888 21
9889 21
9890 16
9891 26
9892 14
9893 33
9894 23
9895 19
9896 20
9897 21
9898 21
9899 25
9900 23
9901 16
9902 16
9903 14
9904 28
9905 20
9906 22
9907 20
9908 20
9909 20
9910 18
9911 23
9912 18
9913 20
9914 25
9915 17
9916 18
9917 20
9918 23
9919 20
9920 21
9921 25
9922 21
9923 26
9924 24
9925 19
9926 23
9927 19
9928 25
9929 17
9930 24
9931 19
9932 18
9933 22
9934 19
9935 20
9936 14
9937 25
9938 15
9939 15
9940 23
9941 19
9942 16
9943 29
9944 16
9945 19
9946 19
9947 18
9948 21
9949 21
9950 11
9951 15
9952 19
9953 23
9954 16
9955 16
9956 21
9957 23
9958 26
9959 19
9960 18
9961 9
9962 20
9963 22
9964 24
9965 23
9966 18
9967 18
9968 18
9969 16
9970 20
9971 31
9972 18
9973 14
9974 16
9975 16
9976 16
9977 16
9978 16
9979 22
9980 22
9981 18
9982 22
9983 18
9984 20
9985 11
9986 27
9987 14
9988 23
9989 23
9990 14
9991 29
9992 17
9993 18
9994 20
9995 19
9996 19
9997 17
9998 29
9999 17
10000 16
10001 229318
