# Title:27-mer spectra for: 63
# XLabel:27-mer frequency
# YLabel:# distinct 27-mers
# Kmer value:27
# Input 1:<pipe>
###
1 1978493930
2 188499424
3 56785584
4 27883355
5 16230378
6 10865585
7 7616687
8 5563917
9 4146210
10 3169214
11 2497690
12 2048462
13 1758371
14 1590955
15 1506448
16 1486853
17 1514003
18 1588826
19 1717514
20 1915941
21 2185670
22 2555426
23 3024260
24 3619339
25 4344374
26 5185123
27 6147057
28 7200213
29 8331986
30 9500861
31 10631831
32 11725064
33 12679207
34 13515939
35 14131086
36 14528911
37 14679351
38 14593676
39 14280092
40 13761054
41 13060865
42 12203454
43 11242072
44 10211140
45 9151789
46 8104637
47 7093025
48 6130803
49 5251022
50 4463254
51 3761560
52 3162063
53 2641977
54 2212499
55 1872048
56 1603246
57 1401085
58 1254480
59 1162908
60 1109556
61 1095360
62 1108049
63 1144581
64 1198360
65 1265353
66 1339219
67 1414789
68 1492281
69 1569994
70 1644378
71 1709372
72 1765552
73 1810195
74 1847786
75 1873635
76 1884625
77 1875763
78 1857687
79 1829567
80 1788520
81 1738628
82 1678469
83 1608665
84 1534422
85 1454486
86 1373183
87 1284872
88 1197775
89 1109183
90 1025640
91 944427
92 869299
93 798971
94 732219
95 671822
96 614906
97 567286
98 524800
99 486059
100 451722
101 422518
102 396768
103 376185
104 360051
105 346809
106 335964
107 325965
108 319207
109 314609
110 310337
111 306775
112 302965
113 299679
114 295078
115 291371
116 289975
117 285270
118 282379
119 276381
120 272034
121 266650
122 260602
123 255592
124 248502
125 242171
126 235110
127 229633
128 222899
129 216769
130 209555
131 202700
132 196485
133 190293
134 185143
135 181057
136 176561
137 172075
138 168352
139 165230
140 162194
141 159153
142 157141
143 154690
144 152531
145 150687
146 149679
147 148138
148 147349
149 145341
150 144065
151 143746
152 142019
153 141707
154 140197
155 138631
156 137941
157 136188
158 135251
159 133060
160 132000
161 130123
162 127745
163 126055
164 123895
165 122626
166 120685
167 118206
168 115758
169 114266
170 112272
171 110875
172 108342
173 106682
174 105408
175 103150
176 101060
177 98828
178 97521
179 96011
180 94413
181 93154
182 91807
183 90259
184 89033
185 88197
186 87040
187 86663
188 85416
189 84007
190 82840
191 82386
192 81327
193 80476
194 79931
195 78280
196 77937
197 77559
198 76573
199 75641
200 74932
201 74016
202 73838
203 72628
204 71868
205 70665
206 70112
207 69575
208 68848
209 67932
210 67361
211 66001
212 66166
213 64910
214 64681
215 63428
216 62253
217 61295
218 60778
219 59956
220 59166
221 58984
222 58084
223 57489
224 57074
225 56056
226 55611
227 55274
228 54337
229 54087
230 53845
231 53816
232 52882
233 52200
234 51900
235 51157
236 50943
237 50590
238 50213
239 49997
240 49283
241 49072
242 48687
243 47806
244 47558
245 47309
246 46433
247 46488
248 45859
249 45573
250 45093
251 44664
252 43967
253 43640
254 43257
255 42403
256 41930
257 41589
258 41012
259 40776
260 40237
261 40420
262 39822
263 39299
264 38908
265 38597
266 38126
267 38297
268 37293
269 37640
270 37303
271 37191
272 36528
273 35969
274 36188
275 36012
276 35288
277 35205
278 35189
279 34951
280 34435
281 34293
282 33749
283 33717
284 32769
285 33016
286 32805
287 32701
288 32160
289 32021
290 32037
291 31631
292 31507
293 30919
294 30629
295 30782
296 29947
297 30046
298 29586
299 29276
300 29517
301 29017
302 28661
303 28426
304 28600
305 28350
306 27913
307 27625
308 27619
309 26942
310 27136
311 27063
312 26468
313 26489
314 26518
315 26215
316 26081
317 25879
318 25695
319 25541
320 25243
321 25008
322 25007
323 24986
324 24675
325 24225
326 24294
327 24149
328 24204
329 23872
330 23685
331 23716
332 23286
333 22960
334 23136
335 22591
336 22828
337 22662
338 22339
339 22086
340 21974
341 22028
342 21874
343 21533
344 21415
345 21339
346 21224
347 21146
348 20889
349 20812
350 20542
351 20741
352 20482
353 20372
354 20184
355 19993
356 20067
357 19815
358 19405
359 19669
360 19375
361 19357
362 19297
363 19045
364 18790
365 18879
366 18979
367 18405
368 18563
369 18331
370 18184
371 18242
372 17944
373 18293
374 17953
375 17944
376 18034
377 17465
378 17527
379 17342
380 17365
381 17006
382 16919
383 17063
384 16846
385 16883
386 16811
387 16607
388 16729
389 16528
390 16356
391 16535
392 16149
393 16316
394 15871
395 15933
396 15831
397 16104
398 15651
399 15671
400 15576
401 15436
402 15227
403 15414
404 14987
405 14828
406 14850
407 14747
408 14749
409 14693
410 14568
411 14484
412 14626
413 14339
414 14397
415 14476
416 14248
417 14245
418 13941
419 13985
420 13944
421 13879
422 13844
423 13735
424 13709
425 13509
426 13549
427 13273
428 13405
429 13505
430 13159
431 13347
432 13289
433 13038
434 12976
435 13009
436 12928
437 12805
438 12940
439 12654
440 13018
441 12596
442 12694
443 12613
444 12770
445 12290
446 12387
447 12354
448 12230
449 12221
450 12159
451 12303
452 12007
453 11755
454 11864
455 11830
456 11784
457 11927
458 11609
459 11627
460 11558
461 11589
462 11548
463 11534
464 11315
465 11368
466 11371
467 11153
468 11318
469 11064
470 10870
471 10814
472 10832
473 10932
474 10879
475 10831
476 10768
477 10621
478 10773
479 10604
480 10866
481 10515
482 10511
483 10505
484 10313
485 10190
486 10352
487 10252
488 10093
489 10209
490 10126
491 10066
492 9868
493 9880
494 9762
495 9965
496 9913
497 9667
498 9902
499 9723
500 9618
501 9790
502 9623
503 9514
504 9613
505 9399
506 9523
507 9348
508 9570
509 9479
510 9306
511 9305
512 9234
513 9328
514 9231
515 9292
516 9211
517 9161
518 9007
519 9057
520 8994
521 9136
522 9017
523 8879
524 8978
525 8925
526 8847
527 8772
528 8648
529 8539
530 8617
531 8624
532 8401
533 8355
534 8438
535 8342
536 8212
537 8387
538 8311
539 8342
540 8378
541 8383
542 8265
543 8156
544 8282
545 8305
546 8123
547 8096
548 8034
549 8200
550 8050
551 8087
552 8056
553 7924
554 8110
555 7979
556 7902
557 7762
558 7944
559 7756
560 7883
561 7793
562 7701
563 7636
564 7629
565 7405
566 7638
567 7572
568 7440
569 7497
570 7372
571 7419
572 7403
573 7248
574 7230
575 7262
576 7343
577 7185
578 7156
579 7238
580 7207
581 7186
582 7044
583 7256
584 7040
585 7050
586 7058
587 7082
588 7075
589 7088
590 7063
591 6864
592 7042
593 7027
594 6786
595 6996
596 6899
597 6897
598 6847
599 6890
600 6971
601 6797
602 6947
603 6874
604 6674
605 6627
606 6653
607 6680
608 6540
609 6636
610 6706
611 6480
612 6493
613 6564
614 6505
615 6429
616 6382
617 6271
618 6383
619 6353
620 6251
621 6436
622 6318
623 6479
624 6217
625 6409
626 6167
627 6185
628 6131
629 6234
630 6156
631 6165
632 6171
633 6054
634 6039
635 5953
636 6035
637 6007
638 5887
639 6146
640 5938
641 5990
642 5952
643 5885
644 5821
645 5976
646 5962
647 6032
648 5936
649 5929
650 5878
651 5851
652 5805
653 5869
654 5914
655 5769
656 5842
657 5598
658 5610
659 5561
660 5661
661 5575
662 5654
663 5596
664 5548
665 5616
666 5615
667 5544
668 5519
669 5492
670 5524
671 5587
672 5620
673 5574
674 5571
675 5584
676 5572
677 5491
678 5497
679 5381
680 5392
681 5442
682 5437
683 5364
684 5317
685 5497
686 5469
687 5370
688 5359
689 5325
690 5279
691 5429
692 5259
693 5418
694 5436
695 5302
696 5307
697 5331
698 5263
699 5311
700 5416
701 5276
702 5262
703 5336
704 5203
705 5149
706 5297
707 5177
708 5274
709 5246
710 5270
711 5271
712 5303
713 5147
714 5353
715 5224
716 5157
717 5064
718 5271
719 5230
720 5111
721 5187
722 5187
723 5158
724 5165
725 5127
726 4999
727 5093
728 5169
729 5185
730 5209
731 5237
732 5172
733 5277
734 5168
735 5100
736 5119
737 5230
738 5275
739 5175
740 5132
741 5260
742 5193
743 5333
744 5257
745 5262
746 5160
747 5268
748 5166
749 5186
750 5237
751 5214
752 5228
753 5262
754 5104
755 5257
756 5087
757 5337
758 5292
759 5340
760 5224
761 5352
762 5243
763 5267
764 5225
765 5198
766 5271
767 5377
768 5289
769 5318
770 5384
771 5292
772 5323
773 5430
774 5550
775 5510
776 5382
777 5315
778 5443
779 5348
780 5308
781 5207
782 5264
783 5307
784 5395
785 5243
786 5254
787 5235
788 5186
789 5225
790 5218
791 5259
792 5351
793 5372
794 5176
795 5347
796 5350
797 5243
798 5165
799 5177
800 5176
801 5213
802 5239
803 5162
804 5231
805 5138
806 5299
807 5246
808 5235
809 5183
810 5023
811 5152
812 5159
813 5162
814 5201
815 5109
816 5096
817 5244
818 5011
819 5070
820 5089
821 5084
822 4997
823 5043
824 4964
825 4948
826 5082
827 4980
828 4887
829 5080
830 4899
831 4972
832 4929
833 4900
834 4884
835 4926
836 4927
837 4922
838 4974
839 4920
840 4670
841 4892
842 4829
843 4786
844 4688
845 4708
846 4678
847 4726
848 4774
849 4582
850 4802
851 4651
852 4564
853 4587
854 4477
855 4548
856 4372
857 4492
858 4531
859 4452
860 4511
861 4411
862 4449
863 4418
864 4423
865 4531
866 4431
867 4405
868 4512
869 4345
870 4417
871 4437
872 4294
873 4443
874 4286
875 4325
876 4580
877 4335
878 4339
879 4373
880 4185
881 4161
882 4312
883 4184
884 4266
885 4161
886 4103
887 4017
888 4130
889 4098
890 4082
891 4081
892 4093
893 4189
894 3950
895 4044
896 4101
897 4065
898 4035
899 4031
900 4003
901 4115
902 3890
903 3967
904 3937
905 3853
906 3990
907 3875
908 3879
909 3904
910 3951
911 4001
912 3901
913 3858
914 3905
915 3856
916 3827
917 3931
918 3727
919 3796
920 3754
921 3904
922 3799
923 3762
924 3909
925 3730
926 3720
927 3882
928 3741
929 3796
930 3736
931 3707
932 3657
933 3606
934 3633
935 3573
936 3685
937 3628
938 3722
939 3579
940 3628
941 3708
942 3585
943 3590
944 3664
945 3620
946 3603
947 3552
948 3604
949 3570
950 3617
951 3571
952 3571
953 3556
954 3599
955 3478
956 3401
957 3602
958 3566
959 3567
960 3542
961 3465
962 3407
963 3411
964 3439
965 3347
966 3452
967 3381
968 3337
969 3263
970 3360
971 3340
972 3329
973 3215
974 3386
975 3341
976 3319
977 3282
978 3243
979 3228
980 3232
981 3268
982 3247
983 3238
984 3207
985 3134
986 3283
987 3096
988 3265
989 3250
990 3258
991 3264
992 3281
993 3110
994 3204
995 3158
996 3192
997 3282
998 3180
999 3097
1000 3201
1001 3054
1002 3010
1003 3114
1004 3050
1005 3109
1006 3052
1007 3089
1008 3067
1009 3120
1010 3076
1011 2935
1012 2918
1013 3036
1014 2940
1015 2970
1016 2929
1017 2960
1018 2951
1019 2940
1020 2907
1021 2917
1022 2942
1023 2947
1024 2960
1025 2841
1026 2898
1027 2951
1028 2840
1029 2704
1030 3028
1031 2892
1032 2937
1033 2863
1034 2892
1035 2875
1036 2859
1037 2883
1038 2710
1039 2820
1040 2816
1041 2886
1042 2829
1043 2828
1044 2742
1045 2787
1046 2856
1047 2727
1048 2737
1049 2765
1050 2725
1051 2616
1052 2647
1053 2596
1054 2648
1055 2658
1056 2583
1057 2584
1058 2532
1059 2522
1060 2555
1061 2593
1062 2560
1063 2549
1064 2553
1065 2485
1066 2621
1067 2584
1068 2459
1069 2588
1070 2444
1071 2388
1072 2479
1073 2482
1074 2458
1075 2428
1076 2365
1077 2373
1078 2399
1079 2366
1080 2516
1081 2388
1082 2407
1083 2347
1084 2301
1085 2373
1086 2419
1087 2334
1088 2397
1089 2395
1090 2365
1091 2349
1092 2341
1093 2258
1094 2286
1095 2303
1096 2353
1097 2294
1098 2232
1099 2307
1100 2355
1101 2270
1102 2192
1103 2268
1104 2203
1105 2301
1106 2254
1107 2220
1108 2248
1109 2174
1110 2191
1111 2170
1112 2219
1113 2191
1114 2185
1115 2047
1116 2112
1117 2166
1118 2167
1119 2111
1120 2088
1121 2176
1122 2104
1123 2111
1124 2118
1125 2094
1126 2064
1127 2138
1128 2096
1129 2046
1130 2077
1131 2112
1132 2090
1133 2079
1134 2012
1135 1992
1136 2027
1137 1964
1138 2021
1139 1929
1140 2045
1141 1941
1142 2044
1143 2026
1144 1948
1145 1991
1146 1931
1147 1945
1148 2035
1149 1957
1150 1901
1151 1911
1152 1886
1153 1940
1154 1899
1155 1954
1156 1897
1157 1833
1158 1841
1159 1871
1160 1923
1161 1855
1162 1784
1163 1848
1164 1798
1165 1869
1166 1787
1167 1745
1168 1788
1169 1775
1170 1767
1171 1801
1172 1824
1173 1750
1174 1819
1175 1797
1176 1797
1177 1808
1178 1717
1179 1655
1180 1730
1181 1715
1182 1714
1183 1693
1184 1717
1185 1818
1186 1708
1187 1775
1188 1704
1189 1694
1190 1756
1191 1667
1192 1732
1193 1732
1194 1738
1195 1790
1196 1658
1197 1636
1198 1657
1199 1679
1200 1710
1201 1635
1202 1651
1203 1743
1204 1670
1205 1627
1206 1664
1207 1662
1208 1628
1209 1601
1210 1677
1211 1672
1212 1659
1213 1677
1214 1622
1215 1628
1216 1573
1217 1567
1218 1620
1219 1623
1220 1653
1221 1664
1222 1618
1223 1568
1224 1557
1225 1617
1226 1563
1227 1599
1228 1565
1229 1574
1230 1568
1231 1536
1232 1573
1233 1538
1234 1568
1235 1579
1236 1550
1237 1548
1238 1577
1239 1624
1240 1655
1241 1500
1242 1641
1243 1510
1244 1525
1245 1568
1246 1497
1247 1503
1248 1552
1249 1500
1250 1445
1251 1561
1252 1443
1253 1503
1254 1462
1255 1517
1256 1500
1257 1513
1258 1454
1259 1465
1260 1504
1261 1520
1262 1532
1263 1512
1264 1423
1265 1435
1266 1462
1267 1430
1268 1479
1269 1470
1270 1478
1271 1411
1272 1430
1273 1482
1274 1528
1275 1520
1276 1539
1277 1373
1278 1433
1279 1405
1280 1393
1281 1435
1282 1360
1283 1440
1284 1449
1285 1402
1286 1487
1287 1395
1288 1454
1289 1428
1290 1404
1291 1467
1292 1366
1293 1390
1294 1435
1295 1451
1296 1457
1297 1380
1298 1379
1299 1387
1300 1439
1301 1408
1302 1426
1303 1412
1304 1430
1305 1386
1306 1421
1307 1408
1308 1372
1309 1376
1310 1358
1311 1345
1312 1402
1313 1417
1314 1391
1315 1437
1316 1377
1317 1403
1318 1472
1319 1396
1320 1418
1321 1322
1322 1362
1323 1372
1324 1308
1325 1383
1326 1403
1327 1352
1328 1312
1329 1407
1330 1329
1331 1356
1332 1415
1333 1466
1334 1275
1335 1308
1336 1270
1337 1291
1338 1324
1339 1338
1340 1319
1341 1324
1342 1332
1343 1327
1344 1242
1345 1334
1346 1302
1347 1317
1348 1334
1349 1278
1350 1351
1351 1316
1352 1383
1353 1267
1354 1353
1355 1269
1356 1368
1357 1295
1358 1310
1359 1233
1360 1218
1361 1283
1362 1315
1363 1293
1364 1257
1365 1233
1366 1310
1367 1339
1368 1308
1369 1275
1370 1258
1371 1216
1372 1257
1373 1171
1374 1235
1375 1277
1376 1258
1377 1263
1378 1286
1379 1236
1380 1195
1381 1278
1382 1162
1383 1287
1384 1151
1385 1197
1386 1221
1387 1199
1388 1167
1389 1220
1390 1176
1391 1188
1392 1180
1393 1281
1394 1250
1395 1218
1396 1277
1397 1247
1398 1174
1399 1137
1400 1198
1401 1207
1402 1202
1403 1191
1404 1180
1405 1171
1406 1188
1407 1173
1408 1180
1409 1182
1410 1156
1411 1200
1412 1125
1413 1167
1414 1236
1415 1234
1416 1203
1417 1158
1418 1220
1419 1247
1420 1147
1421 1151
1422 1205
1423 1206
1424 1107
1425 1150
1426 1131
1427 1119
1428 1111
1429 1118
1430 1216
1431 1125
1432 1154
1433 1059
1434 1125
1435 1116
1436 1113
1437 1080
1438 1139
1439 1130
1440 1075
1441 1160
1442 1148
1443 1138
1444 1152
1445 1155
1446 1098
1447 1091
1448 1144
1449 1131
1450 1124
1451 1071
1452 1131
1453 1073
1454 1078
1455 1154
1456 1152
1457 1106
1458 1090
1459 1119
1460 1142
1461 1130
1462 1148
1463 1118
1464 1090
1465 1056
1466 1104
1467 1020
1468 1084
1469 1132
1470 1164
1471 1144
1472 1107
1473 1120
1474 1150
1475 1166
1476 1100
1477 1073
1478 1123
1479 1086
1480 1144
1481 1072
1482 1102
1483 1072
1484 1058
1485 1093
1486 1139
1487 1123
1488 1087
1489 1068
1490 1076
1491 1097
1492 1081
1493 1076
1494 1065
1495 1033
1496 1071
1497 1087
1498 1112
1499 1079
1500 1054
1501 1078
1502 1077
1503 1016
1504 1085
1505 1103
1506 1012
1507 979
1508 1060
1509 1062
1510 1036
1511 1072
1512 1068
1513 983
1514 1054
1515 1004
1516 1052
1517 1122
1518 1028
1519 1085
1520 1049
1521 1062
1522 1004
1523 1033
1524 1067
1525 1001
1526 1063
1527 975
1528 994
1529 1041
1530 1001
1531 995
1532 999
1533 1013
1534 971
1535 988
1536 1035
1537 1016
1538 994
1539 1021
1540 1045
1541 990
1542 1038
1543 967
1544 1039
1545 1082
1546 988
1547 1000
1548 1028
1549 998
1550 981
1551 1019
1552 1001
1553 963
1554 969
1555 1027
1556 992
1557 967
1558 906
1559 971
1560 975
1561 951
1562 992
1563 1016
1564 999
1565 961
1566 938
1567 1012
1568 952
1569 956
1570 1024
1571 962
1572 966
1573 958
1574 907
1575 951
1576 957
1577 1024
1578 988
1579 1011
1580 963
1581 940
1582 961
1583 978
1584 921
1585 984
1586 955
1587 939
1588 989
1589 911
1590 984
1591 902
1592 944
1593 928
1594 960
1595 944
1596 931
1597 952
1598 979
1599 938
1600 937
1601 955
1602 898
1603 855
1604 958
1605 951
1606 923
1607 923
1608 858
1609 945
1610 968
1611 860
1612 918
1613 918
1614 903
1615 913
1616 966
1617 903
1618 891
1619 946
1620 909
1621 935
1622 896
1623 912
1624 933
1625 914
1626 884
1627 919
1628 883
1629 924
1630 914
1631 937
1632 911
1633 933
1634 907
1635 920
1636 934
1637 962
1638 925
1639 918
1640 904
1641 918
1642 954
1643 936
1644 901
1645 887
1646 892
1647 946
1648 907
1649 851
1650 915
1651 903
1652 916
1653 903
1654 892
1655 907
1656 895
1657 881
1658 839
1659 891
1660 876
1661 901
1662 928
1663 869
1664 882
1665 836
1666 887
1667 847
1668 888
1669 873
1670 860
1671 889
1672 864
1673 914
1674 875
1675 868
1676 938
1677 860
1678 848
1679 907
1680 937
1681 866
1682 865
1683 861
1684 933
1685 870
1686 877
1687 917
1688 837
1689 899
1690 906
1691 847
1692 882
1693 906
1694 877
1695 894
1696 839
1697 875
1698 870
1699 905
1700 881
1701 864
1702 849
1703 867
1704 852
1705 897
1706 873
1707 907
1708 872
1709 849
1710 847
1711 836
1712 853
1713 823
1714 827
1715 816
1716 876
1717 888
1718 857
1719 881
1720 907
1721 901
1722 820
1723 849
1724 922
1725 904
1726 892
1727 822
1728 888
1729 837
1730 820
1731 830
1732 834
1733 814
1734 791
1735 846
1736 809
1737 868
1738 798
1739 816
1740 835
1741 864
1742 786
1743 849
1744 780
1745 814
1746 790
1747 811
1748 804
1749 797
1750 800
1751 777
1752 809
1753 802
1754 838
1755 836
1756 845
1757 837
1758 831
1759 860
1760 818
1761 785
1762 850
1763 818
1764 859
1765 858
1766 805
1767 843
1768 808
1769 821
1770 782
1771 813
1772 784
1773 801
1774 855
1775 843
1776 807
1777 772
1778 825
1779 782
1780 806
1781 840
1782 879
1783 767
1784 903
1785 753
1786 795
1787 804
1788 772
1789 783
1790 781
1791 809
1792 788
1793 814
1794 777
1795 763
1796 788
1797 789
1798 807
1799 786
1800 771
1801 830
1802 838
1803 798
1804 821
1805 742
1806 754
1807 764
1808 831
1809 776
1810 777
1811 776
1812 797
1813 752
1814 760
1815 717
1816 820
1817 813
1818 802
1819 764
1820 760
1821 769
1822 777
1823 771
1824 745
1825 770
1826 749
1827 747
1828 732
1829 805
1830 772
1831 722
1832 808
1833 740
1834 764
1835 738
1836 760
1837 770
1838 736
1839 789
1840 770
1841 714
1842 800
1843 777
1844 733
1845 792
1846 741
1847 692
1848 783
1849 771
1850 753
1851 741
1852 710
1853 706
1854 739
1855 706
1856 772
1857 720
1858 740
1859 731
1860 765
1861 764
1862 725
1863 737
1864 677
1865 725
1866 693
1867 724
1868 664
1869 738
1870 714
1871 671
1872 697
1873 709
1874 740
1875 719
1876 734
1877 715
1878 692
1879 673
1880 702
1881 699
1882 678
1883 642
1884 651
1885 718
1886 736
1887 687
1888 683
1889 754
1890 772
1891 692
1892 737
1893 670
1894 705
1895 703
1896 706
1897 676
1898 684
1899 671
1900 681
1901 669
1902 692
1903 670
1904 661
1905 659
1906 678
1907 644
1908 706
1909 693
1910 683
1911 664
1912 660
1913 669
1914 624
1915 688
1916 653
1917 645
1918 673
1919 696
1920 702
1921 658
1922 681
1923 683
1924 675
1925 664
1926 680
1927 627
1928 658
1929 711
1930 641
1931 659
1932 676
1933 586
1934 646
1935 687
1936 667
1937 682
1938 646
1939 636
1940 649
1941 629
1942 641
1943 643
1944 640
1945 593
1946 671
1947 606
1948 588
1949 678
1950 648
1951 667
1952 655
1953 602
1954 655
1955 637
1956 643
1957 608
1958 643
1959 668
1960 602
1961 632
1962 620
1963 646
1964 634
1965 606
1966 640
1967 626
1968 636
1969 608
1970 571
1971 665
1972 638
1973 639
1974 593
1975 651
1976 647
1977 599
1978 660
1979 656
1980 638
1981 624
1982 619
1983 620
1984 633
1985 608
1986 678
1987 620
1988 621
1989 631
1990 629
1991 610
1992 646
1993 637
1994 621
1995 615
1996 595
1997 603
1998 643
1999 643
2000 594
2001 609
2002 612
2003 618
2004 600
2005 598
2006 601
2007 643
2008 615
2009 591
2010 596
2011 588
2012 587
2013 543
2014 597
2015 532
2016 597
2017 564
2018 598
2019 618
2020 598
2021 559
2022 598
2023 585
2024 609
2025 638
2026 558
2027 609
2028 577
2029 615
2030 603
2031 631
2032 597
2033 554
2034 616
2035 565
2036 577
2037 565
2038 554
2039 597
2040 613
2041 609
2042 639
2043 591
2044 561
2045 600
2046 615
2047 571
2048 589
2049 631
2050 574
2051 561
2052 561
2053 594
2054 543
2055 562
2056 541
2057 564
2058 606
2059 573
2060 568
2061 565
2062 598
2063 587
2064 608
2065 577
2066 583
2067 582
2068 590
2069 592
2070 570
2071 539
2072 597
2073 532
2074 589
2075 560
2076 544
2077 567
2078 546
2079 557
2080 585
2081 579
2082 560
2083 586
2084 548
2085 563
2086 549
2087 549
2088 571
2089 533
2090 547
2091 605
2092 593
2093 577
2094 506
2095 522
2096 584
2097 571
2098 539
2099 559
2100 580
2101 603
2102 574
2103 565
2104 557
2105 555
2106 593
2107 602
2108 559
2109 557
2110 582
2111 577
2112 558
2113 603
2114 528
2115 586
2116 569
2117 591
2118 534
2119 542
2120 542
2121 570
2122 539
2123 503
2124 494
2125 546
2126 541
2127 537
2128 525
2129 554
2130 501
2131 551
2132 545
2133 520
2134 526
2135 506
2136 515
2137 518
2138 530
2139 527
2140 523
2141 522
2142 570
2143 560
2144 503
2145 531
2146 497
2147 551
2148 544
2149 512
2150 524
2151 485
2152 528
2153 556
2154 540
2155 543
2156 543
2157 521
2158 497
2159 510
2160 531
2161 527
2162 534
2163 565
2164 477
2165 550
2166 487
2167 454
2168 513
2169 533
2170 571
2171 526
2172 514
2173 522
2174 508
2175 513
2176 556
2177 510
2178 537
2179 500
2180 479
2181 536
2182 515
2183 539
2184 585
2185 509
2186 537
2187 488
2188 521
2189 514
2190 494
2191 518
2192 507
2193 524
2194 523
2195 481
2196 533
2197 536
2198 476
2199 513
2200 507
2201 479
2202 557
2203 489
2204 523
2205 522
2206 527
2207 525
2208 543
2209 516
2210 502
2211 494
2212 514
2213 488
2214 503
2215 467
2216 512
2217 500
2218 525
2219 512
2220 537
2221 502
2222 537
2223 489
2224 534
2225 500
2226 546
2227 489
2228 532
2229 481
2230 487
2231 509
2232 515
2233 450
2234 479
2235 492
2236 509
2237 534
2238 489
2239 502
2240 464
2241 468
2242 503
2243 481
2244 490
2245 496
2246 474
2247 473
2248 492
2249 528
2250 510
2251 472
2252 484
2253 504
2254 532
2255 462
2256 487
2257 469
2258 487
2259 467
2260 499
2261 480
2262 480
2263 466
2264 469
2265 512
2266 471
2267 468
2268 515
2269 506
2270 464
2271 467
2272 492
2273 509
2274 461
2275 467
2276 484
2277 511
2278 473
2279 541
2280 495
2281 471
2282 489
2283 485
2284 439
2285 470
2286 477
2287 477
2288 502
2289 446
2290 492
2291 441
2292 458
2293 428
2294 457
2295 457
2296 454
2297 505
2298 453
2299 479
2300 433
2301 464
2302 501
2303 487
2304 433
2305 456
2306 429
2307 469
2308 472
2309 462
2310 433
2311 440
2312 440
2313 464
2314 466
2315 471
2316 456
2317 440
2318 447
2319 449
2320 474
2321 456
2322 478
2323 443
2324 448
2325 453
2326 429
2327 472
2328 433
2329 450
2330 469
2331 460
2332 432
2333 425
2334 446
2335 445
2336 470
2337 463
2338 479
2339 438
2340 445
2341 436
2342 461
2343 434
2344 466
2345 454
2346 504
2347 433
2348 454
2349 486
2350 456
2351 468
2352 459
2353 383
2354 436
2355 480
2356 447
2357 465
2358 389
2359 473
2360 402
2361 440
2362 448
2363 436
2364 459
2365 470
2366 461
2367 431
2368 397
2369 403
2370 452
2371 435
2372 437
2373 433
2374 435
2375 424
2376 407
2377 489
2378 417
2379 483
2380 398
2381 432
2382 426
2383 423
2384 446
2385 423
2386 427
2387 442
2388 464
2389 451
2390 462
2391 457
2392 421
2393 442
2394 400
2395 465
2396 435
2397 429
2398 412
2399 400
2400 442
2401 433
2402 451
2403 403
2404 468
2405 431
2406 450
2407 437
2408 433
2409 433
2410 448
2411 427
2412 408
2413 448
2414 438
2415 410
2416 450
2417 430
2418 454
2419 432
2420 432
2421 439
2422 424
2423 458
2424 454
2425 428
2426 415
2427 440
2428 440
2429 389
2430 437
2431 444
2432 426
2433 415
2434 398
2435 419
2436 411
2437 431
2438 413
2439 411
2440 399
2441 410
2442 383
2443 433
2444 431
2445 415
2446 407
2447 395
2448 440
2449 434
2450 387
2451 471
2452 413
2453 391
2454 402
2455 427
2456 414
2457 426
2458 389
2459 405
2460 410
2461 434
2462 399
2463 421
2464 422
2465 412
2466 434
2467 422
2468 390
2469 418
2470 421
2471 399
2472 432
2473 381
2474 417
2475 410
2476 405
2477 417
2478 418
2479 380
2480 380
2481 401
2482 385
2483 377
2484 401
2485 390
2486 403
2487 437
2488 413
2489 385
2490 397
2491 417
2492 395
2493 408
2494 354
2495 385
2496 360
2497 370
2498 364
2499 384
2500 381
2501 402
2502 377
2503 437
2504 437
2505 396
2506 378
2507 360
2508 382
2509 406
2510 371
2511 388
2512 399
2513 399
2514 385
2515 359
2516 395
2517 403
2518 382
2519 418
2520 369
2521 364
2522 379
2523 413
2524 401
2525 373
2526 393
2527 400
2528 374
2529 375
2530 426
2531 370
2532 352
2533 378
2534 392
2535 355
2536 370
2537 409
2538 422
2539 364
2540 401
2541 361
2542 399
2543 378
2544 365
2545 404
2546 346
2547 353
2548 320
2549 378
2550 357
2551 345
2552 341
2553 368
2554 393
2555 373
2556 373
2557 378
2558 403
2559 368
2560 368
2561 371
2562 375
2563 402
2564 349
2565 380
2566 369
2567 364
2568 361
2569 345
2570 362
2571 345
2572 345
2573 362
2574 379
2575 350
2576 344
2577 352
2578 362
2579 367
2580 363
2581 379
2582 409
2583 400
2584 368
2585 400
2586 362
2587 351
2588 351
2589 350
2590 348
2591 368
2592 372
2593 369
2594 410
2595 374
2596 380
2597 381
2598 353
2599 341
2600 344
2601 345
2602 317
2603 341
2604 343
2605 347
2606 320
2607 345
2608 390
2609 371
2610 352
2611 362
2612 381
2613 378
2614 336
2615 355
2616 364
2617 349
2618 405
2619 340
2620 353
2621 361
2622 336
2623 342
2624 352
2625 351
2626 355
2627 364
2628 329
2629 363
2630 356
2631 348
2632 366
2633 344
2634 336
2635 316
2636 323
2637 369
2638 309
2639 343
2640 306
2641 333
2642 359
2643 358
2644 324
2645 352
2646 354
2647 338
2648 329
2649 394
2650 378
2651 341
2652 348
2653 372
2654 338
2655 393
2656 315
2657 378
2658 335
2659 310
2660 341
2661 353
2662 358
2663 358
2664 338
2665 376
2666 350
2667 353
2668 379
2669 342
2670 348
2671 354
2672 343
2673 360
2674 322
2675 336
2676 317
2677 324
2678 301
2679 317
2680 310
2681 312
2682 353
2683 349
2684 354
2685 318
2686 309
2687 303
2688 315
2689 311
2690 327
2691 342
2692 325
2693 350
2694 324
2695 358
2696 334
2697 364
2698 363
2699 327
2700 337
2701 375
2702 315
2703 328
2704 346
2705 357
2706 347
2707 316
2708 347
2709 337
2710 356
2711 360
2712 349
2713 330
2714 313
2715 316
2716 328
2717 314
2718 332
2719 346
2720 325
2721 323
2722 342
2723 321
2724 323
2725 325
2726 339
2727 341
2728 320
2729 326
2730 310
2731 344
2732 317
2733 341
2734 328
2735 371
2736 355
2737 303
2738 341
2739 342
2740 339
2741 321
2742 310
2743 305
2744 321
2745 314
2746 343
2747 333
2748 320
2749 296
2750 297
2751 329
2752 290
2753 347
2754 313
2755 318
2756 303
2757 348
2758 301
2759 327
2760 284
2761 312
2762 322
2763 327
2764 329
2765 351
2766 274
2767 309
2768 312
2769 346
2770 322
2771 322
2772 325
2773 296
2774 290
2775 311
2776 299
2777 312
2778 321
2779 336
2780 286
2781 306
2782 301
2783 298
2784 321
2785 298
2786 339
2787 279
2788 310
2789 319
2790 355
2791 287
2792 294
2793 305
2794 310
2795 282
2796 306
2797 309
2798 330
2799 316
2800 259
2801 292
2802 294
2803 313
2804 330
2805 326
2806 320
2807 307
2808 311
2809 302
2810 316
2811 311
2812 276
2813 309
2814 308
2815 312
2816 291
2817 266
2818 284
2819 314
2820 319
2821 329
2822 309
2823 299
2824 282
2825 280
2826 305
2827 312
2828 278
2829 258
2830 322
2831 306
2832 291
2833 318
2834 302
2835 340
2836 296
2837 327
2838 316
2839 266
2840 327
2841 288
2842 319
2843 278
2844 297
2845 316
2846 282
2847 304
2848 291
2849 321
2850 285
2851 280
2852 294
2853 285
2854 311
2855 280
2856 312
2857 310
2858 282
2859 298
2860 318
2861 289
2862 302
2863 293
2864 284
2865 282
2866 301
2867 283
2868 320
2869 293
2870 305
2871 294
2872 304
2873 291
2874 283
2875 330
2876 327
2877 262
2878 262
2879 302
2880 274
2881 294
2882 280
2883 289
2884 302
2885 320
2886 315
2887 297
2888 276
2889 305
2890 308
2891 307
2892 300
2893 286
2894 275
2895 270
2896 284
2897 277
2898 302
2899 278
2900 285
2901 306
2902 289
2903 301
2904 288
2905 272
2906 293
2907 294
2908 312
2909 285
2910 253
2911 293
2912 303
2913 277
2914 253
2915 279
2916 287
2917 271
2918 292
2919 295
2920 293
2921 248
2922 291
2923 266
2924 277
2925 272
2926 316
2927 261
2928 280
2929 278
2930 298
2931 287
2932 273
2933 268
2934 297
2935 278
2936 290
2937 263
2938 282
2939 311
2940 263
2941 305
2942 282
2943 290
2944 287
2945 262
2946 282
2947 297
2948 240
2949 292
2950 270
2951 258
2952 291
2953 268
2954 239
2955 272
2956 259
2957 285
2958 277
2959 311
2960 288
2961 274
2962 263
2963 276
2964 272
2965 292
2966 301
2967 261
2968 252
2969 264
2970 302
2971 280
2972 299
2973 273
2974 274
2975 305
2976 286
2977 264
2978 300
2979 264
2980 260
2981 296
2982 272
2983 278
2984 263
2985 250
2986 266
2987 268
2988 273
2989 272
2990 288
2991 255
2992 265
2993 259
2994 242
2995 310
2996 261
2997 290
2998 274
2999 257
3000 285
3001 250
3002 252
3003 282
3004 315
3005 264
3006 264
3007 252
3008 263
3009 282
3010 296
3011 269
3012 292
3013 243
3014 254
3015 264
3016 241
3017 289
3018 282
3019 273
3020 232
3021 259
3022 257
3023 293
3024 263
3025 263
3026 260
3027 261
3028 251
3029 267
3030 265
3031 264
3032 249
3033 274
3034 278
3035 254
3036 271
3037 276
3038 256
3039 287
3040 273
3041 269
3042 261
3043 236
3044 242
3045 243
3046 260
3047 279
3048 263
3049 302
3050 261
3051 287
3052 253
3053 231
3054 246
3055 251
3056 263
3057 264
3058 283
3059 258
3060 256
3061 290
3062 243
3063 244
3064 266
3065 303
3066 223
3067 253
3068 288
3069 264
3070 236
3071 265
3072 259
3073 241
3074 250
3075 245
3076 270
3077 282
3078 258
3079 262
3080 233
3081 234
3082 270
3083 235
3084 260
3085 265
3086 254
3087 224
3088 275
3089 246
3090 257
3091 251
3092 258
3093 260
3094 246
3095 276
3096 240
3097 245
3098 267
3099 293
3100 240
3101 249
3102 264
3103 281
3104 244
3105 237
3106 261
3107 263
3108 249
3109 242
3110 241
3111 259
3112 270
3113 264
3114 234
3115 265
3116 263
3117 256
3118 267
3119 250
3120 250
3121 253
3122 253
3123 243
3124 273
3125 221
3126 282
3127 243
3128 246
3129 255
3130 233
3131 273
3132 261
3133 231
3134 266
3135 240
3136 261
3137 216
3138 251
3139 235
3140 262
3141 237
3142 277
3143 230
3144 242
3145 266
3146 244
3147 249
3148 232
3149 236
3150 232
3151 237
3152 245
3153 280
3154 256
3155 261
3156 227
3157 246
3158 281
3159 255
3160 249
3161 224
3162 232
3163 250
3164 263
3165 240
3166 266
3167 236
3168 238
3169 256
3170 242
3171 236
3172 258
3173 264
3174 273
3175 235
3176 235
3177 231
3178 255
3179 256
3180 244
3181 276
3182 244
3183 235
3184 266
3185 234
3186 239
3187 256
3188 237
3189 262
3190 221
3191 257
3192 245
3193 239
3194 235
3195 236
3196 244
3197 250
3198 238
3199 241
3200 254
3201 202
3202 274
3203 216
3204 236
3205 252
3206 253
3207 254
3208 237
3209 266
3210 263
3211 263
3212 214
3213 263
3214 227
3215 240
3216 226
3217 234
3218 229
3219 256
3220 250
3221 267
3222 253
3223 249
3224 247
3225 244
3226 237
3227 279
3228 230
3229 209
3230 234
3231 267
3232 233
3233 232
3234 263
3235 228
3236 229
3237 239
3238 224
3239 235
3240 263
3241 253
3242 225
3243 230
3244 237
3245 226
3246 247
3247 249
3248 245
3249 231
3250 234
3251 250
3252 212
3253 240
3254 243
3255 247
3256 239
3257 254
3258 243
3259 235
3260 250
3261 212
3262 237
3263 261
3264 224
3265 204
3266 232
3267 215
3268 261
3269 238
3270 228
3271 218
3272 242
3273 231
3274 241
3275 225
3276 242
3277 230
3278 219
3279 238
3280 228
3281 238
3282 235
3283 247
3284 226
3285 223
3286 201
3287 226
3288 225
3289 211
3290 229
3291 223
3292 248
3293 252
3294 239
3295 249
3296 230
3297 208
3298 221
3299 221
3300 213
3301 226
3302 249
3303 227
3304 243
3305 252
3306 231
3307 193
3308 208
3309 227
3310 219
3311 244
3312 227
3313 204
3314 274
3315 218
3316 225
3317 232
3318 223
3319 237
3320 208
3321 216
3322 234
3323 194
3324 235
3325 210
3326 222
3327 221
3328 228
3329 238
3330 234
3331 238
3332 224
3333 227
3334 218
3335 223
3336 242
3337 218
3338 239
3339 224
3340 234
3341 242
3342 226
3343 212
3344 201
3345 221
3346 237
3347 226
3348 218
3349 201
3350 207
3351 226
3352 231
3353 219
3354 225
3355 221
3356 233
3357 230
3358 212
3359 216
3360 202
3361 227
3362 227
3363 219
3364 211
3365 214
3366 207
3367 186
3368 238
3369 228
3370 222
3371 217
3372 223
3373 246
3374 216
3375 201
3376 210
3377 245
3378 239
3379 239
3380 234
3381 216
3382 232
3383 226
3384 206
3385 216
3386 222
3387 231
3388 235
3389 246
3390 231
3391 207
3392 195
3393 193
3394 233
3395 227
3396 203
3397 261
3398 232
3399 218
3400 244
3401 222
3402 233
3403 215
3404 222
3405 208
3406 208
3407 220
3408 199
3409 226
3410 235
3411 220
3412 211
3413 227
3414 227
3415 191
3416 219
3417 231
3418 210
3419 202
3420 224
3421 214
3422 208
3423 190
3424 206
3425 217
3426 209
3427 227
3428 206
3429 222
3430 224
3431 225
3432 220
3433 198
3434 213
3435 236
3436 225
3437 232
3438 221
3439 220
3440 219
3441 222
3442 218
3443 236
3444 225
3445 228
3446 215
3447 217
3448 248
3449 210
3450 234
3451 208
3452 222
3453 233
3454 242
3455 233
3456 215
3457 231
3458 225
3459 222
3460 226
3461 228
3462 238
3463 257
3464 213
3465 227
3466 254
3467 227
3468 219
3469 205
3470 222
3471 238
3472 244
3473 210
3474 200
3475 227
3476 196
3477 235
3478 225
3479 221
3480 225
3481 209
3482 207
3483 214
3484 214
3485 222
3486 217
3487 190
3488 203
3489 239
3490 194
3491 230
3492 219
3493 224
3494 225
3495 232
3496 236
3497 214
3498 202
3499 220
3500 219
3501 209
3502 213
3503 194
3504 205
3505 199
3506 207
3507 189
3508 237
3509 230
3510 200
3511 212
3512 209
3513 211
3514 210
3515 237
3516 205
3517 214
3518 198
3519 206
3520 204
3521 229
3522 209
3523 221
3524 235
3525 191
3526 222
3527 195
3528 196
3529 195
3530 213
3531 200
3532 207
3533 189
3534 189
3535 199
3536 207
3537 227
3538 226
3539 198
3540 205
3541 222
3542 200
3543 203
3544 199
3545 206
3546 214
3547 220
3548 202
3549 178
3550 229
3551 212
3552 199
3553 216
3554 212
3555 190
3556 218
3557 228
3558 216
3559 207
3560 229
3561 210
3562 174
3563 205
3564 250
3565 213
3566 202
3567 189
3568 210
3569 210
3570 224
3571 224
3572 212
3573 198
3574 180
3575 200
3576 200
3577 203
3578 208
3579 206
3580 209
3581 220
3582 190
3583 214
3584 238
3585 222
3586 180
3587 189
3588 185
3589 198
3590 205
3591 201
3592 188
3593 220
3594 216
3595 206
3596 188
3597 213
3598 215
3599 214
3600 214
3601 214
3602 190
3603 193
3604 196
3605 200
3606 194
3607 214
3608 202
3609 200
3610 194
3611 228
3612 204
3613 206
3614 205
3615 205
3616 203
3617 198
3618 186
3619 199
3620 181
3621 223
3622 219
3623 195
3624 210
3625 220
3626 211
3627 227
3628 238
3629 243
3630 215
3631 193
3632 197
3633 201
3634 180
3635 211
3636 194
3637 198
3638 247
3639 188
3640 193
3641 190
3642 174
3643 195
3644 199
3645 212
3646 175
3647 209
3648 209
3649 208
3650 189
3651 199
3652 202
3653 195
3654 202
3655 212
3656 202
3657 191
3658 208
3659 194
3660 170
3661 170
3662 194
3663 169
3664 215
3665 202
3666 195
3667 193
3668 194
3669 192
3670 184
3671 186
3672 204
3673 193
3674 205
3675 185
3676 199
3677 190
3678 203
3679 185
3680 193
3681 185
3682 173
3683 194
3684 180
3685 204
3686 186
3687 205
3688 210
3689 205
3690 201
3691 175
3692 196
3693 215
3694 191
3695 223
3696 210
3697 188
3698 197
3699 196
3700 204
3701 222
3702 192
3703 200
3704 195
3705 202
3706 216
3707 217
3708 187
3709 206
3710 183
3711 208
3712 210
3713 185
3714 169
3715 175
3716 188
3717 159
3718 170
3719 196
3720 182
3721 185
3722 204
3723 187
3724 164
3725 193
3726 180
3727 195
3728 175
3729 226
3730 210
3731 181
3732 217
3733 194
3734 207
3735 196
3736 218
3737 191
3738 179
3739 178
3740 205
3741 168
3742 202
3743 180
3744 196
3745 173
3746 180
3747 212
3748 195
3749 183
3750 208
3751 184
3752 188
3753 176
3754 197
3755 150
3756 155
3757 188
3758 174
3759 188
3760 203
3761 185
3762 172
3763 208
3764 168
3765 172
3766 186
3767 209
3768 206
3769 193
3770 207
3771 204
3772 189
3773 188
3774 200
3775 213
3776 199
3777 188
3778 174
3779 198
3780 168
3781 185
3782 175
3783 186
3784 204
3785 191
3786 188
3787 206
3788 199
3789 207
3790 181
3791 184
3792 178
3793 178
3794 175
3795 174
3796 182
3797 174
3798 199
3799 183
3800 179
3801 178
3802 198
3803 166
3804 183
3805 201
3806 157
3807 221
3808 189
3809 191
3810 191
3811 169
3812 189
3813 196
3814 180
3815 181
3816 191
3817 213
3818 152
3819 184
3820 190
3821 186
3822 171
3823 190
3824 170
3825 219
3826 179
3827 193
3828 178
3829 210
3830 179
3831 178
3832 173
3833 161
3834 214
3835 192
3836 186
3837 166
3838 202
3839 175
3840 168
3841 191
3842 186
3843 191
3844 188
3845 190
3846 157
3847 180
3848 200
3849 183
3850 185
3851 190
3852 210
3853 199
3854 181
3855 178
3856 183
3857 186
3858 179
3859 184
3860 172
3861 201
3862 198
3863 201
3864 176
3865 174
3866 194
3867 205
3868 174
3869 163
3870 188
3871 183
3872 177
3873 193
3874 179
3875 179
3876 196
3877 179
3878 154
3879 157
3880 181
3881 172
3882 190
3883 162
3884 163
3885 180
3886 204
3887 174
3888 176
3889 180
3890 185
3891 180
3892 193
3893 211
3894 182
3895 172
3896 192
3897 165
3898 169
3899 189
3900 178
3901 173
3902 185
3903 191
3904 184
3905 177
3906 200
3907 187
3908 187
3909 157
3910 152
3911 178
3912 168
3913 192
3914 177
3915 169
3916 157
3917 161
3918 183
3919 186
3920 181
3921 173
3922 187
3923 176
3924 174
3925 151
3926 174
3927 184
3928 201
3929 184
3930 179
3931 181
3932 190
3933 185
3934 173
3935 176
3936 190
3937 180
3938 191
3939 181
3940 170
3941 188
3942 166
3943 175
3944 205
3945 161
3946 163
3947 170
3948 197
3949 195
3950 157
3951 162
3952 170
3953 182
3954 156
3955 183
3956 163
3957 197
3958 173
3959 161
3960 156
3961 175
3962 170
3963 147
3964 191
3965 148
3966 188
3967 169
3968 180
3969 154
3970 146
3971 161
3972 164
3973 166
3974 166
3975 184
3976 152
3977 173
3978 181
3979 174
3980 178
3981 168
3982 173
3983 160
3984 165
3985 166
3986 176
3987 149
3988 169
3989 163
3990 189
3991 148
3992 172
3993 163
3994 157
3995 175
3996 167
3997 165
3998 141
3999 172
4000 165
4001 201
4002 178
4003 181
4004 154
4005 159
4006 135
4007 166
4008 147
4009 171
4010 139
4011 185
4012 160
4013 167
4014 148
4015 170
4016 173
4017 163
4018 166
4019 166
4020 164
4021 173
4022 153
4023 167
4024 132
4025 185
4026 181
4027 159
4028 179
4029 155
4030 178
4031 157
4032 143
4033 132
4034 160
4035 150
4036 159
4037 155
4038 174
4039 155
4040 159
4041 155
4042 165
4043 164
4044 165
4045 154
4046 158
4047 164
4048 169
4049 172
4050 175
4051 168
4052 159
4053 164
4054 160
4055 155
4056 158
4057 157
4058 170
4059 156
4060 147
4061 164
4062 145
4063 146
4064 178
4065 197
4066 166
4067 163
4068 165
4069 161
4070 161
4071 163
4072 156
4073 189
4074 160
4075 185
4076 168
4077 173
4078 175
4079 177
4080 162
4081 169
4082 175
4083 177
4084 140
4085 156
4086 163
4087 176
4088 158
4089 161
4090 151
4091 175
4092 180
4093 144
4094 183
4095 154
4096 172
4097 153
4098 174
4099 167
4100 167
4101 156
4102 153
4103 148
4104 171
4105 146
4106 186
4107 153
4108 140
4109 149
4110 166
4111 175
4112 156
4113 165
4114 150
4115 166
4116 182
4117 123
4118 146
4119 165
4120 166
4121 164
4122 174
4123 168
4124 168
4125 176
4126 160
4127 141
4128 153
4129 157
4130 162
4131 176
4132 156
4133 142
4134 185
4135 156
4136 176
4137 172
4138 139
4139 157
4140 144
4141 180
4142 165
4143 157
4144 170
4145 160
4146 172
4147 142
4148 171
4149 158
4150 166
4151 158
4152 161
4153 145
4154 155
4155 151
4156 160
4157 153
4158 172
4159 177
4160 162
4161 160
4162 154
4163 159
4164 145
4165 146
4166 146
4167 150
4168 166
4169 175
4170 154
4171 155
4172 160
4173 160
4174 163
4175 168
4176 165
4177 128
4178 130
4179 149
4180 140
4181 143
4182 158
4183 145
4184 147
4185 168
4186 162
4187 146
4188 165
4189 155
4190 171
4191 143
4192 150
4193 161
4194 181
4195 190
4196 169
4197 154
4198 137
4199 127
4200 155
4201 139
4202 169
4203 164
4204 150
4205 153
4206 145
4207 171
4208 149
4209 154
4210 157
4211 137
4212 149
4213 171
4214 146
4215 160
4216 159
4217 153
4218 141
4219 165
4220 158
4221 166
4222 152
4223 151
4224 167
4225 148
4226 175
4227 164
4228 147
4229 174
4230 166
4231 152
4232 146
4233 159
4234 155
4235 168
4236 154
4237 149
4238 141
4239 148
4240 160
4241 147
4242 150
4243 135
4244 170
4245 166
4246 128
4247 171
4248 165
4249 153
4250 143
4251 158
4252 142
4253 168
4254 160
4255 168
4256 137
4257 127
4258 157
4259 148
4260 128
4261 155
4262 185
4263 177
4264 132
4265 141
4266 149
4267 116
4268 143
4269 158
4270 150
4271 131
4272 158
4273 164
4274 157
4275 136
4276 149
4277 158
4278 130
4279 141
4280 146
4281 140
4282 190
4283 143
4284 153
4285 127
4286 158
4287 128
4288 153
4289 155
4290 144
4291 162
4292 134
4293 167
4294 137
4295 152
4296 145
4297 146
4298 147
4299 160
4300 146
4301 147
4302 137
4303 137
4304 179
4305 154
4306 144
4307 144
4308 136
4309 139
4310 152
4311 162
4312 126
4313 118
4314 142
4315 129
4316 161
4317 115
4318 156
4319 144
4320 158
4321 155
4322 167
4323 142
4324 145
4325 153
4326 143
4327 131
4328 140
4329 138
4330 146
4331 153
4332 157
4333 151
4334 175
4335 149
4336 156
4337 148
4338 148
4339 153
4340 156
4341 151
4342 153
4343 149
4344 136
4345 173
4346 140
4347 137
4348 144
4349 139
4350 125
4351 121
4352 158
4353 150
4354 131
4355 146
4356 154
4357 157
4358 167
4359 143
4360 160
4361 133
4362 149
4363 164
4364 140
4365 156
4366 154
4367 153
4368 142
4369 141
4370 167
4371 151
4372 138
4373 126
4374 131
4375 142
4376 156
4377 136
4378 163
4379 164
4380 141
4381 150
4382 141
4383 136
4384 145
4385 142
4386 130
4387 158
4388 119
4389 128
4390 139
4391 130
4392 128
4393 139
4394 120
4395 136
4396 139
4397 125
4398 121
4399 138
4400 150
4401 118
4402 158
4403 138
4404 145
4405 129
4406 159
4407 125
4408 143
4409 135
4410 130
4411 131
4412 137
4413 140
4414 128
4415 141
4416 146
4417 130
4418 154
4419 150
4420 154
4421 136
4422 140
4423 138
4424 154
4425 135
4426 138
4427 127
4428 140
4429 121
4430 137
4431 158
4432 139
4433 130
4434 141
4435 138
4436 123
4437 135
4438 147
4439 160
4440 145
4441 140
4442 142
4443 153
4444 133
4445 148
4446 129
4447 148
4448 137
4449 161
4450 128
4451 140
4452 134
4453 162
4454 150
4455 129
4456 143
4457 137
4458 117
4459 122
4460 149
4461 143
4462 130
4463 139
4464 146
4465 142
4466 125
4467 131
4468 145
4469 133
4470 123
4471 145
4472 139
4473 130
4474 140
4475 141
4476 132
4477 159
4478 137
4479 112
4480 127
4481 175
4482 129
4483 133
4484 134
4485 123
4486 131
4487 141
4488 139
4489 155
4490 129
4491 134
4492 151
4493 152
4494 135
4495 154
4496 143
4497 152
4498 115
4499 143
4500 149
4501 134
4502 123
4503 125
4504 129
4505 132
4506 165
4507 139
4508 123
4509 131
4510 124
4511 130
4512 120
4513 150
4514 139
4515 138
4516 143
4517 136
4518 115
4519 121
4520 123
4521 114
4522 121
4523 129
4524 109
4525 133
4526 119
4527 139
4528 142
4529 121
4530 139
4531 130
4532 118
4533 111
4534 132
4535 139
4536 136
4537 129
4538 131
4539 134
4540 131
4541 134
4542 100
4543 135
4544 127
4545 118
4546 153
4547 130
4548 134
4549 110
4550 120
4551 120
4552 129
4553 109
4554 121
4555 133
4556 137
4557 123
4558 138
4559 110
4560 117
4561 123
4562 139
4563 146
4564 136
4565 113
4566 140
4567 122
4568 131
4569 140
4570 114
4571 127
4572 126
4573 122
4574 135
4575 135
4576 135
4577 126
4578 138
4579 122
4580 127
4581 103
4582 120
4583 110
4584 128
4585 134
4586 141
4587 136
4588 128
4589 129
4590 124
4591 130
4592 121
4593 140
4594 143
4595 136
4596 120
4597 127
4598 124
4599 133
4600 124
4601 122
4602 137
4603 122
4604 130
4605 136
4606 127
4607 128
4608 117
4609 132
4610 135
4611 138
4612 129
4613 136
4614 135
4615 138
4616 119
4617 115
4618 127
4619 121
4620 130
4621 115
4622 111
4623 117
4624 134
4625 155
4626 124
4627 141
4628 122
4629 117
4630 109
4631 130
4632 111
4633 120
4634 128
4635 115
4636 113
4637 118
4638 128
4639 127
4640 124
4641 150
4642 124
4643 115
4644 103
4645 116
4646 105
4647 120
4648 121
4649 119
4650 120
4651 126
4652 128
4653 118
4654 123
4655 103
4656 111
4657 132
4658 134
4659 112
4660 120
4661 122
4662 120
4663 148
4664 118
4665 119
4666 131
4667 115
4668 118
4669 123
4670 114
4671 129
4672 107
4673 108
4674 124
4675 120
4676 108
4677 122
4678 104
4679 122
4680 122
4681 105
4682 112
4683 125
4684 120
4685 128
4686 116
4687 124
4688 135
4689 111
4690 112
4691 135
4692 132
4693 112
4694 107
4695 113
4696 115
4697 124
4698 118
4699 103
4700 123
4701 113
4702 115
4703 103
4704 126
4705 132
4706 124
4707 122
4708 109
4709 135
4710 99
4711 118
4712 119
4713 132
4714 98
4715 108
4716 106
4717 110
4718 110
4719 107
4720 109
4721 110
4722 108
4723 120
4724 120
4725 117
4726 126
4727 103
4728 102
4729 126
4730 117
4731 99
4732 134
4733 119
4734 137
4735 111
4736 114
4737 128
4738 128
4739 110
4740 107
4741 113
4742 119
4743 134
4744 123
4745 128
4746 122
4747 137
4748 119
4749 131
4750 129
4751 128
4752 123
4753 134
4754 124
4755 132
4756 116
4757 121
4758 147
4759 137
4760 125
4761 123
4762 129
4763 106
4764 131
4765 105
4766 132
4767 123
4768 121
4769 116
4770 127
4771 110
4772 118
4773 122
4774 130
4775 98
4776 120
4777 115
4778 133
4779 133
4780 125
4781 116
4782 107
4783 116
4784 111
4785 153
4786 125
4787 120
4788 123
4789 147
4790 117
4791 117
4792 121
4793 111
4794 114
4795 117
4796 122
4797 111
4798 123
4799 123
4800 133
4801 122
4802 139
4803 127
4804 130
4805 115
4806 122
4807 105
4808 102
4809 124
4810 113
4811 116
4812 130
4813 107
4814 108
4815 102
4816 122
4817 115
4818 114
4819 99
4820 140
4821 117
4822 122
4823 138
4824 112
4825 132
4826 124
4827 93
4828 108
4829 105
4830 123
4831 123
4832 117
4833 132
4834 139
4835 122
4836 120
4837 108
4838 98
4839 133
4840 114
4841 132
4842 124
4843 112
4844 116
4845 115
4846 125
4847 111
4848 112
4849 111
4850 111
4851 120
4852 102
4853 100
4854 99
4855 113
4856 120
4857 115
4858 111
4859 101
4860 101
4861 119
4862 112
4863 129
4864 142
4865 103
4866 129
4867 109
4868 109
4869 127
4870 110
4871 117
4872 111
4873 115
4874 117
4875 97
4876 116
4877 118
4878 118
4879 105
4880 116
4881 122
4882 116
4883 102
4884 111
4885 106
4886 112
4887 120
4888 105
4889 118
4890 109
4891 105
4892 100
4893 119
4894 113
4895 104
4896 102
4897 109
4898 114
4899 117
4900 119
4901 115
4902 122
4903 107
4904 106
4905 113
4906 120
4907 131
4908 127
4909 122
4910 118
4911 112
4912 100
4913 115
4914 109
4915 116
4916 124
4917 116
4918 106
4919 116
4920 121
4921 109
4922 127
4923 113
4924 119
4925 89
4926 110
4927 87
4928 121
4929 103
4930 93
4931 126
4932 116
4933 106
4934 118
4935 106
4936 123
4937 110
4938 115
4939 127
4940 115
4941 115
4942 110
4943 110
4944 102
4945 108
4946 117
4947 110
4948 94
4949 118
4950 116
4951 120
4952 118
4953 117
4954 104
4955 107
4956 121
4957 121
4958 108
4959 113
4960 107
4961 116
4962 105
4963 91
4964 107
4965 119
4966 123
4967 109
4968 110
4969 115
4970 106
4971 105
4972 106
4973 112
4974 98
4975 106
4976 111
4977 116
4978 108
4979 108
4980 110
4981 120
4982 100
4983 97
4984 127
4985 113
4986 121
4987 119
4988 130
4989 111
4990 100
4991 106
4992 96
4993 120
4994 105
4995 100
4996 117
4997 117
4998 119
4999 130
5000 108
5001 125
5002 90
5003 128
5004 113
5005 115
5006 103
5007 124
5008 107
5009 100
5010 123
5011 97
5012 113
5013 93
5014 104
5015 112
5016 101
5017 94
5018 99
5019 105
5020 108
5021 97
5022 124
5023 104
5024 124
5025 98
5026 115
5027 100
5028 112
5029 105
5030 114
5031 110
5032 102
5033 102
5034 102
5035 104
5036 111
5037 99
5038 111
5039 126
5040 111
5041 120
5042 98
5043 97
5044 112
5045 105
5046 84
5047 123
5048 100
5049 110
5050 101
5051 79
5052 110
5053 112
5054 104
5055 113
5056 100
5057 106
5058 94
5059 114
5060 82
5061 100
5062 102
5063 78
5064 99
5065 110
5066 97
5067 111
5068 100
5069 94
5070 97
5071 112
5072 107
5073 108
5074 96
5075 111
5076 114
5077 101
5078 102
5079 91
5080 83
5081 97
5082 96
5083 133
5084 92
5085 111
5086 103
5087 111
5088 99
5089 105
5090 98
5091 93
5092 96
5093 85
5094 108
5095 117
5096 92
5097 104
5098 95
5099 102
5100 117
5101 92
5102 98
5103 100
5104 95
5105 95
5106 98
5107 107
5108 107
5109 96
5110 101
5111 93
5112 102
5113 97
5114 100
5115 87
5116 81
5117 105
5118 103
5119 99
5120 95
5121 131
5122 126
5123 102
5124 106
5125 97
5126 92
5127 93
5128 93
5129 102
5130 96
5131 104
5132 90
5133 114
5134 102
5135 109
5136 91
5137 89
5138 102
5139 81
5140 112
5141 86
5142 69
5143 76
5144 105
5145 100
5146 94
5147 84
5148 96
5149 87
5150 75
5151 90
5152 79
5153 104
5154 103
5155 94
5156 112
5157 84
5158 108
5159 98
5160 114
5161 98
5162 98
5163 94
5164 96
5165 101
5166 100
5167 79
5168 87
5169 102
5170 89
5171 100
5172 83
5173 92
5174 92
5175 86
5176 84
5177 92
5178 102
5179 96
5180 81
5181 98
5182 96
5183 100
5184 83
5185 88
5186 99
5187 95
5188 92
5189 90
5190 96
5191 89
5192 84
5193 114
5194 110
5195 83
5196 102
5197 103
5198 95
5199 103
5200 91
5201 91
5202 96
5203 90
5204 98
5205 86
5206 85
5207 86
5208 94
5209 80
5210 86
5211 100
5212 93
5213 87
5214 115
5215 92
5216 90
5217 94
5218 92
5219 99
5220 103
5221 101
5222 87
5223 102
5224 106
5225 94
5226 94
5227 81
5228 79
5229 96
5230 89
5231 108
5232 83
5233 74
5234 88
5235 95
5236 83
5237 75
5238 97
5239 109
5240 83
5241 99
5242 86
5243 103
5244 109
5245 96
5246 86
5247 94
5248 91
5249 95
5250 95
5251 95
5252 89
5253 93
5254 80
5255 97
5256 92
5257 94
5258 87
5259 96
5260 94
5261 76
5262 80
5263 69
5264 118
5265 95
5266 84
5267 85
5268 100
5269 100
5270 88
5271 79
5272 100
5273 105
5274 105
5275 91
5276 88
5277 83
5278 91
5279 85
5280 93
5281 78
5282 82
5283 77
5284 73
5285 73
5286 74
5287 88
5288 82
5289 107
5290 101
5291 87
5292 86
5293 91
5294 84
5295 95
5296 86
5297 87
5298 85
5299 85
5300 85
5301 91
5302 82
5303 75
5304 94
5305 86
5306 101
5307 92
5308 90
5309 84
5310 88
5311 90
5312 95
5313 89
5314 98
5315 82
5316 84
5317 86
5318 88
5319 94
5320 101
5321 83
5322 95
5323 100
5324 92
5325 92
5326 96
5327 89
5328 91
5329 91
5330 78
5331 69
5332 80
5333 80
5334 83
5335 105
5336 81
5337 107
5338 83
5339 74
5340 80
5341 69
5342 74
5343 81
5344 66
5345 88
5346 94
5347 88
5348 73
5349 78
5350 92
5351 97
5352 106
5353 94
5354 95
5355 90
5356 91
5357 76
5358 86
5359 88
5360 80
5361 99
5362 112
5363 82
5364 87
5365 91
5366 96
5367 100
5368 67
5369 94
5370 82
5371 96
5372 95
5373 87
5374 87
5375 93
5376 82
5377 78
5378 101
5379 88
5380 75
5381 70
5382 88
5383 77
5384 87
5385 80
5386 104
5387 79
5388 91
5389 90
5390 87
5391 87
5392 81
5393 74
5394 77
5395 89
5396 70
5397 84
5398 105
5399 78
5400 78
5401 85
5402 81
5403 69
5404 70
5405 92
5406 86
5407 86
5408 84
5409 96
5410 79
5411 89
5412 65
5413 73
5414 90
5415 86
5416 83
5417 95
5418 82
5419 78
5420 83
5421 92
5422 66
5423 100
5424 75
5425 103
5426 82
5427 81
5428 89
5429 80
5430 91
5431 75
5432 92
5433 100
5434 76
5435 104
5436 77
5437 102
5438 86
5439 94
5440 79
5441 93
5442 89
5443 76
5444 99
5445 83
5446 77
5447 79
5448 84
5449 88
5450 91
5451 86
5452 80
5453 76
5454 72
5455 79
5456 98
5457 95
5458 66
5459 78
5460 88
5461 73
5462 72
5463 93
5464 106
5465 81
5466 79
5467 83
5468 81
5469 86
5470 78
5471 90
5472 73
5473 88
5474 78
5475 95
5476 85
5477 85
5478 81
5479 95
5480 86
5481 101
5482 104
5483 81
5484 73
5485 90
5486 82
5487 77
5488 82
5489 97
5490 82
5491 92
5492 62
5493 82
5494 86
5495 90
5496 87
5497 83
5498 92
5499 99
5500 86
5501 82
5502 78
5503 80
5504 73
5505 96
5506 88
5507 77
5508 84
5509 76
5510 86
5511 79
5512 89
5513 88
5514 74
5515 85
5516 77
5517 83
5518 77
5519 65
5520 67
5521 90
5522 85
5523 82
5524 78
5525 91
5526 82
5527 75
5528 78
5529 80
5530 92
5531 77
5532 76
5533 76
5534 89
5535 72
5536 108
5537 69
5538 86
5539 88
5540 87
5541 79
5542 83
5543 81
5544 83
5545 96
5546 88
5547 74
5548 84
5549 83
5550 88
5551 81
5552 90
5553 85
5554 77
5555 78
5556 75
5557 82
5558 97
5559 90
5560 86
5561 97
5562 87
5563 76
5564 88
5565 78
5566 77
5567 63
5568 93
5569 76
5570 88
5571 74
5572 83
5573 91
5574 84
5575 89
5576 82
5577 82
5578 69
5579 93
5580 79
5581 75
5582 88
5583 84
5584 76
5585 79
5586 76
5587 63
5588 79
5589 87
5590 89
5591 90
5592 95
5593 77
5594 72
5595 82
5596 79
5597 84
5598 70
5599 80
5600 95
5601 87
5602 71
5603 85
5604 83
5605 79
5606 70
5607 77
5608 91
5609 90
5610 91
5611 76
5612 80
5613 73
5614 81
5615 100
5616 69
5617 87
5618 75
5619 77
5620 77
5621 65
5622 67
5623 81
5624 75
5625 74
5626 83
5627 91
5628 83
5629 95
5630 87
5631 72
5632 80
5633 74
5634 84
5635 97
5636 82
5637 75
5638 59
5639 76
5640 78
5641 76
5642 81
5643 84
5644 90
5645 74
5646 79
5647 95
5648 82
5649 84
5650 70
5651 71
5652 76
5653 87
5654 89
5655 67
5656 74
5657 69
5658 69
5659 73
5660 84
5661 82
5662 71
5663 92
5664 69
5665 85
5666 77
5667 89
5668 77
5669 69
5670 82
5671 78
5672 78
5673 71
5674 69
5675 75
5676 89
5677 88
5678 82
5679 80
5680 78
5681 84
5682 75
5683 86
5684 82
5685 83
5686 79
5687 76
5688 79
5689 66
5690 72
5691 77
5692 68
5693 77
5694 85
5695 96
5696 89
5697 61
5698 75
5699 78
5700 71
5701 86
5702 75
5703 76
5704 73
5705 66
5706 76
5707 73
5708 82
5709 68
5710 68
5711 77
5712 72
5713 81
5714 101
5715 91
5716 93
5717 71
5718 67
5719 78
5720 74
5721 69
5722 79
5723 76
5724 62
5725 100
5726 84
5727 71
5728 70
5729 68
5730 77
5731 89
5732 68
5733 64
5734 77
5735 67
5736 80
5737 78
5738 79
5739 77
5740 86
5741 72
5742 75
5743 68
5744 86
5745 75
5746 75
5747 71
5748 85
5749 78
5750 82
5751 70
5752 76
5753 63
5754 88
5755 79
5756 74
5757 64
5758 79
5759 80
5760 60
5761 82
5762 70
5763 80
5764 80
5765 63
5766 64
5767 58
5768 76
5769 65
5770 75
5771 60
5772 75
5773 82
5774 62
5775 75
5776 72
5777 76
5778 71
5779 78
5780 63
5781 79
5782 83
5783 71
5784 74
5785 69
5786 78
5787 76
5788 84
5789 88
5790 73
5791 85
5792 92
5793 58
5794 87
5795 68
5796 74
5797 61
5798 81
5799 75
5800 70
5801 75
5802 82
5803 67
5804 56
5805 69
5806 82
5807 90
5808 63
5809 75
5810 78
5811 59
5812 76
5813 67
5814 72
5815 75
5816 68
5817 63
5818 70
5819 63
5820 50
5821 64
5822 67
5823 82
5824 65
5825 46
5826 83
5827 74
5828 73
5829 59
5830 71
5831 71
5832 66
5833 72
5834 87
5835 84
5836 74
5837 90
5838 73
5839 89
5840 64
5841 80
5842 67
5843 65
5844 64
5845 59
5846 77
5847 68
5848 56
5849 67
5850 77
5851 83
5852 71
5853 72
5854 70
5855 71
5856 70
5857 76
5858 58
5859 79
5860 72
5861 69
5862 75
5863 68
5864 77
5865 56
5866 70
5867 84
5868 87
5869 80
5870 57
5871 89
5872 91
5873 84
5874 77
5875 74
5876 64
5877 67
5878 73
5879 69
5880 76
5881 69
5882 83
5883 65
5884 70
5885 77
5886 76
5887 94
5888 75
5889 78
5890 58
5891 64
5892 62
5893 60
5894 66
5895 77
5896 79
5897 61
5898 60
5899 80
5900 69
5901 56
5902 69
5903 74
5904 60
5905 81
5906 79
5907 61
5908 68
5909 64
5910 62
5911 84
5912 61
5913 81
5914 56
5915 76
5916 82
5917 67
5918 72
5919 70
5920 78
5921 77
5922 62
5923 66
5924 61
5925 58
5926 70
5927 58
5928 71
5929 66
5930 75
5931 89
5932 77
5933 77
5934 67
5935 82
5936 75
5937 68
5938 58
5939 63
5940 67
5941 62
5942 66
5943 61
5944 55
5945 67
5946 83
5947 75
5948 70
5949 76
5950 71
5951 52
5952 59
5953 62
5954 85
5955 64
5956 70
5957 75
5958 62
5959 70
5960 57
5961 62
5962 59
5963 68
5964 75
5965 61
5966 65
5967 78
5968 70
5969 70
5970 70
5971 70
5972 67
5973 69
5974 66
5975 68
5976 75
5977 73
5978 77
5979 76
5980 70
5981 62
5982 77
5983 64
5984 74
5985 59
5986 65
5987 75
5988 86
5989 77
5990 68
5991 70
5992 64
5993 74
5994 77
5995 87
5996 73
5997 87
5998 76
5999 61
6000 73
6001 77
6002 58
6003 67
6004 66
6005 62
6006 57
6007 72
6008 82
6009 67
6010 73
6011 71
6012 80
6013 59
6014 53
6015 68
6016 63
6017 55
6018 70
6019 60
6020 78
6021 62
6022 72
6023 76
6024 51
6025 57
6026 53
6027 56
6028 98
6029 77
6030 79
6031 64
6032 64
6033 67
6034 78
6035 66
6036 76
6037 61
6038 67
6039 75
6040 93
6041 60
6042 73
6043 79
6044 75
6045 66
6046 78
6047 65
6048 69
6049 79
6050 67
6051 52
6052 74
6053 79
6054 57
6055 55
6056 75
6057 57
6058 67
6059 56
6060 77
6061 67
6062 71
6063 65
6064 74
6065 71
6066 68
6067 64
6068 72
6069 66
6070 76
6071 68
6072 63
6073 78
6074 67
6075 75
6076 73
6077 63
6078 83
6079 67
6080 58
6081 76
6082 68
6083 69
6084 81
6085 61
6086 62
6087 83
6088 56
6089 66
6090 66
6091 76
6092 56
6093 68
6094 72
6095 65
6096 65
6097 51
6098 55
6099 81
6100 63
6101 65
6102 60
6103 50
6104 91
6105 70
6106 59
6107 71
6108 56
6109 61
6110 64
6111 52
6112 78
6113 69
6114 58
6115 64
6116 72
6117 50
6118 68
6119 63
6120 77
6121 69
6122 71
6123 65
6124 59
6125 57
6126 92
6127 72
6128 56
6129 57
6130 71
6131 73
6132 80
6133 64
6134 65
6135 76
6136 73
6137 71
6138 65
6139 62
6140 70
6141 75
6142 67
6143 68
6144 61
6145 52
6146 68
6147 72
6148 68
6149 79
6150 66
6151 59
6152 71
6153 75
6154 64
6155 66
6156 61
6157 63
6158 70
6159 65
6160 71
6161 79
6162 47
6163 63
6164 66
6165 76
6166 65
6167 71
6168 65
6169 78
6170 45
6171 69
6172 62
6173 65
6174 69
6175 64
6176 55
6177 67
6178 80
6179 67
6180 57
6181 54
6182 71
6183 61
6184 67
6185 60
6186 55
6187 80
6188 62
6189 68
6190 65
6191 62
6192 62
6193 73
6194 70
6195 64
6196 69
6197 62
6198 65
6199 62
6200 67
6201 75
6202 66
6203 68
6204 74
6205 66
6206 65
6207 67
6208 62
6209 49
6210 74
6211 53
6212 81
6213 61
6214 71
6215 59
6216 70
6217 67
6218 54
6219 73
6220 56
6221 65
6222 65
6223 69
6224 68
6225 52
6226 76
6227 56
6228 57
6229 57
6230 58
6231 74
6232 65
6233 72
6234 73
6235 73
6236 68
6237 57
6238 59
6239 56
6240 79
6241 70
6242 62
6243 61
6244 76
6245 51
6246 66
6247 71
6248 51
6249 51
6250 55
6251 65
6252 56
6253 53
6254 68
6255 62
6256 71
6257 74
6258 73
6259 64
6260 58
6261 63
6262 54
6263 55
6264 71
6265 62
6266 54
6267 81
6268 80
6269 62
6270 81
6271 62
6272 44
6273 61
6274 51
6275 68
6276 41
6277 55
6278 72
6279 69
6280 66
6281 59
6282 64
6283 62
6284 61
6285 53
6286 58
6287 73
6288 49
6289 65
6290 65
6291 59
6292 60
6293 58
6294 58
6295 60
6296 59
6297 55
6298 64
6299 62
6300 58
6301 57
6302 65
6303 63
6304 59
6305 60
6306 68
6307 60
6308 68
6309 59
6310 60
6311 55
6312 53
6313 60
6314 49
6315 54
6316 52
6317 60
6318 66
6319 74
6320 59
6321 59
6322 64
6323 62
6324 64
6325 47
6326 43
6327 62
6328 71
6329 63
6330 65
6331 63
6332 60
6333 53
6334 64
6335 73
6336 60
6337 62
6338 61
6339 64
6340 69
6341 61
6342 57
6343 60
6344 73
6345 49
6346 66
6347 61
6348 61
6349 51
6350 80
6351 65
6352 67
6353 69
6354 64
6355 60
6356 72
6357 63
6358 60
6359 69
6360 63
6361 60
6362 65
6363 55
6364 73
6365 80
6366 58
6367 46
6368 60
6369 78
6370 62
6371 68
6372 72
6373 58
6374 55
6375 60
6376 57
6377 61
6378 76
6379 71
6380 54
6381 63
6382 59
6383 72
6384 70
6385 80
6386 57
6387 57
6388 61
6389 63
6390 45
6391 55
6392 57
6393 61
6394 54
6395 55
6396 57
6397 57
6398 85
6399 69
6400 64
6401 47
6402 76
6403 52
6404 57
6405 55
6406 57
6407 64
6408 63
6409 50
6410 58
6411 70
6412 64
6413 75
6414 74
6415 56
6416 55
6417 64
6418 68
6419 66
6420 63
6421 70
6422 54
6423 69
6424 60
6425 64
6426 70
6427 64
6428 64
6429 58
6430 63
6431 51
6432 66
6433 59
6434 56
6435 63
6436 51
6437 68
6438 71
6439 52
6440 51
6441 67
6442 59
6443 61
6444 54
6445 61
6446 54
6447 58
6448 67
6449 68
6450 54
6451 65
6452 46
6453 55
6454 66
6455 58
6456 61
6457 72
6458 52
6459 72
6460 65
6461 59
6462 59
6463 56
6464 50
6465 55
6466 70
6467 61
6468 46
6469 65
6470 65
6471 44
6472 50
6473 59
6474 52
6475 61
6476 45
6477 63
6478 66
6479 74
6480 55
6481 51
6482 62
6483 63
6484 54
6485 48
6486 61
6487 50
6488 53
6489 44
6490 63
6491 57
6492 60
6493 69
6494 47
6495 54
6496 59
6497 50
6498 55
6499 66
6500 70
6501 50
6502 54
6503 44
6504 69
6505 63
6506 62
6507 49
6508 58
6509 62
6510 57
6511 62
6512 66
6513 52
6514 70
6515 63
6516 49
6517 58
6518 61
6519 67
6520 67
6521 55
6522 73
6523 65
6524 46
6525 61
6526 56
6527 68
6528 53
6529 58
6530 65
6531 51
6532 59
6533 50
6534 62
6535 64
6536 46
6537 59
6538 64
6539 60
6540 67
6541 43
6542 54
6543 56
6544 55
6545 73
6546 53
6547 60
6548 64
6549 42
6550 48
6551 69
6552 60
6553 58
6554 70
6555 62
6556 60
6557 57
6558 58
6559 48
6560 61
6561 56
6562 47
6563 46
6564 53
6565 53
6566 69
6567 50
6568 56
6569 65
6570 65
6571 44
6572 58
6573 57
6574 61
6575 63
6576 51
6577 52
6578 56
6579 57
6580 40
6581 60
6582 76
6583 64
6584 57
6585 54
6586 66
6587 55
6588 80
6589 46
6590 63
6591 56
6592 68
6593 65
6594 55
6595 56
6596 65
6597 56
6598 63
6599 64
6600 60
6601 69
6602 67
6603 68
6604 52
6605 63
6606 64
6607 63
6608 73
6609 57
6610 68
6611 50
6612 49
6613 73
6614 53
6615 68
6616 47
6617 54
6618 54
6619 53
6620 64
6621 64
6622 58
6623 61
6624 63
6625 48
6626 55
6627 52
6628 61
6629 66
6630 56
6631 54
6632 61
6633 63
6634 63
6635 69
6636 68
6637 54
6638 53
6639 66
6640 60
6641 56
6642 64
6643 58
6644 62
6645 57
6646 49
6647 62
6648 59
6649 66
6650 61
6651 68
6652 55
6653 56
6654 54
6655 57
6656 57
6657 58
6658 65
6659 48
6660 55
6661 64
6662 49
6663 57
6664 50
6665 59
6666 58
6667 49
6668 55
6669 55
6670 71
6671 57
6672 70
6673 62
6674 65
6675 61
6676 72
6677 70
6678 59
6679 61
6680 54
6681 64
6682 49
6683 71
6684 58
6685 48
6686 51
6687 68
6688 52
6689 63
6690 61
6691 61
6692 65
6693 65
6694 57
6695 54
6696 57
6697 63
6698 48
6699 59
6700 64
6701 53
6702 54
6703 48
6704 62
6705 55
6706 56
6707 63
6708 53
6709 60
6710 54
6711 54
6712 48
6713 50
6714 53
6715 55
6716 52
6717 48
6718 52
6719 52
6720 45
6721 61
6722 61
6723 53
6724 48
6725 59
6726 56
6727 60
6728 39
6729 67
6730 51
6731 58
6732 57
6733 63
6734 66
6735 58
6736 54
6737 59
6738 41
6739 51
6740 64
6741 59
6742 64
6743 61
6744 61
6745 69
6746 51
6747 44
6748 60
6749 53
6750 54
6751 68
6752 44
6753 55
6754 58
6755 58
6756 60
6757 44
6758 55
6759 64
6760 39
6761 49
6762 69
6763 69
6764 58
6765 54
6766 51
6767 50
6768 65
6769 50
6770 38
6771 57
6772 50
6773 51
6774 54
6775 58
6776 39
6777 47
6778 49
6779 49
6780 52
6781 58
6782 59
6783 51
6784 53
6785 53
6786 50
6787 60
6788 51
6789 45
6790 45
6791 48
6792 55
6793 61
6794 51
6795 44
6796 65
6797 46
6798 77
6799 40
6800 51
6801 51
6802 55
6803 54
6804 62
6805 57
6806 53
6807 52
6808 52
6809 60
6810 66
6811 57
6812 40
6813 51
6814 46
6815 49
6816 48
6817 58
6818 58
6819 37
6820 46
6821 59
6822 46
6823 57
6824 43
6825 50
6826 56
6827 63
6828 55
6829 36
6830 53
6831 33
6832 45
6833 46
6834 42
6835 56
6836 49
6837 46
6838 56
6839 43
6840 48
6841 59
6842 61
6843 60
6844 54
6845 49
6846 48
6847 50
6848 71
6849 59
6850 53
6851 38
6852 48
6853 41
6854 55
6855 49
6856 54
6857 53
6858 45
6859 40
6860 52
6861 62
6862 65
6863 52
6864 58
6865 51
6866 48
6867 49
6868 51
6869 64
6870 58
6871 28
6872 62
6873 45
6874 59
6875 68
6876 55
6877 53
6878 59
6879 50
6880 49
6881 37
6882 50
6883 58
6884 51
6885 52
6886 45
6887 46
6888 38
6889 67
6890 43
6891 49
6892 66
6893 39
6894 50
6895 64
6896 57
6897 49
6898 40
6899 46
6900 58
6901 55
6902 40
6903 46
6904 59
6905 63
6906 39
6907 57
6908 58
6909 54
6910 53
6911 54
6912 58
6913 56
6914 41
6915 53
6916 64
6917 54
6918 50
6919 58
6920 47
6921 59
6922 52
6923 43
6924 57
6925 46
6926 44
6927 63
6928 39
6929 52
6930 46
6931 58
6932 43
6933 43
6934 49
6935 49
6936 48
6937 56
6938 47
6939 57
6940 49
6941 64
6942 45
6943 45
6944 50
6945 48
6946 54
6947 41
6948 49
6949 54
6950 57
6951 70
6952 50
6953 55
6954 63
6955 52
6956 40
6957 46
6958 70
6959 53
6960 55
6961 41
6962 45
6963 57
6964 56
6965 35
6966 62
6967 47
6968 56
6969 60
6970 44
6971 58
6972 58
6973 62
6974 50
6975 58
6976 56
6977 56
6978 48
6979 56
6980 65
6981 72
6982 46
6983 54
6984 45
6985 50
6986 52
6987 56
6988 55
6989 41
6990 62
6991 52
6992 49
6993 48
6994 53
6995 62
6996 55
6997 51
6998 64
6999 46
7000 48
7001 63
7002 48
7003 40
7004 41
7005 36
7006 38
7007 36
7008 40
7009 42
7010 49
7011 47
7012 56
7013 60
7014 34
7015 51
7016 50
7017 52
7018 61
7019 44
7020 57
7021 54
7022 35
7023 49
7024 49
7025 63
7026 47
7027 37
7028 64
7029 48
7030 58
7031 55
7032 40
7033 47
7034 43
7035 55
7036 48
7037 56
7038 51
7039 42
7040 57
7041 54
7042 54
7043 40
7044 47
7045 43
7046 45
7047 38
7048 56
7049 49
7050 49
7051 47
7052 45
7053 59
7054 64
7055 50
7056 48
7057 50
7058 50
7059 55
7060 52
7061 51
7062 40
7063 54
7064 56
7065 47
7066 57
7067 43
7068 40
7069 49
7070 49
7071 44
7072 39
7073 43
7074 61
7075 48
7076 41
7077 56
7078 56
7079 68
7080 41
7081 41
7082 42
7083 57
7084 49
7085 48
7086 37
7087 55
7088 40
7089 56
7090 57
7091 57
7092 41
7093 50
7094 46
7095 47
7096 48
7097 45
7098 50
7099 57
7100 42
7101 43
7102 53
7103 42
7104 45
7105 46
7106 49
7107 49
7108 47
7109 58
7110 37
7111 41
7112 49
7113 38
7114 47
7115 39
7116 43
7117 47
7118 44
7119 61
7120 42
7121 43
7122 37
7123 56
7124 51
7125 57
7126 43
7127 44
7128 49
7129 43
7130 48
7131 52
7132 47
7133 37
7134 41
7135 56
7136 51
7137 51
7138 55
7139 50
7140 53
7141 44
7142 46
7143 37
7144 51
7145 59
7146 45
7147 54
7148 49
7149 44
7150 53
7151 43
7152 45
7153 46
7154 47
7155 55
7156 50
7157 48
7158 50
7159 52
7160 48
7161 58
7162 59
7163 48
7164 61
7165 53
7166 51
7167 49
7168 42
7169 48
7170 36
7171 46
7172 51
7173 46
7174 47
7175 52
7176 50
7177 54
7178 52
7179 53
7180 45
7181 61
7182 46
7183 44
7184 57
7185 48
7186 63
7187 53
7188 46
7189 42
7190 53
7191 52
7192 61
7193 52
7194 47
7195 56
7196 42
7197 50
7198 51
7199 46
7200 46
7201 50
7202 50
7203 46
7204 44
7205 45
7206 54
7207 46
7208 56
7209 50
7210 42
7211 48
7212 64
7213 56
7214 52
7215 49
7216 41
7217 50
7218 52
7219 48
7220 33
7221 51
7222 41
7223 46
7224 44
7225 42
7226 42
7227 59
7228 48
7229 43
7230 37
7231 53
7232 47
7233 38
7234 51
7235 50
7236 43
7237 45
7238 54
7239 48
7240 43
7241 50
7242 49
7243 58
7244 62
7245 33
7246 41
7247 35
7248 47
7249 49
7250 46
7251 46
7252 54
7253 50
7254 45
7255 42
7256 39
7257 34
7258 39
7259 35
7260 50
7261 42
7262 45
7263 46
7264 44
7265 51
7266 41
7267 52
7268 51
7269 51
7270 45
7271 45
7272 39
7273 44
7274 44
7275 33
7276 45
7277 40
7278 49
7279 42
7280 41
7281 41
7282 50
7283 52
7284 49
7285 48
7286 41
7287 49
7288 52
7289 54
7290 41
7291 52
7292 52
7293 48
7294 53
7295 65
7296 39
7297 49
7298 35
7299 52
7300 39
7301 44
7302 45
7303 52
7304 51
7305 59
7306 53
7307 54
7308 59
7309 62
7310 47
7311 52
7312 58
7313 45
7314 49
7315 58
7316 45
7317 47
7318 49
7319 38
7320 60
7321 47
7322 44
7323 53
7324 44
7325 52
7326 45
7327 45
7328 38
7329 62
7330 42
7331 51
7332 43
7333 43
7334 43
7335 53
7336 45
7337 53
7338 53
7339 52
7340 44
7341 38
7342 44
7343 56
7344 48
7345 46
7346 40
7347 57
7348 38
7349 63
7350 47
7351 47
7352 43
7353 39
7354 37
7355 48
7356 39
7357 56
7358 48
7359 55
7360 49
7361 49
7362 49
7363 42
7364 46
7365 49
7366 43
7367 47
7368 48
7369 60
7370 56
7371 53
7372 52
7373 43
7374 51
7375 38
7376 60
7377 60
7378 60
7379 45
7380 59
7381 48
7382 51
7383 52
7384 40
7385 53
7386 49
7387 47
7388 48
7389 48
7390 42
7391 48
7392 46
7393 46
7394 49
7395 58
7396 41
7397 56
7398 56
7399 52
7400 58
7401 51
7402 41
7403 48
7404 52
7405 56
7406 50
7407 44
7408 54
7409 52
7410 48
7411 57
7412 50
7413 56
7414 68
7415 52
7416 54
7417 47
7418 53
7419 45
7420 44
7421 54
7422 40
7423 50
7424 36
7425 54
7426 48
7427 41
7428 49
7429 39
7430 58
7431 46
7432 51
7433 57
7434 41
7435 49
7436 47
7437 51
7438 45
7439 57
7440 63
7441 45
7442 58
7443 48
7444 42
7445 44
7446 66
7447 61
7448 67
7449 46
7450 57
7451 43
7452 51
7453 56
7454 61
7455 50
7456 49
7457 47
7458 55
7459 67
7460 50
7461 51
7462 61
7463 55
7464 51
7465 43
7466 46
7467 49
7468 58
7469 52
7470 40
7471 54
7472 49
7473 49
7474 52
7475 70
7476 37
7477 46
7478 47
7479 52
7480 48
7481 52
7482 51
7483 41
7484 53
7485 44
7486 57
7487 53
7488 54
7489 47
7490 41
7491 52
7492 64
7493 54
7494 57
7495 60
7496 50
7497 51
7498 40
7499 48
7500 36
7501 58
7502 49
7503 51
7504 58
7505 40
7506 54
7507 44
7508 40
7509 56
7510 37
7511 46
7512 61
7513 47
7514 46
7515 42
7516 44
7517 40
7518 50
7519 71
7520 51
7521 50
7522 44
7523 51
7524 46
7525 43
7526 51
7527 56
7528 49
7529 50
7530 50
7531 62
7532 51
7533 55
7534 49
7535 35
7536 40
7537 65
7538 34
7539 45
7540 52
7541 44
7542 53
7543 51
7544 52
7545 46
7546 56
7547 58
7548 57
7549 52
7550 62
7551 42
7552 48
7553 46
7554 40
7555 41
7556 45
7557 55
7558 41
7559 45
7560 41
7561 51
7562 60
7563 52
7564 53
7565 58
7566 52
7567 54
7568 49
7569 54
7570 38
7571 43
7572 49
7573 46
7574 57
7575 46
7576 43
7577 42
7578 53
7579 59
7580 50
7581 44
7582 45
7583 58
7584 44
7585 58
7586 61
7587 59
7588 50
7589 51
7590 50
7591 57
7592 55
7593 58
7594 51
7595 46
7596 47
7597 41
7598 48
7599 60
7600 52
7601 47
7602 58
7603 69
7604 56
7605 41
7606 50
7607 44
7608 39
7609 47
7610 54
7611 42
7612 51
7613 53
7614 54
7615 49
7616 37
7617 41
7618 58
7619 50
7620 53
7621 48
7622 40
7623 48
7624 60
7625 59
7626 42
7627 45
7628 52
7629 47
7630 60
7631 45
7632 55
7633 50
7634 65
7635 52
7636 51
7637 48
7638 50
7639 64
7640 39
7641 60
7642 52
7643 52
7644 45
7645 45
7646 51
7647 55
7648 52
7649 64
7650 52
7651 52
7652 38
7653 55
7654 62
7655 44
7656 61
7657 53
7658 51
7659 51
7660 45
7661 57
7662 67
7663 51
7664 64
7665 42
7666 53
7667 55
7668 58
7669 58
7670 45
7671 52
7672 38
7673 52
7674 55
7675 59
7676 54
7677 37
7678 51
7679 60
7680 69
7681 54
7682 65
7683 51
7684 57
7685 52
7686 45
7687 43
7688 47
7689 54
7690 56
7691 40
7692 53
7693 31
7694 59
7695 54
7696 69
7697 45
7698 56
7699 49
7700 49
7701 58
7702 50
7703 62
7704 43
7705 48
7706 59
7707 60
7708 52
7709 55
7710 58
7711 54
7712 53
7713 60
7714 69
7715 55
7716 60
7717 49
7718 50
7719 55
7720 56
7721 55
7722 53
7723 54
7724 73
7725 61
7726 48
7727 44
7728 48
7729 55
7730 40
7731 46
7732 48
7733 55
7734 58
7735 57
7736 62
7737 48
7738 45
7739 50
7740 56
7741 53
7742 54
7743 64
7744 59
7745 53
7746 51
7747 58
7748 32
7749 56
7750 48
7751 52
7752 48
7753 53
7754 47
7755 55
7756 63
7757 62
7758 72
7759 65
7760 54
7761 42
7762 51
7763 53
7764 41
7765 46
7766 61
7767 56
7768 41
7769 50
7770 49
7771 54
7772 62
7773 42
7774 58
7775 49
7776 47
7777 44
7778 54
7779 58
7780 55
7781 47
7782 49
7783 47
7784 59
7785 58
7786 47
7787 60
7788 55
7789 50
7790 54
7791 53
7792 51
7793 49
7794 43
7795 68
7796 47
7797 58
7798 43
7799 72
7800 59
7801 55
7802 45
7803 40
7804 55
7805 64
7806 50
7807 56
7808 52
7809 51
7810 66
7811 39
7812 51
7813 64
7814 52
7815 62
7816 68
7817 56
7818 58
7819 51
7820 61
7821 59
7822 61
7823 64
7824 59
7825 56
7826 45
7827 56
7828 53
7829 56
7830 67
7831 65
7832 57
7833 60
7834 76
7835 66
7836 60
7837 64
7838 56
7839 55
7840 68
7841 53
7842 54
7843 57
7844 56
7845 67
7846 59
7847 64
7848 56
7849 62
7850 58
7851 58
7852 56
7853 61
7854 57
7855 52
7856 64
7857 58
7858 53
7859 51
7860 45
7861 30
7862 62
7863 64
7864 58
7865 45
7866 58
7867 58
7868 56
7869 56
7870 70
7871 55
7872 68
7873 50
7874 52
7875 75
7876 70
7877 73
7878 63
7879 58
7880 66
7881 77
7882 78
7883 63
7884 55
7885 72
7886 48
7887 60
7888 55
7889 68
7890 52
7891 54
7892 74
7893 60
7894 74
7895 59
7896 60
7897 55
7898 70
7899 63
7900 68
7901 67
7902 58
7903 54
7904 61
7905 58
7906 58
7907 65
7908 45
7909 58
7910 61
7911 58
7912 58
7913 56
7914 45
7915 57
7916 60
7917 70
7918 63
7919 55
7920 48
7921 64
7922 57
7923 63
7924 65
7925 59
7926 52
7927 64
7928 50
7929 60
7930 69
7931 56
7932 57
7933 54
7934 68
7935 56
7936 63
7937 61
7938 46
7939 48
7940 60
7941 46
7942 56
7943 50
7944 60
7945 67
7946 77
7947 64
7948 60
7949 56
7950 56
7951 69
7952 62
7953 69
7954 61
7955 53
7956 72
7957 81
7958 66
7959 68
7960 48
7961 59
7962 51
7963 65
7964 59
7965 53
7966 56
7967 73
7968 62
7969 65
7970 56
7971 60
7972 66
7973 70
7974 56
7975 85
7976 45
7977 52
7978 61
7979 54
7980 73
7981 81
7982 60
7983 65
7984 57
7985 76
7986 68
7987 59
7988 63
7989 79
7990 58
7991 56
7992 68
7993 64
7994 64
7995 55
7996 62
7997 54
7998 58
7999 63
8000 66
8001 62
8002 77
8003 65
8004 55
8005 57
8006 52
8007 55
8008 70
8009 45
8010 65
8011 67
8012 54
8013 57
8014 63
8015 60
8016 61
8017 60
8018 55
8019 68
8020 89
8021 54
8022 74
8023 59
8024 58
8025 57
8026 51
8027 57
8028 68
8029 69
8030 58
8031 66
8032 58
8033 63
8034 55
8035 58
8036 65
8037 65
8038 60
8039 62
8040 53
8041 64
8042 55
8043 62
8044 55
8045 60
8046 64
8047 65
8048 55
8049 62
8050 71
8051 66
8052 61
8053 61
8054 60
8055 58
8056 59
8057 60
8058 67
8059 51
8060 52
8061 57
8062 54
8063 71
8064 66
8065 65
8066 50
8067 69
8068 63
8069 69
8070 42
8071 60
8072 50
8073 64
8074 69
8075 60
8076 63
8077 66
8078 54
8079 50
8080 74
8081 66
8082 67
8083 68
8084 60
8085 76
8086 62
8087 58
8088 52
8089 62
8090 60
8091 62
8092 63
8093 57
8094 67
8095 60
8096 56
8097 65
8098 63
8099 54
8100 52
8101 66
8102 64
8103 73
8104 61
8105 65
8106 65
8107 47
8108 65
8109 54
8110 54
8111 60
8112 64
8113 58
8114 64
8115 61
8116 71
8117 57
8118 68
8119 54
8120 66
8121 76
8122 52
8123 66
8124 47
8125 77
8126 61
8127 61
8128 66
8129 64
8130 61
8131 51
8132 59
8133 56
8134 67
8135 79
8136 59
8137 71
8138 54
8139 67
8140 73
8141 70
8142 76
8143 62
8144 57
8145 64
8146 59
8147 60
8148 66
8149 54
8150 67
8151 54
8152 63
8153 83
8154 56
8155 67
8156 74
8157 72
8158 63
8159 53
8160 55
8161 61
8162 55
8163 68
8164 53
8165 63
8166 74
8167 66
8168 60
8169 72
8170 81
8171 64
8172 74
8173 70
8174 68
8175 48
8176 65
8177 63
8178 66
8179 57
8180 63
8181 73
8182 65
8183 58
8184 78
8185 72
8186 68
8187 52
8188 60
8189 66
8190 68
8191 61
8192 67
8193 68
8194 57
8195 64
8196 67
8197 62
8198 66
8199 53
8200 82
8201 64
8202 65
8203 72
8204 61
8205 71
8206 63
8207 78
8208 71
8209 52
8210 65
8211 84
8212 68
8213 79
8214 64
8215 66
8216 62
8217 60
8218 76
8219 63
8220 77
8221 60
8222 63
8223 52
8224 63
8225 68
8226 69
8227 78
8228 68
8229 66
8230 68
8231 69
8232 78
8233 61
8234 80
8235 81
8236 74
8237 57
8238 69
8239 52
8240 78
8241 64
8242 65
8243 58
8244 70
8245 69
8246 72
8247 66
8248 65
8249 63
8250 63
8251 68
8252 70
8253 72
8254 68
8255 63
8256 73
8257 65
8258 74
8259 61
8260 88
8261 83
8262 77
8263 70
8264 63
8265 57
8266 75
8267 67
8268 69
8269 73
8270 70
8271 75
8272 84
8273 60
8274 71
8275 74
8276 79
8277 75
8278 69
8279 67
8280 65
8281 75
8282 65
8283 66
8284 70
8285 68
8286 61
8287 78
8288 66
8289 86
8290 67
8291 56
8292 82
8293 51
8294 89
8295 82
8296 81
8297 57
8298 62
8299 86
8300 74
8301 81
8302 67
8303 60
8304 79
8305 84
8306 66
8307 78
8308 75
8309 87
8310 66
8311 77
8312 77
8313 81
8314 73
8315 79
8316 83
8317 82
8318 83
8319 66
8320 94
8321 61
8322 76
8323 81
8324 81
8325 76
8326 84
8327 73
8328 74
8329 85
8330 73
8331 86
8332 76
8333 73
8334 81
8335 81
8336 79
8337 78
8338 75
8339 84
8340 82
8341 76
8342 60
8343 61
8344 79
8345 72
8346 85
8347 73
8348 65
8349 84
8350 75
8351 87
8352 78
8353 64
8354 80
8355 69
8356 69
8357 82
8358 91
8359 61
8360 71
8361 69
8362 61
8363 84
8364 69
8365 86
8366 69
8367 84
8368 71
8369 74
8370 66
8371 83
8372 57
8373 76
8374 73
8375 61
8376 68
8377 66
8378 72
8379 76
8380 68
8381 77
8382 72
8383 81
8384 67
8385 68
8386 73
8387 73
8388 84
8389 86
8390 89
8391 75
8392 79
8393 64
8394 62
8395 75
8396 75
8397 61
8398 71
8399 55
8400 80
8401 69
8402 69
8403 85
8404 68
8405 79
8406 80
8407 74
8408 80
8409 77
8410 83
8411 90
8412 82
8413 74
8414 70
8415 78
8416 83
8417 80
8418 84
8419 72
8420 69
8421 74
8422 75
8423 75
8424 69
8425 81
8426 77
8427 74
8428 83
8429 85
8430 84
8431 82
8432 78
8433 88
8434 84
8435 79
8436 84
8437 65
8438 82
8439 75
8440 72
8441 70
8442 86
8443 67
8444 64
8445 87
8446 73
8447 66
8448 86
8449 70
8450 72
8451 79
8452 83
8453 75
8454 75
8455 79
8456 90
8457 76
8458 72
8459 68
8460 70
8461 77
8462 74
8463 74
8464 73
8465 102
8466 94
8467 96
8468 73
8469 80
8470 72
8471 78
8472 81
8473 70
8474 74
8475 72
8476 107
8477 62
8478 87
8479 77
8480 70
8481 74
8482 73
8483 70
8484 76
8485 85
8486 95
8487 72
8488 67
8489 87
8490 81
8491 82
8492 86
8493 86
8494 88
8495 86
8496 68
8497 85
8498 77
8499 95
8500 76
8501 93
8502 69
8503 71
8504 74
8505 85
8506 88
8507 79
8508 69
8509 58
8510 92
8511 94
8512 74
8513 94
8514 70
8515 80
8516 82
8517 72
8518 74
8519 79
8520 82
8521 85
8522 82
8523 79
8524 74
8525 89
8526 75
8527 80
8528 83
8529 80
8530 80
8531 79
8532 87
8533 94
8534 82
8535 89
8536 90
8537 75
8538 82
8539 83
8540 83
8541 83
8542 95
8543 90
8544 69
8545 85
8546 85
8547 74
8548 83
8549 76
8550 58
8551 95
8552 80
8553 86
8554 92
8555 72
8556 93
8557 77
8558 56
8559 68
8560 81
8561 83
8562 89
8563 82
8564 80
8565 73
8566 80
8567 78
8568 72
8569 55
8570 70
8571 79
8572 87
8573 67
8574 85
8575 85
8576 86
8577 75
8578 72
8579 79
8580 70
8581 84
8582 84
8583 80
8584 73
8585 82
8586 88
8587 87
8588 50
8589 79
8590 84
8591 77
8592 67
8593 90
8594 74
8595 69
8596 74
8597 76
8598 93
8599 82
8600 80
8601 75
8602 67
8603 75
8604 76
8605 77
8606 71
8607 97
8608 77
8609 80
8610 82
8611 94
8612 74
8613 77
8614 67
8615 92
8616 86
8617 83
8618 77
8619 85
8620 98
8621 76
8622 83
8623 78
8624 72
8625 70
8626 71
8627 80
8628 81
8629 87
8630 79
8631 90
8632 86
8633 78
8634 101
8635 71
8636 71
8637 82
8638 71
8639 80
8640 80
8641 78
8642 62
8643 69
8644 67
8645 99
8646 88
8647 77
8648 76
8649 88
8650 68
8651 93
8652 79
8653 98
8654 85
8655 72
8656 74
8657 80
8658 88
8659 79
8660 74
8661 95
8662 82
8663 84
8664 66
8665 78
8666 83
8667 88
8668 90
8669 76
8670 81
8671 83
8672 74
8673 76
8674 55
8675 79
8676 78
8677 77
8678 66
8679 59
8680 81
8681 83
8682 96
8683 82
8684 87
8685 83
8686 79
8687 94
8688 73
8689 84
8690 72
8691 75
8692 76
8693 69
8694 87
8695 81
8696 73
8697 84
8698 84
8699 91
8700 79
8701 71
8702 75
8703 89
8704 83
8705 81
8706 74
8707 76
8708 84
8709 91
8710 91
8711 77
8712 70
8713 78
8714 86
8715 69
8716 69
8717 64
8718 75
8719 79
8720 84
8721 90
8722 75
8723 77
8724 66
8725 97
8726 81
8727 69
8728 75
8729 79
8730 81
8731 80
8732 56
8733 77
8734 84
8735 91
8736 79
8737 81
8738 100
8739 82
8740 73
8741 86
8742 73
8743 80
8744 86
8745 74
8746 86
8747 82
8748 87
8749 78
8750 88
8751 91
8752 75
8753 84
8754 69
8755 81
8756 67
8757 82
8758 106
8759 93
8760 69
8761 81
8762 90
8763 67
8764 83
8765 69
8766 68
8767 80
8768 89
8769 76
8770 85
8771 66
8772 89
8773 83
8774 72
8775 67
8776 76
8777 77
8778 89
8779 83
8780 73
8781 102
8782 85
8783 87
8784 93
8785 81
8786 83
8787 77
8788 80
8789 90
8790 82
8791 68
8792 89
8793 87
8794 95
8795 89
8796 111
8797 83
8798 102
8799 79
8800 84
8801 72
8802 92
8803 70
8804 74
8805 71
8806 94
8807 82
8808 88
8809 85
8810 76
8811 88
8812 83
8813 91
8814 82
8815 80
8816 83
8817 96
8818 88
8819 69
8820 91
8821 80
8822 89
8823 96
8824 71
8825 81
8826 74
8827 73
8828 81
8829 87
8830 86
8831 79
8832 91
8833 89
8834 91
8835 84
8836 64
8837 91
8838 83
8839 81
8840 87
8841 96
8842 81
8843 80
8844 79
8845 92
8846 80
8847 74
8848 79
8849 82
8850 82
8851 75
8852 90
8853 90
8854 74
8855 98
8856 81
8857 78
8858 73
8859 66
8860 81
8861 85
8862 70
8863 87
8864 75
8865 74
8866 107
8867 73
8868 75
8869 91
8870 65
8871 80
8872 77
8873 81
8874 69
8875 79
8876 70
8877 79
8878 75
8879 81
8880 95
8881 62
8882 66
8883 90
8884 68
8885 82
8886 70
8887 82
8888 86
8889 85
8890 90
8891 88
8892 79
8893 88
8894 70
8895 80
8896 77
8897 82
8898 74
8899 90
8900 82
8901 75
8902 69
8903 73
8904 89
8905 67
8906 61
8907 66
8908 89
8909 93
8910 90
8911 84
8912 97
8913 64
8914 80
8915 79
8916 74
8917 67
8918 60
8919 77
8920 87
8921 71
8922 83
8923 74
8924 69
8925 71
8926 87
8927 74
8928 61
8929 87
8930 73
8931 86
8932 71
8933 76
8934 82
8935 77
8936 82
8937 77
8938 76
8939 87
8940 68
8941 83
8942 88
8943 81
8944 86
8945 88
8946 70
8947 90
8948 75
8949 95
8950 80
8951 78
8952 79
8953 80
8954 87
8955 74
8956 82
8957 94
8958 72
8959 76
8960 104
8961 93
8962 86
8963 77
8964 69
8965 75
8966 75
8967 70
8968 72
8969 73
8970 72
8971 59
8972 94
8973 76
8974 72
8975 75
8976 66
8977 80
8978 76
8979 88
8980 72
8981 71
8982 66
8983 74
8984 79
8985 80
8986 83
8987 74
8988 79
8989 80
8990 74
8991 68
8992 62
8993 89
8994 80
8995 86
8996 82
8997 84
8998 59
8999 74
9000 61
9001 85
9002 86
9003 85
9004 76
9005 80
9006 75
9007 62
9008 70
9009 85
9010 62
9011 73
9012 90
9013 74
9014 76
9015 78
9016 84
9017 75
9018 62
9019 71
9020 76
9021 70
9022 66
9023 54
9024 75
9025 95
9026 94
9027 78
9028 81
9029 76
9030 75
9031 68
9032 77
9033 84
9034 72
9035 83
9036 66
9037 79
9038 70
9039 78
9040 89
9041 79
9042 61
9043 72
9044 89
9045 75
9046 72
9047 86
9048 78
9049 76
9050 76
9051 69
9052 67
9053 69
9054 92
9055 63
9056 74
9057 72
9058 84
9059 79
9060 73
9061 74
9062 74
9063 78
9064 71
9065 68
9066 66
9067 59
9068 66
9069 66
9070 68
9071 76
9072 85
9073 67
9074 78
9075 79
9076 95
9077 78
9078 66
9079 55
9080 87
9081 78
9082 68
9083 82
9084 76
9085 56
9086 65
9087 66
9088 63
9089 79
9090 70
9091 70
9092 73
9093 71
9094 85
9095 78
9096 67
9097 75
9098 79
9099 72
9100 81
9101 60
9102 77
9103 88
9104 83
9105 60
9106 75
9107 69
9108 73
9109 85
9110 89
9111 62
9112 61
9113 62
9114 60
9115 74
9116 76
9117 81
9118 91
9119 66
9120 90
9121 74
9122 77
9123 84
9124 59
9125 68
9126 79
9127 63
9128 64
9129 71
9130 49
9131 72
9132 52
9133 68
9134 88
9135 77
9136 84
9137 75
9138 60
9139 63
9140 68
9141 73
9142 72
9143 64
9144 69
9145 90
9146 87
9147 69
9148 60
9149 70
9150 70
9151 74
9152 64
9153 74
9154 65
9155 80
9156 76
9157 78
9158 61
9159 83
9160 83
9161 72
9162 73
9163 78
9164 71
9165 57
9166 68
9167 72
9168 68
9169 74
9170 70
9171 69
9172 61
9173 81
9174 66
9175 74
9176 66
9177 58
9178 57
9179 71
9180 63
9181 77
9182 78
9183 78
9184 62
9185 64
9186 77
9187 66
9188 55
9189 67
9190 82
9191 62
9192 76
9193 65
9194 69
9195 68
9196 60
9197 74
9198 58
9199 81
9200 75
9201 78
9202 68
9203 65
9204 69
9205 56
9206 75
9207 65
9208 82
9209 62
9210 69
9211 80
9212 83
9213 76
9214 72
9215 76
9216 88
9217 83
9218 74
9219 68
9220 66
9221 70
9222 56
9223 71
9224 57
9225 58
9226 65
9227 59
9228 86
9229 58
9230 64
9231 58
9232 73
9233 58
9234 65
9235 68
9236 52
9237 73
9238 61
9239 56
9240 68
9241 66
9242 75
9243 70
9244 68
9245 80
9246 66
9247 76
9248 60
9249 81
9250 56
9251 67
9252 65
9253 76
9254 68
9255 60
9256 63
9257 65
9258 76
9259 74
9260 71
9261 68
9262 66
9263 80
9264 78
9265 71
9266 62
9267 69
9268 55
9269 58
9270 52
9271 75
9272 80
9273 73
9274 60
9275 63
9276 64
9277 72
9278 76
9279 78
9280 75
9281 60
9282 74
9283 73
9284 76
9285 54
9286 73
9287 81
9288 73
9289 59
9290 69
9291 81
9292 61
9293 63
9294 82
9295 68
9296 66
9297 63
9298 69
9299 81
9300 75
9301 76
9302 75
9303 86
9304 70
9305 67
9306 61
9307 68
9308 73
9309 60
9310 74
9311 77
9312 56
9313 70
9314 69
9315 69
9316 76
9317 79
9318 77
9319 64
9320 57
9321 78
9322 81
9323 68
9324 70
9325 87
9326 72
9327 73
9328 68
9329 69
9330 62
9331 74
9332 70
9333 88
9334 62
9335 68
9336 66
9337 73
9338 60
9339 59
9340 70
9341 72
9342 76
9343 70
9344 62
9345 72
9346 66
9347 75
9348 74
9349 88
9350 76
9351 70
9352 68
9353 82
9354 71
9355 82
9356 80
9357 75
9358 86
9359 69
9360 65
9361 61
9362 67
9363 89
9364 61
9365 78
9366 56
9367 70
9368 66
9369 60
9370 72
9371 71
9372 89
9373 78
9374 70
9375 64
9376 82
9377 78
9378 65
9379 72
9380 76
9381 71
9382 54
9383 82
9384 77
9385 78
9386 71
9387 76
9388 63
9389 66
9390 79
9391 62
9392 61
9393 72
9394 69
9395 82
9396 64
9397 93
9398 65
9399 64
9400 59
9401 75
9402 79
9403 76
9404 74
9405 65
9406 58
9407 74
9408 70
9409 74
9410 58
9411 65
9412 72
9413 80
9414 54
9415 78
9416 68
9417 83
9418 89
9419 76
9420 72
9421 52
9422 65
9423 79
9424 69
9425 61
9426 72
9427 76
9428 88
9429 77
9430 83
9431 67
9432 86
9433 61
9434 86
9435 71
9436 67
9437 66
9438 77
9439 68
9440 82
9441 75
9442 79
9443 81
9444 83
9445 66
9446 71
9447 81
9448 70
9449 80
9450 78
9451 83
9452 79
9453 76
9454 83
9455 60
9456 65
9457 76
9458 71
9459 77
9460 70
9461 69
9462 59
9463 86
9464 67
9465 83
9466 66
9467 61
9468 76
9469 78
9470 71
9471 58
9472 57
9473 69
9474 62
9475 59
9476 70
9477 60
9478 61
9479 69
9480 63
9481 53
9482 71
9483 85
9484 58
9485 54
9486 55
9487 65
9488 66
9489 67
9490 50
9491 66
9492 55
9493 66
9494 67
9495 73
9496 57
9497 62
9498 64
9499 55
9500 57
9501 52
9502 75
9503 79
9504 78
9505 44
9506 71
9507 65
9508 61
9509 68
9510 64
9511 72
9512 66
9513 69
9514 61
9515 70
9516 79
9517 58
9518 58
9519 79
9520 48
9521 61
9522 81
9523 55
9524 54
9525 74
9526 64
9527 64
9528 65
9529 65
9530 72
9531 70
9532 67
9533 61
9534 64
9535 53
9536 63
9537 70
9538 71
9539 61
9540 55
9541 56
9542 66
9543 63
9544 52
9545 67
9546 41
9547 58
9548 57
9549 67
9550 60
9551 57
9552 56
9553 76
9554 65
9555 73
9556 43
9557 71
9558 63
9559 67
9560 58
9561 60
9562 66
9563 60
9564 65
9565 60
9566 59
9567 62
9568 65
9569 71
9570 61
9571 64
9572 74
9573 68
9574 68
9575 64
9576 68
9577 56
9578 52
9579 61
9580 59
9581 60
9582 68
9583 58
9584 70
9585 63
9586 70
9587 73
9588 70
9589 54
9590 61
9591 69
9592 68
9593 69
9594 65
9595 61
9596 68
9597 70
9598 72
9599 60
9600 64
9601 85
9602 75
9603 59
9604 63
9605 53
9606 67
9607 70
9608 65
9609 70
9610 67
9611 77
9612 77
9613 61
9614 64
9615 60
9616 55
9617 63
9618 74
9619 82
9620 65
9621 69
9622 60
9623 86
9624 60
9625 53
9626 71
9627 59
9628 72
9629 66
9630 66
9631 58
9632 65
9633 54
9634 64
9635 81
9636 73
9637 62
9638 76
9639 62
9640 77
9641 45
9642 50
9643 75
9644 60
9645 72
9646 56
9647 71
9648 58
9649 66
9650 73
9651 48
9652 68
9653 73
9654 59
9655 57
9656 66
9657 69
9658 58
9659 68
9660 71
9661 67
9662 58
9663 82
9664 50
9665 62
9666 59
9667 60
9668 47
9669 63
9670 63
9671 62
9672 46
9673 77
9674 57
9675 80
9676 53
9677 53
9678 67
9679 79
9680 51
9681 66
9682 55
9683 70
9684 60
9685 68
9686 68
9687 69
9688 49
9689 65
9690 64
9691 69
9692 60
9693 66
9694 68
9695 70
9696 62
9697 65
9698 65
9699 63
9700 83
9701 61
9702 59
9703 66
9704 65
9705 69
9706 62
9707 62
9708 57
9709 70
9710 68
9711 72
9712 67
9713 64
9714 65
9715 55
9716 71
9717 70
9718 63
9719 60
9720 55
9721 67
9722 64
9723 76
9724 76
9725 68
9726 58
9727 65
9728 59
9729 74
9730 72
9731 64
9732 57
9733 55
9734 59
9735 63
9736 50
9737 70
9738 70
9739 65
9740 49
9741 62
9742 69
9743 60
9744 72
9745 52
9746 55
9747 60
9748 60
9749 66
9750 62
9751 72
9752 61
9753 41
9754 68
9755 66
9756 62
9757 67
9758 65
9759 62
9760 58
9761 63
9762 57
9763 56
9764 70
9765 53
9766 57
9767 67
9768 55
9769 49
9770 53
9771 50
9772 66
9773 65
9774 56
9775 59
9776 54
9777 54
9778 63
9779 44
9780 61
9781 68
9782 58
9783 67
9784 52
9785 68
9786 64
9787 52
9788 73
9789 72
9790 58
9791 66
9792 51
9793 61
9794 65
9795 43
9796 54
9797 62
9798 57
9799 60
9800 48
9801 65
9802 44
9803 70
9804 64
9805 56
9806 61
9807 65
9808 45
9809 55
9810 59
9811 67
9812 64
9813 58
9814 55
9815 68
9816 59
9817 68
9818 65
9819 69
9820 62
9821 54
9822 65
9823 73
9824 52
9825 53
9826 49
9827 49
9828 55
9829 69
9830 61
9831 66
9832 64
9833 60
9834 69
9835 62
9836 62
9837 50
9838 53
9839 60
9840 83
9841 72
9842 71
9843 53
9844 69
9845 63
9846 60
9847 55
9848 45
9849 44
9850 58
9851 65
9852 46
9853 56
9854 53
9855 64
9856 52
9857 47
9858 55
9859 73
9860 67
9861 65
9862 62
9863 63
9864 55
9865 39
9866 59
9867 49
9868 61
9869 59
9870 56
9871 47
9872 59
9873 56
9874 58
9875 69
9876 50
9877 59
9878 59
9879 67
9880 76
9881 54
9882 50
9883 46
9884 62
9885 47
9886 44
9887 51
9888 49
9889 60
9890 56
9891 57
9892 55
9893 43
9894 60
9895 49
9896 62
9897 68
9898 52
9899 65
9900 56
9901 59
9902 52
9903 64
9904 54
9905 53
9906 56
9907 51
9908 46
9909 54
9910 65
9911 56
9912 53
9913 58
9914 73
9915 51
9916 56
9917 54
9918 49
9919 57
9920 59
9921 58
9922 58
9923 44
9924 65
9925 43
9926 56
9927 57
9928 47
9929 60
9930 58
9931 50
9932 61
9933 59
9934 56
9935 64
9936 71
9937 63
9938 61
9939 56
9940 55
9941 51
9942 59
9943 59
9944 46
9945 56
9946 53
9947 49
9948 46
9949 73
9950 55
9951 59
9952 48
9953 71
9954 62
9955 46
9956 53
9957 61
9958 55
9959 59
9960 45
9961 64
9962 53
9963 52
9964 56
9965 53
9966 54
9967 70
9968 55
9969 62
9970 57
9971 47
9972 52
9973 57
9974 49
9975 45
9976 45
9977 62
9978 44
9979 58
9980 53
9981 53
9982 56
9983 63
9984 64
9985 62
9986 55
9987 48
9988 46
9989 70
9990 46
9991 55
9992 48
9993 46
9994 66
9995 51
9996 55
9997 44
9998 53
9999 44
10000 50
10001 281627
